! 0       OCN + H2 -> CO + N + H2
! 1       H + OCN -> OH + CN
! 2       H + OCN -> NH + CO
! 3       H + OCN -> HCN + O
! 4       O + OCN -> CO + NO
! 5       OCN + H3+ -> H2 + HOCN+
! 6       OCN + H3+ -> H2 + HNCO+
! 7       OCN + GRAIN -> *OCN + GRAIN
! 8       NO + OCN -> N2 + CO2
! 9       NO + OCN -> N2O + CO
!            tot_rate   0          1          2          3          4          5          6          7          8          9          
1.58188e+013 3.40e-015  0.00e+000  8.77e-001  3.50e-019  0.00e+000  7.77e-002  2.09e-002  2.09e-002  2.28e-004  2.63e-004  2.01e-004  
3.50727e+014 3.40e-015  0.00e+000  8.77e-001  3.50e-019  0.00e+000  7.77e-002  2.09e-002  2.09e-002  2.28e-004  2.63e-004  2.01e-004  
5.21628e+015 3.40e-015  0.00e+000  8.77e-001  3.50e-019  0.00e+000  7.77e-002  2.09e-002  2.09e-002  2.29e-004  2.63e-004  2.01e-004  
2.67137e+016 3.37e-015  0.00e+000  8.87e-001  3.74e-019  0.00e+000  7.83e-002  1.51e-002  1.51e-002  8.66e-004  2.66e-004  2.03e-004  
3.33598e+016 3.33e-015  0.00e+000  9.02e-001  1.04e-018  0.00e+000  7.97e-002  6.37e-003  6.37e-003  1.61e-003  2.71e-004  2.07e-004  
3.42055e+016 3.33e-015  0.00e+000  9.02e-001  2.64e-018  0.00e+000  7.97e-002  6.61e-003  6.61e-003  1.21e-003  2.71e-004  2.07e-004  
3.44017e+016 3.33e-015  0.00e+000  9.02e-001  3.76e-018  0.00e+000  7.97e-002  6.67e-003  6.67e-003  1.11e-003  2.71e-004  2.07e-004  
3.46353e+016 3.33e-015  0.00e+000  9.02e-001  6.37e-018  0.00e+000  7.97e-002  6.73e-003  6.73e-003  9.71e-004  2.71e-004  2.07e-004  
3.48860e+016 3.33e-015  0.00e+000  9.02e-001  1.35e-017  0.00e+000  7.97e-002  6.79e-003  6.79e-003  8.24e-004  2.71e-004  2.07e-004  
3.51370e+016 3.33e-015  0.00e+000  9.02e-001  3.70e-017  0.00e+000  7.97e-002  6.88e-003  6.88e-003  6.79e-004  2.71e-004  2.07e-004  
3.53250e+016 3.32e-015  0.00e+000  9.02e-001  1.00e-016  0.00e+000  7.99e-002  6.94e-003  6.94e-003  5.79e-004  2.71e-004  2.07e-004  
3.55515e+016 3.31e-015  0.00e+000  9.03e-001  4.74e-016  0.00e+000  7.97e-002  7.01e-003  7.01e-003  4.62e-004  2.71e-004  2.07e-004  
3.57182e+016 3.30e-015  0.00e+000  9.04e-001  2.09e-015  0.00e+000  7.97e-002  7.10e-003  7.10e-003  3.85e-004  2.71e-004  2.07e-004  
3.58524e+016 3.29e-015  0.00e+000  9.04e-001  8.95e-015  0.00e+000  7.97e-002  7.15e-003  7.15e-003  3.29e-004  2.71e-004  2.07e-004  
3.60047e+016 3.27e-015  0.00e+000  9.04e-001  6.50e-014  8.24e-078  7.97e-002  7.24e-003  7.24e-003  2.69e-004  2.71e-004  2.07e-004  
3.61718e+016 3.25e-015  0.00e+000  9.03e-001  9.40e-013  3.41e-071  7.99e-002  7.34e-003  7.34e-003  2.12e-004  2.72e-004  2.07e-004  
3.62899e+016 3.24e-015  0.00e+000  9.03e-001  8.73e-012  1.15e-065  7.99e-002  7.43e-003  7.43e-003  1.77e-004  2.71e-004  2.07e-004  
3.63893e+016 3.23e-015  0.00e+000  9.03e-001  7.11e-011  1.87e-060  7.98e-002  7.52e-003  7.52e-003  1.51e-004  2.71e-004  2.07e-004  
3.64972e+016 3.22e-015  0.00e+000  9.03e-001  8.63e-010  2.93e-054  7.98e-002  7.63e-003  7.63e-003  1.26e-004  2.71e-004  2.07e-004  
3.66124e+016 3.20e-015  0.00e+000  9.03e-001  1.50e-008  3.69e-047  7.97e-002  7.78e-003  7.78e-003  1.03e-004  2.71e-004  2.07e-004  
3.67348e+016 3.19e-015  0.00e+000  9.03e-001  3.48e-007  2.50e-039  7.96e-002  7.93e-003  7.93e-003  8.31e-005  2.70e-004  2.06e-004  
3.68621e+016 3.17e-015  0.00e+000  9.02e-001  8.83e-006  2.90e-031  7.95e-002  8.14e-003  8.14e-003  6.59e-005  2.71e-004  2.06e-004  
3.69700e+016 3.15e-015  0.00e+000  9.02e-001  1.16e-004  8.00e-025  7.97e-002  8.35e-003  8.35e-003  5.40e-005  2.71e-004  2.06e-004  
3.70376e+016 3.14e-015  0.00e+000  9.01e-001  5.06e-004  4.14e-021  7.96e-002  8.47e-003  8.47e-003  4.78e-005  2.71e-004  2.06e-004  
3.71087e+016 3.14e-015  0.00e+000  8.99e-001  2.08e-003  1.51e-017  7.94e-002  8.58e-003  8.58e-003  4.21e-005  2.70e-004  2.06e-004  
3.71826e+016 3.14e-015  0.00e+000  8.94e-001  7.48e-003  2.77e-014  7.89e-002  8.66e-003  8.66e-003  3.69e-005  2.69e-004  2.05e-004  
3.72589e+016 3.18e-015  0.00e+000  8.81e-001  2.24e-002  1.88e-011  7.77e-002  8.56e-003  8.56e-003  3.21e-005  2.65e-004  2.02e-004  
3.73370e+016 3.27e-015  4.92e-065  8.53e-001  5.35e-002  3.85e-009  7.52e-002  8.25e-003  8.25e-003  2.75e-005  2.56e-004  1.95e-004  
3.74165e+016 3.43e-015  3.06e-049  8.09e-001  1.01e-001  2.32e-007  7.16e-002  7.63e-003  7.63e-003  2.34e-005  2.43e-004  1.85e-004  
3.74829e+016 3.61e-015  2.60e-039  7.67e-001  1.48e-001  3.13e-006  6.78e-002  6.98e-003  6.98e-003  2.05e-005  2.30e-004  1.76e-004  
3.75505e+016 3.82e-015  1.90e-031  7.23e-001  1.97e-001  2.49e-005  6.40e-002  6.21e-003  6.21e-003  1.80e-005  2.01e-004  1.53e-004  
3.76194e+016 4.04e-015  4.95e-025  6.81e-001  2.45e-001  1.38e-004  6.01e-002  5.42e-003  5.42e-003  1.59e-005  1.64e-004  1.25e-004  
3.76839e+016 4.28e-015  5.96e-020  6.41e-001  2.90e-001  5.50e-004  5.66e-002  4.68e-003  4.68e-003  1.43e-005  1.33e-004  1.01e-004  
3.76854e+016 4.28e-015  7.58e-020  6.41e-001  2.90e-001  5.68e-004  5.66e-002  4.68e-003  4.68e-003  1.42e-005  1.32e-004  1.01e-004  
3.76877e+016 4.29e-015  1.13e-019  6.39e-001  2.92e-001  5.95e-004  5.65e-002  4.64e-003  4.64e-003  1.42e-005  1.31e-004  9.99e-005  
3.76917e+016 4.31e-015  2.16e-019  6.36e-001  2.95e-001  6.41e-004  5.62e-002  4.60e-003  4.60e-003  1.41e-005  1.29e-004  9.82e-005  
3.76980e+016 4.33e-015  6.13e-019  6.33e-001  2.98e-001  7.28e-004  5.59e-002  4.53e-003  4.53e-003  1.40e-005  1.26e-004  9.62e-005  
3.77083e+016 4.37e-015  3.21e-018  6.28e-001  3.05e-001  8.89e-004  5.54e-002  4.42e-003  4.42e-003  1.37e-005  1.21e-004  9.25e-005  
3.77248e+016 4.44e-015  4.19e-017  6.18e-001  3.16e-001  1.21e-003  5.45e-002  4.24e-003  4.24e-003  1.34e-005  1.14e-004  8.68e-005  
3.77450e+016 4.52e-015  8.32e-016  6.07e-001  3.28e-001  1.74e-003  5.34e-002  4.03e-003  4.03e-003  1.30e-005  1.05e-004  8.04e-005  
3.77655e+016 4.59e-015  1.29e-014  5.95e-001  3.40e-001  2.44e-003  5.25e-002  3.81e-003  3.81e-003  1.27e-005  9.74e-005  7.43e-005  
3.77936e+016 4.66e-015  1.51e-013  5.86e-001  3.50e-001  3.30e-003  5.15e-002  3.56e-003  3.56e-003  1.23e-005  9.03e-005  6.89e-005  
3.78016e+016 4.68e-015  2.99e-013  5.83e-001  3.52e-001  3.59e-003  5.13e-002  3.50e-003  3.50e-003  1.22e-005  8.82e-005  6.73e-005  
3.78111e+016 4.70e-015  6.76e-013  5.80e-001  3.55e-001  3.98e-003  5.10e-002  3.42e-003  3.42e-003  1.21e-005  8.61e-005  6.57e-005  
3.78273e+016 4.74e-015  2.68e-012  5.74e-001  3.61e-001  4.73e-003  5.05e-002  3.29e-003  3.29e-003  1.19e-005  8.21e-005  6.27e-005  
3.78530e+016 4.81e-015  2.27e-011  5.65e-001  3.70e-001  6.19e-003  4.95e-002  3.10e-003  3.10e-003  1.16e-005  7.61e-005  5.80e-005  
3.78818e+016 4.90e-015  2.25e-010  5.55e-001  3.80e-001  8.29e-003  4.82e-002  2.88e-003  2.88e-003  1.13e-005  6.94e-005  5.29e-005  
3.79076e+016 4.97e-015  1.57e-009  5.45e-001  3.88e-001  1.07e-002  4.71e-002  2.72e-003  2.72e-003  1.11e-005  6.38e-005  4.87e-005  
3.79253e+016 5.03e-015  5.57e-009  5.39e-001  3.94e-001  1.26e-002  4.62e-002  2.59e-003  2.59e-003  1.09e-005  6.03e-005  4.60e-005  
3.79502e+016 5.10e-015  3.04e-008  5.32e-001  4.00e-001  1.58e-002  4.47e-002  2.45e-003  2.45e-003  1.07e-005  5.55e-005  4.24e-005  
3.79755e+016 5.19e-015  1.54e-007  5.24e-001  4.06e-001  1.94e-002  4.29e-002  2.29e-003  2.29e-003  1.05e-005  5.08e-005  3.87e-005  
3.79897e+016 5.24e-015  3.64e-007  5.19e-001  4.10e-001  2.19e-002  4.18e-002  2.21e-003  2.21e-003  1.04e-005  4.84e-005  3.70e-005  
3.79918e+016 5.24e-015  4.14e-007  5.19e-001  4.10e-001  2.23e-002  4.16e-002  2.21e-003  2.21e-003  1.04e-005  4.82e-005  3.68e-005  
3.79956e+016 5.26e-015  5.16e-007  5.17e-001  4.11e-001  2.30e-002  4.13e-002  2.19e-003  2.19e-003  1.03e-005  4.76e-005  3.63e-005  
3.80017e+016 5.28e-015  7.31e-007  5.15e-001  4.13e-001  2.42e-002  4.07e-002  2.16e-003  2.16e-003  1.03e-005  4.66e-005  3.56e-005  
3.80129e+016 5.33e-015  1.35e-006  5.12e-001  4.15e-001  2.63e-002  3.98e-002  2.08e-003  2.08e-003  1.02e-005  4.48e-005  3.41e-005  
3.80319e+016 5.41e-015  3.79e-006  5.07e-001  4.18e-001  3.03e-002  3.77e-002  2.00e-003  2.00e-003  1.01e-005  4.20e-005  3.20e-005  
3.80578e+016 5.53e-015  1.43e-005  4.99e-001  4.23e-001  3.65e-002  3.45e-002  1.86e-003  1.86e-003  9.87e-006  3.82e-005  2.91e-005  
3.80629e+016 5.55e-015  1.82e-005  4.99e-001  4.23e-001  3.78e-002  3.38e-002  1.84e-003  1.84e-003  9.83e-006  3.74e-005  2.86e-005  
3.80713e+016 5.59e-015  2.68e-005  4.95e-001  4.25e-001  4.00e-002  3.27e-002  1.81e-003  1.81e-003  9.78e-006  3.65e-005  2.79e-005  
3.80859e+016 5.67e-015  5.10e-005  4.92e-001  4.27e-001  4.39e-002  3.07e-002  1.74e-003  1.74e-003  9.68e-006  3.48e-005  2.65e-005  
3.81083e+016 5.82e-015  1.36e-004  4.87e-001  4.30e-001  5.05e-002  2.70e-002  1.64e-003  1.64e-003  9.49e-006  3.20e-005  2.44e-005  
3.81265e+016 5.92e-015  2.89e-004  4.83e-001  4.31e-001  5.67e-002  2.38e-002  1.57e-003  1.57e-003  9.37e-006  2.99e-005  2.28e-005  
3.81480e+016 6.07e-015  6.26e-004  4.81e-001  4.29e-001  6.40e-002  2.01e-002  1.49e-003  1.49e-003  9.23e-006  2.79e-005  2.13e-005  
3.81769e+016 6.28e-015  1.80e-003  4.78e-001  4.25e-001  7.56e-002  1.49e-002  1.39e-003  1.39e-003  9.06e-006  2.52e-005  1.91e-005  
3.81836e+016 6.34e-015  2.24e-003  4.76e-001  4.24e-001  7.84e-002  1.37e-002  1.37e-003  1.37e-003  9.01e-006  2.45e-005  1.88e-005  
3.81952e+016 6.45e-015  3.21e-003  4.74e-001  4.23e-001  8.29e-002  1.18e-002  1.33e-003  1.33e-003  8.93e-006  2.36e-005  1.80e-005  
3.82149e+016 6.66e-015  5.93e-003  4.70e-001  4.19e-001  9.15e-002  8.70e-003  1.27e-003  1.27e-003  8.79e-006  2.19e-005  1.67e-005  
3.82433e+016 7.04e-015  1.34e-002  4.62e-001  4.12e-001  1.04e-001  5.06e-003  1.17e-003  1.17e-003  8.54e-006  1.96e-005  1.51e-005  
3.82740e+016 7.56e-015  2.98e-002  4.48e-001  3.99e-001  1.17e-001  2.37e-003  1.08e-003  1.08e-003  8.25e-006  1.75e-005  1.34e-005  
3.83054e+016 8.33e-015  6.07e-002  4.27e-001  3.81e-001  1.27e-001  8.68e-004  9.83e-004  9.83e-004  7.86e-006  1.52e-005  1.17e-005  
3.83376e+016 9.50e-015  1.14e-001  3.96e-001  3.53e-001  1.35e-001  2.32e-004  8.75e-004  8.75e-004  7.34e-006  1.31e-005  9.99e-006  
3.83751e+016 1.18e-014  2.08e-001  3.46e-001  3.08e-001  1.35e-001  3.21e-005  7.32e-004  7.32e-004  6.47e-006  1.05e-005  8.00e-006  
3.84132e+016 1.55e-014  3.37e-001  2.90e-001  2.58e-001  1.13e-001  3.36e-006  5.90e-004  5.90e-004  5.48e-006  8.09e-006  6.19e-006  
3.84531e+016 2.23e-014  4.80e-001  2.27e-001  2.02e-001  8.89e-002  9.38e-007  4.44e-004  4.44e-004  4.34e-006  6.33e-006  4.80e-006  
3.84962e+016 3.51e-014  6.18e-001  1.67e-001  1.49e-001  6.52e-002  6.21e-007  3.13e-004  3.13e-004  3.22e-006  4.61e-006  3.50e-006  
3.85449e+016 6.07e-014  7.34e-001  1.16e-001  1.03e-001  4.55e-002  4.28e-007  2.06e-004  2.06e-004  2.26e-006  3.15e-006  2.40e-006  
3.85990e+016 1.09e-013  8.19e-001  7.91e-002  7.05e-002  3.09e-002  3.07e-007  1.34e-004  1.34e-004  1.55e-006  2.11e-006  1.61e-006  
3.86597e+016 1.90e-013  8.76e-001  5.44e-002  4.82e-002  2.12e-002  2.61e-007  8.65e-005  8.65e-005  1.07e-006  1.41e-006  1.08e-006  
3.87288e+016 3.09e-013  9.13e-001  3.82e-002  3.40e-002  1.49e-002  2.88e-007  5.70e-005  5.70e-005  7.44e-007  9.55e-007  7.28e-007  
3.88139e+016 4.63e-013  9.36e-001  2.79e-002  2.49e-002  1.09e-002  3.48e-007  3.78e-005  3.78e-005  5.28e-007  6.49e-007  4.95e-007  
3.89093e+016 5.73e-013  9.49e-001  2.25e-002  2.01e-002  8.79e-003  4.29e-007  2.63e-005  2.63e-005  3.94e-007  4.62e-007  3.52e-007  
3.90068e+016 5.60e-013  9.53e-001  2.05e-002  1.82e-002  8.01e-003  5.25e-007  2.00e-005  2.00e-005  3.18e-007  3.55e-007  2.71e-007  
3.91088e+016 4.26e-013  9.53e-001  2.07e-002  1.84e-002  8.10e-003  6.22e-007  1.59e-005  1.59e-005  2.70e-007  2.86e-007  2.18e-007  
3.92181e+016 2.42e-013  9.48e-001  2.27e-002  2.03e-002  8.90e-003  7.16e-007  1.30e-005  1.30e-005  2.36e-007  2.38e-007  1.82e-007  
3.93325e+016 9.97e-014  9.39e-001  2.66e-002  2.38e-002  1.04e-002  7.92e-007  1.11e-005  1.11e-005  2.15e-007  2.07e-007  1.58e-007  
3.94519e+016 3.04e-014  9.26e-001  3.22e-002  2.87e-002  1.26e-002  8.41e-007  9.76e-006  9.76e-006  2.02e-007  1.84e-007  1.40e-007  
3.95803e+016 7.43e-015  9.09e-001  3.99e-002  3.55e-002  1.56e-002  8.58e-007  8.74e-006  8.74e-006  1.95e-007  1.68e-007  1.28e-007  
3.97190e+016 2.46e-015  8.87e-001  4.96e-002  4.43e-002  1.94e-002  8.34e-007  8.01e-006  8.01e-006  1.94e-007  1.58e-007  1.20e-007  
3.98699e+016 1.84e-015  8.59e-001  6.15e-002  5.49e-002  2.41e-002  7.78e-007  7.51e-006  7.51e-006  1.99e-007  1.52e-007  1.16e-007  
4.00514e+016 1.86e-015  8.23e-001  7.75e-002  6.89e-002  3.02e-002  6.78e-007  7.16e-006  7.16e-006  2.10e-007  1.50e-007  1.14e-007  
4.02549e+016 1.87e-015  7.82e-001  9.53e-002  8.52e-002  3.74e-002  5.57e-007  6.91e-006  6.91e-006  2.28e-007  1.49e-007  1.14e-007  
4.04761e+016 1.80e-015  7.35e-001  1.16e-001  1.04e-001  4.54e-002  4.35e-007  6.85e-006  6.85e-006  2.55e-007  1.52e-007  1.16e-007  
4.07070e+016 1.66e-015  6.85e-001  1.38e-001  1.23e-001  5.40e-002  3.32e-007  6.85e-006  6.85e-006  2.90e-007  1.57e-007  1.20e-007  
4.09451e+016 1.49e-015  6.33e-001  1.61e-001  1.43e-001  6.29e-002  2.49e-007  6.97e-006  6.97e-006  3.34e-007  1.65e-007  1.25e-007  
4.11988e+016 1.28e-015  5.74e-001  1.86e-001  1.66e-001  7.30e-002  1.85e-007  7.16e-006  7.16e-006  3.95e-007  1.75e-007  1.33e-007  
4.14624e+016 1.04e-015  5.09e-001  2.15e-001  1.91e-001  8.41e-002  1.38e-007  7.45e-006  7.45e-006  4.73e-007  1.87e-007  1.42e-007  
4.17462e+016 7.98e-016  4.35e-001  2.48e-001  2.20e-001  9.69e-002  1.06e-007  7.80e-006  7.80e-006  5.77e-007  2.03e-007  1.54e-007  
4.20512e+016 5.76e-016  3.51e-001  2.85e-001  2.53e-001  1.11e-001  8.66e-008  8.19e-006  8.19e-006  7.13e-007  2.22e-007  1.69e-007  
4.23867e+016 3.93e-016  2.60e-001  3.23e-001  2.90e-001  1.27e-001  7.61e-008  8.55e-006  8.55e-006  8.91e-007  2.43e-007  1.85e-007  
4.27356e+016 2.69e-016  1.74e-001  3.62e-001  3.22e-001  1.41e-001  7.37e-008  8.75e-006  8.75e-006  1.10e-006  2.64e-007  2.01e-007  
4.30994e+016 2.01e-016  1.03e-001  3.93e-001  3.50e-001  1.54e-001  9.07e-008  8.77e-006  8.77e-006  1.34e-006  2.81e-007  2.14e-007  
4.34671e+016 1.72e-016  5.41e-002  4.14e-001  3.69e-001  1.62e-001  1.27e-007  8.51e-006  8.51e-006  1.60e-006  2.93e-007  2.24e-007  
4.38104e+016 1.65e-016  2.65e-002  4.26e-001  3.80e-001  1.67e-001  1.42e-007  8.11e-006  8.11e-006  1.84e-006  3.00e-007  2.29e-007  
4.41007e+016 1.55e-016  1.32e-002  4.32e-001  3.86e-001  1.69e-001  1.35e-007  7.75e-006  7.75e-006  2.05e-006  3.04e-007  2.32e-007  
4.42181e+016 1.53e-016  9.50e-003  4.34e-001  3.87e-001  1.70e-001  1.32e-007  7.60e-006  7.60e-006  2.14e-006  3.17e-007  2.42e-007  
4.42811e+016 1.50e-016  7.47e-003  4.35e-001  3.88e-001  1.70e-001  1.36e-007  7.47e-006  7.47e-006  2.19e-006  3.27e-007  2.49e-007  
4.43809e+016 1.48e-016  6.23e-003  4.37e-001  3.90e-001  1.67e-001  1.34e-007  7.36e-006  7.36e-006  2.28e-006  3.36e-007  2.56e-007  
4.45030e+016 1.38e-016  4.58e-003  4.42e-001  3.94e-001  1.59e-001  1.26e-007  7.24e-006  7.24e-006  2.40e-006  3.51e-007  2.68e-007  
4.45401e+016 1.30e-016  3.44e-003  4.46e-001  3.98e-001  1.52e-001  1.21e-007  7.25e-006  7.25e-006  2.45e-006  3.66e-007  2.79e-007  
4.45998e+016 1.16e-016  2.82e-003  4.49e-001  4.00e-001  1.47e-001  1.15e-007  7.20e-006  7.20e-006  2.52e-006  3.76e-007  2.87e-007  
4.46779e+016 1.15e-016  2.57e-003  4.50e-001  4.01e-001  1.46e-001  1.13e-007  7.09e-006  7.09e-006  2.60e-006  3.81e-007  2.91e-007  
4.48006e+016 1.08e-016  1.87e-003  4.55e-001  4.06e-001  1.38e-001  1.06e-007  6.97e-006  6.97e-006  2.73e-006  3.97e-007  3.03e-007  
4.48529e+016 9.99e-017  1.06e-003  4.61e-001  4.11e-001  1.26e-001  1.00e-007  6.99e-006  6.99e-006  2.82e-006  4.27e-007  3.25e-007  
4.48834e+016 8.80e-017  9.46e-004  4.63e-001  4.13e-001  1.24e-001  9.18e-008  6.97e-006  6.97e-006  2.86e-006  4.33e-007  3.31e-007  
4.49346e+016 8.47e-017  9.39e-004  4.63e-001  4.12e-001  1.24e-001  9.15e-008  6.87e-006  6.87e-006  2.92e-006  4.33e-007  3.31e-007  
4.49870e+016 8.57e-017  8.96e-004  4.63e-001  4.13e-001  1.23e-001  9.08e-008  6.79e-006  6.79e-006  2.96e-006  4.35e-007  3.31e-007  
4.50684e+016 8.39e-017  7.37e-004  4.65e-001  4.15e-001  1.19e-001  8.75e-008  6.70e-006  6.70e-006  3.06e-006  4.46e-007  3.40e-007  
4.51867e+016 7.72e-017  4.99e-004  4.69e-001  4.18e-001  1.12e-001  8.08e-008  6.57e-006  6.57e-006  3.21e-006  4.66e-007  3.55e-007  
4.51946e+016 7.44e-017  2.78e-004  4.74e-001  4.23e-001  1.02e-001  8.02e-008  6.64e-006  6.64e-006  3.26e-006  4.97e-007  3.79e-007  
4.52061e+016 6.89e-017  2.48e-004  4.76e-001  4.24e-001  1.01e-001  7.31e-008  6.63e-006  6.63e-006  3.28e-006  5.02e-007  3.83e-007  
4.52265e+016 6.31e-017  2.47e-004  4.76e-001  4.23e-001  1.01e-001  6.96e-008  6.60e-006  6.60e-006  3.30e-006  5.03e-007  3.84e-007  
4.52632e+016 6.07e-017  2.47e-004  4.76e-001  4.23e-001  1.00e-001  6.93e-008  6.52e-006  6.52e-006  3.34e-006  5.02e-007  3.82e-007  
4.53239e+016 6.20e-017  2.42e-004  4.76e-001  4.24e-001  1.00e-001  6.93e-008  6.40e-006  6.40e-006  3.42e-006  5.03e-007  3.84e-007  
4.54167e+016 6.17e-017  1.95e-004  4.77e-001  4.26e-001  9.68e-002  6.65e-008  6.26e-006  6.26e-006  3.53e-006  5.14e-007  3.92e-007  
4.55446e+016 5.70e-017  1.22e-004  4.80e-001  4.29e-001  9.01e-002  6.05e-008  6.07e-006  6.07e-006  3.72e-006  5.38e-007  4.10e-007  
4.55658e+016 5.60e-017  9.65e-005  4.82e-001  4.31e-001  8.68e-002  5.97e-008  6.06e-006  6.06e-006  3.77e-006  5.50e-007  4.20e-007  
4.55697e+016 5.46e-017  5.52e-005  4.86e-001  4.34e-001  7.97e-002  5.96e-008  6.10e-006  6.10e-006  3.79e-006  5.79e-007  4.42e-007  
4.55761e+016 5.18e-017  4.73e-005  4.88e-001  4.34e-001  7.79e-002  5.67e-008  6.11e-006  6.11e-006  3.80e-006  5.88e-007  4.48e-007  
4.55871e+016 4.83e-017  4.70e-005  4.87e-001  4.35e-001  7.79e-002  5.20e-008  6.09e-006  6.09e-006  3.83e-006  5.88e-007  4.48e-007  
4.56066e+016 4.51e-017  4.70e-005  4.88e-001  4.35e-001  7.76e-002  4.94e-008  6.03e-006  6.03e-006  3.84e-006  5.88e-007  4.48e-007  
4.56410e+016 4.41e-017  4.69e-005  4.87e-001  4.35e-001  7.77e-002  4.92e-008  5.98e-006  5.98e-006  3.90e-006  5.87e-007  4.49e-007  
4.56849e+016 4.51e-017  4.70e-005  4.88e-001  4.35e-001  7.76e-002  4.92e-008  5.90e-006  5.90e-006  3.95e-006  5.88e-007  4.48e-007  
4.57241e+016 4.60e-017  4.48e-005  4.87e-001  4.35e-001  7.73e-002  4.90e-008  5.83e-006  5.83e-006  4.00e-006  5.90e-007  4.50e-007  
4.57850e+016 4.61e-017  3.82e-005  4.88e-001  4.36e-001  7.53e-002  4.75e-008  5.73e-006  5.73e-006  4.10e-006  5.99e-007  4.56e-007  
4.58802e+016 4.46e-017  2.67e-005  4.91e-001  4.37e-001  7.13e-002  4.44e-008  5.61e-006  5.61e-006  4.26e-006  6.19e-007  4.71e-007  
4.59720e+016 4.28e-017  1.75e-005  4.93e-001  4.40e-001  6.69e-002  4.09e-008  5.47e-006  5.47e-006  4.42e-006  6.38e-007  4.86e-007  
4.59734e+016 4.25e-017  1.33e-005  4.94e-001  4.42e-001  6.42e-002  4.09e-008  5.50e-006  5.50e-006  4.42e-006  6.54e-007  4.98e-007  
4.59759e+016 4.18e-017  7.42e-006  4.98e-001  4.43e-001  5.89e-002  4.12e-008  5.53e-006  5.53e-006  4.45e-006  6.82e-007  5.22e-007  
4.59802e+016 4.05e-017  5.78e-006  4.99e-001  4.45e-001  5.66e-002  4.03e-008  5.53e-006  5.53e-006  4.47e-006  6.96e-007  5.31e-007  
4.59873e+016 3.87e-017  5.71e-006  4.99e-001  4.45e-001  5.66e-002  3.80e-008  5.53e-006  5.53e-006  4.47e-006  6.98e-007  5.32e-007  
4.59993e+016 3.69e-017  5.69e-006  4.99e-001  4.45e-001  5.64e-002  3.50e-008  5.48e-006  5.48e-006  4.47e-006  6.97e-007  5.31e-007  
4.60196e+016 3.54e-017  5.71e-006  5.00e-001  4.43e-001  5.65e-002  3.31e-008  5.48e-006  5.48e-006  4.52e-006  6.98e-007  5.31e-007  
4.60580e+016 3.53e-017  5.72e-006  4.99e-001  4.45e-001  5.67e-002  3.26e-008  5.41e-006  5.41e-006  4.59e-006  7.00e-007  5.33e-007  
4.61139e+016 3.66e-017  5.63e-006  4.98e-001  4.46e-001  5.63e-002  3.25e-008  5.31e-006  5.31e-006  4.68e-006  6.97e-007  5.33e-007  
4.61801e+016 3.76e-017  4.87e-006  5.00e-001  4.44e-001  5.51e-002  3.19e-008  5.22e-006  5.22e-006  4.79e-006  7.05e-007  5.38e-007  
4.62829e+016 3.78e-017  3.20e-006  5.03e-001  4.45e-001  5.22e-002  2.99e-008  5.08e-006  5.08e-006  5.00e-006  7.31e-007  5.56e-007  
4.63958e+016 3.76e-017  1.78e-006  5.08e-001  4.44e-001  4.79e-002  2.71e-008  4.95e-006  4.95e-006  5.24e-006  7.63e-007  5.82e-007  
4.64165e+016 3.75e-017  1.47e-006  5.10e-001  4.43e-001  4.67e-002  2.67e-008  4.94e-006  4.94e-006  5.29e-006  7.74e-007  5.90e-007  
4.64187e+016 3.70e-017  7.81e-007  5.14e-001  4.43e-001  4.27e-002  2.70e-008  4.98e-006  4.98e-006  5.35e-006  8.11e-007  6.19e-007  
4.64224e+016 3.62e-017  4.36e-007  5.19e-001  4.42e-001  3.95e-002  2.73e-008  5.02e-006  5.02e-006  5.41e-006  8.50e-007  6.49e-007  
4.64286e+016 3.58e-017  3.69e-007  5.20e-001  4.42e-001  3.86e-002  2.67e-008  5.03e-006  5.03e-006  5.42e-006  8.58e-007  6.54e-007  
4.64396e+016 3.52e-017  3.67e-007  5.21e-001  4.41e-001  3.84e-002  2.52e-008  5.01e-006  5.01e-006  5.43e-006  8.59e-007  6.54e-007  
4.64596e+016 3.45e-017  3.65e-007  5.21e-001  4.40e-001  3.85e-002  2.33e-008  4.98e-006  4.98e-006  5.47e-006  8.57e-007  6.54e-007  
4.64933e+016 3.44e-017  3.66e-007  5.20e-001  4.42e-001  3.83e-002  2.21e-008  4.91e-006  4.91e-006  5.55e-006  8.57e-007  6.54e-007  
4.65501e+016 3.52e-017  3.64e-007  5.21e-001  4.41e-001  3.84e-002  2.18e-008  4.84e-006  4.84e-006  5.66e-006  8.59e-007  6.54e-007  
4.66259e+016 3.66e-017  3.12e-007  5.22e-001  4.40e-001  3.75e-002  2.15e-008  4.73e-006  4.73e-006  5.82e-006  8.67e-007  6.62e-007  
4.67450e+016 3.82e-017  1.79e-007  5.26e-001  4.39e-001  3.48e-002  2.06e-008  4.60e-006  4.60e-006  6.12e-006  9.05e-007  6.91e-007  
4.68726e+016 3.99e-017  7.94e-008  5.31e-001  4.38e-001  3.10e-002  1.95e-008  4.46e-006  4.46e-006  6.43e-006  9.49e-007  7.24e-007  
4.69009e+016 4.03e-017  6.47e-008  5.33e-001  4.36e-001  3.03e-002  1.93e-008  4.41e-006  4.41e-006  6.52e-006  9.62e-007  7.34e-007  
4.69024e+016 4.02e-017  5.37e-008  5.35e-001  4.35e-001  2.96e-002  1.94e-008  4.43e-006  4.43e-006  6.54e-006  9.73e-007  7.41e-007  
4.69048e+016 4.00e-017  3.35e-008  5.37e-001  4.35e-001  2.77e-002  1.96e-008  4.45e-006  4.45e-006  6.57e-006  1.00e-006  7.65e-007  
4.69090e+016 4.00e-017  1.78e-008  5.42e-001  4.32e-001  2.55e-002  1.99e-008  4.50e-006  4.50e-006  6.65e-006  1.04e-006  7.95e-007  
4.69160e+016 4.06e-017  1.00e-008  5.45e-001  4.31e-001  2.36e-002  2.03e-008  4.51e-006  4.51e-006  6.71e-006  1.08e-006  8.24e-007  
4.69279e+016 4.14e-017  8.70e-009  5.46e-001  4.30e-001  2.31e-002  2.06e-008  4.50e-006  4.50e-006  6.75e-006  1.09e-006  8.29e-007  
4.69476e+016 4.14e-017  8.58e-009  5.46e-001  4.30e-001  2.31e-002  2.05e-008  4.47e-006  4.47e-006  6.77e-006  1.09e-006  8.29e-007  
4.69806e+016 4.08e-017  8.55e-009  5.46e-001  4.31e-001  2.30e-002  2.02e-008  4.43e-006  4.43e-006  6.83e-006  1.08e-006  8.28e-007  
4.70337e+016 4.04e-017  8.53e-009  5.47e-001  4.30e-001  2.30e-002  2.00e-008  4.35e-006  4.35e-006  6.97e-006  1.09e-006  8.29e-007  
4.70622e+016 4.05e-017  8.34e-009  5.45e-001  4.32e-001  2.30e-002  1.99e-008  4.32e-006  4.32e-006  7.06e-006  1.09e-006  8.31e-007  
4.71061e+016 4.10e-017  7.43e-009  5.46e-001  4.31e-001  2.26e-002  1.99e-008  4.27e-006  4.27e-006  7.17e-006  1.10e-006  8.36e-007  
4.71746e+016 4.22e-017  5.38e-009  5.50e-001  4.29e-001  2.17e-002  2.01e-008  4.17e-006  4.17e-006  7.37e-006  1.12e-006  8.50e-007  
4.72860e+016 4.41e-017  2.52e-009  5.54e-001  4.27e-001  1.96e-002  2.11e-008  4.06e-006  4.06e-006  7.72e-006  1.16e-006  8.87e-007  
4.74240e+016 4.57e-017  7.86e-010  5.61e-001  4.23e-001  1.68e-002  2.34e-008  3.92e-006  3.92e-006  8.19e-006  1.24e-006  9.44e-007  
4.74305e+016 4.57e-017  7.40e-010  5.61e-001  4.23e-001  1.67e-002  2.37e-008  3.92e-006  3.92e-006  8.23e-006  1.24e-006  9.46e-007  
4.74313e+016 4.58e-017  7.28e-010  5.62e-001  4.22e-001  1.66e-002  2.36e-008  3.91e-006  3.91e-006  8.22e-006  1.24e-006  9.46e-007  
4.74348e+016 4.57e-017  6.36e-010  5.62e-001  4.22e-001  1.63e-002  2.38e-008  3.91e-006  3.91e-006  8.24e-006  1.25e-006  9.53e-007  
4.74406e+016 4.59e-017  4.27e-010  5.64e-001  4.20e-001  1.55e-002  2.42e-008  3.94e-006  3.94e-006  8.28e-006  1.27e-006  9.71e-007  
4.74503e+016 4.68e-017  2.08e-010  5.69e-001  4.17e-001  1.41e-002  2.50e-008  3.96e-006  3.96e-006  8.36e-006  1.32e-006  1.01e-006  
4.74676e+016 4.85e-017  8.51e-011  5.73e-001  4.14e-001  1.25e-002  2.68e-008  3.96e-006  3.96e-006  8.47e-006  1.37e-006  1.05e-006  
4.74972e+016 4.88e-017  4.49e-011  5.76e-001  4.12e-001  1.16e-002  3.03e-008  3.96e-006  3.96e-006  8.61e-006  1.42e-006  1.08e-006  
4.75283e+016 4.70e-017  3.87e-011  5.78e-001  4.10e-001  1.13e-002  3.32e-008  3.93e-006  3.93e-006  8.72e-006  1.43e-006  1.09e-006  
4.75365e+016 4.65e-017  3.83e-011  5.78e-001  4.11e-001  1.13e-002  3.37e-008  3.91e-006  3.91e-006  8.75e-006  1.43e-006  1.09e-006  
4.75556e+016 4.52e-017  3.76e-011  5.77e-001  4.11e-001  1.13e-002  3.52e-008  3.89e-006  3.89e-006  8.80e-006  1.43e-006  1.09e-006  
4.75856e+016 4.36e-017  3.65e-011  5.78e-001  4.11e-001  1.12e-002  3.67e-008  3.85e-006  3.85e-006  8.88e-006  1.43e-006  1.09e-006  
4.76342e+016 4.15e-017  3.16e-011  5.79e-001  4.10e-001  1.11e-002  3.86e-008  3.79e-006  3.79e-006  9.07e-006  1.44e-006  1.10e-006  
4.77120e+016 3.95e-017  2.01e-011  5.82e-001  4.07e-001  1.04e-002  4.13e-008  3.72e-006  3.72e-006  9.34e-006  1.47e-006  1.12e-006  
4.78339e+016 3.70e-017  6.83e-012  5.86e-001  4.05e-001  9.07e-003  4.70e-008  3.59e-006  3.59e-006  9.83e-006  1.54e-006  1.17e-006  
4.79819e+016 3.27e-017  1.25e-012  5.96e-001  3.97e-001  7.30e-003  5.86e-008  3.48e-006  3.48e-006  1.05e-005  1.65e-006  1.26e-006  
4.80101e+016 3.16e-017  8.73e-013  5.98e-001  3.95e-001  6.99e-003  6.17e-008  3.45e-006  3.45e-006  1.06e-005  1.67e-006  1.28e-006  
4.80156e+016 3.14e-017  8.05e-013  5.98e-001  3.95e-001  6.91e-003  6.21e-008  3.47e-006  3.47e-006  1.07e-005  1.68e-006  1.28e-006  
4.80288e+016 3.09e-017  6.50e-013  5.99e-001  3.95e-001  6.73e-003  6.37e-008  3.46e-006  3.46e-006  1.07e-005  1.69e-006  1.29e-006  
4.80511e+016 3.01e-017  4.35e-013  6.01e-001  3.92e-001  6.38e-003  6.61e-008  3.42e-006  3.42e-006  1.08e-005  1.72e-006  1.31e-006  
4.80875e+016 2.86e-017  2.17e-013  6.06e-001  3.89e-001  5.85e-003  7.14e-008  3.41e-006  3.41e-006  1.10e-005  1.76e-006  1.34e-006  
4.81463e+016 2.54e-017  7.75e-014  6.09e-001  3.85e-001  5.15e-003  8.10e-008  3.37e-006  3.37e-006  1.13e-005  1.83e-006  1.40e-006  
4.82445e+016 1.98e-017  1.77e-014  6.17e-001  3.78e-001  4.28e-003  9.87e-008  3.30e-006  3.30e-006  1.18e-005  1.92e-006  1.47e-006  
4.83636e+016 1.40e-017  3.13e-015  6.25e-001  3.72e-001  3.45e-003  1.24e-007  3.22e-006  3.22e-006  1.25e-005  2.04e-006  1.55e-006  
4.84912e+016 9.46e-018  3.77e-016  6.35e-001  3.63e-001  2.65e-003  1.57e-007  3.13e-006  3.13e-006  1.32e-005  2.18e-006  1.66e-006  
4.86294e+016 6.17e-018  2.72e-017  6.46e-001  3.52e-001  1.93e-003  1.99e-007  3.05e-006  3.05e-006  1.40e-005  2.35e-006  1.80e-006  
4.87591e+016 4.34e-018  1.69e-018  6.60e-001  3.39e-001  1.38e-003  2.51e-007  3.00e-006  3.00e-006  1.50e-005  2.54e-006  1.94e-006  
4.88968e+016 3.37e-018  6.31e-020  6.73e-001  3.26e-001  9.25e-004  3.14e-007  2.91e-006  2.91e-006  1.59e-005  2.75e-006  2.10e-006  
4.90444e+016 2.94e-018  1.16e-021  6.90e-001  3.10e-001  5.78e-004  3.94e-007  2.85e-006  2.85e-006  1.71e-005  3.02e-006  2.30e-006  
4.91980e+016 2.86e-018  1.02e-023  7.09e-001  2.90e-001  3.29e-004  4.89e-007  2.78e-006  2.78e-006  1.84e-005  3.32e-006  2.53e-006  
4.93317e+016 2.97e-018  9.39e-026  7.27e-001  2.73e-001  1.90e-004  5.82e-007  2.74e-006  2.74e-006  1.97e-005  3.60e-006  2.76e-006  
4.94239e+016 3.16e-018  2.60e-027  7.41e-001  2.59e-001  1.25e-004  6.52e-007  2.71e-006  2.71e-006  2.05e-005  3.83e-006  2.92e-006  
4.95192e+016 3.46e-018  4.54e-029  7.55e-001  2.45e-001  7.81e-005  7.29e-007  2.68e-006  2.68e-006  2.15e-005  4.08e-006  3.09e-006  
4.96202e+016 3.97e-018  4.46e-031  7.71e-001  2.29e-001  4.56e-005  8.12e-007  2.65e-006  2.65e-006  2.26e-005  4.34e-006  3.30e-006  
4.97297e+016 4.82e-018  1.91e-033  7.88e-001  2.12e-001  2.45e-005  9.09e-007  2.63e-006  2.63e-006  2.39e-005  4.63e-006  3.53e-006  
4.98461e+016 6.28e-018  2.99e-036  8.09e-001  1.91e-001  1.16e-005  1.02e-006  2.60e-006  2.60e-006  2.52e-005  4.95e-006  3.77e-006  
4.99670e+016 8.72e-018  1.86e-039  8.29e-001  1.71e-001  4.99e-006  1.13e-006  2.57e-006  2.57e-006  2.66e-005  5.23e-006  3.99e-006  
5.00936e+016 1.27e-017  3.08e-043  8.52e-001  1.48e-001  1.85e-006  1.25e-006  2.54e-006  2.54e-006  2.82e-005  5.38e-006  4.10e-006  
5.02240e+016 1.89e-017  1.29e-047  8.74e-001  1.26e-001  5.93e-007  1.39e-006  2.52e-006  2.52e-006  3.00e-005  5.51e-006  4.22e-006  
5.03584e+016 2.82e-017  1.24e-052  8.96e-001  1.04e-001  1.60e-007  1.53e-006  2.48e-006  2.48e-006  3.16e-005  5.67e-006  4.32e-006  
5.05026e+016 4.21e-017  7.95e-059  9.19e-001  8.10e-002  3.21e-008  1.68e-006  2.45e-006  2.45e-006  3.32e-005  5.79e-006  4.42e-006  
5.05959e+016 5.33e-017  6.14e-063  9.31e-001  6.85e-002  1.11e-008  1.78e-006  2.42e-006  2.42e-006  3.46e-005  5.88e-006  4.47e-006  
5.06957e+016 6.69e-017  1.52e-067  9.43e-001  5.68e-002  3.36e-009  1.88e-006  2.38e-006  2.38e-006  3.57e-005  5.95e-006  4.53e-006  
5.07988e+016 8.27e-017  1.62e-072  9.54e-001  4.63e-002  9.33e-010  1.98e-006  2.34e-006  2.34e-006  3.70e-005  6.02e-006  4.59e-006  
5.09058e+016 1.01e-016  1.33e-077  9.63e-001  3.74e-002  2.52e-010  2.09e-006  2.31e-006  2.31e-006  3.83e-005  6.07e-006  4.63e-006  
5.10237e+016 1.23e-016  0.00e+000  9.71e-001  2.91e-002  5.53e-011  2.19e-006  2.25e-006  2.25e-006  3.96e-005  6.11e-006  4.66e-006  
5.11496e+016 1.46e-016  0.00e+000  9.78e-001  2.23e-002  1.07e-011  2.32e-006  2.21e-006  2.21e-006  4.11e-005  6.17e-006  4.71e-006  
5.12843e+016 1.73e-016  0.00e+000  9.83e-001  1.66e-002  1.86e-012  2.42e-006  2.15e-006  2.15e-006  4.25e-005  6.19e-006  4.73e-006  
5.14296e+016 2.00e-016  0.00e+000  9.88e-001  1.19e-002  2.56e-013  2.55e-006  2.09e-006  2.09e-006  4.42e-005  6.24e-006  4.77e-006  
5.15425e+016 2.22e-016  0.00e+000  9.91e-001  9.23e-003  5.85e-014  2.63e-006  2.03e-006  2.03e-006  4.50e-005  6.21e-006  4.77e-006  
5.16792e+016 2.45e-016  0.00e+000  9.93e-001  6.87e-003  1.01e-014  2.74e-006  1.97e-006  1.97e-006  4.66e-005  6.25e-006  4.78e-006  
5.18319e+016 2.67e-016  0.00e+000  9.95e-001  4.86e-003  1.29e-015  2.85e-006  1.91e-006  1.91e-006  4.83e-005  6.28e-006  4.79e-006  
5.19950e+016 2.88e-016  0.00e+000  9.97e-001  3.18e-003  1.11e-016  2.95e-006  1.84e-006  1.84e-006  5.00e-005  6.29e-006  4.79e-006  
5.21655e+016 3.03e-016  0.00e+000  9.98e-001  2.12e-003  1.05e-017  3.06e-006  1.78e-006  1.78e-006  5.19e-005  6.28e-006  4.79e-006  
5.23457e+016 3.12e-016  0.00e+000  9.99e-001  1.37e-003  8.16e-019  3.17e-006  1.72e-006  1.72e-006  5.38e-005  6.30e-006  4.80e-006  
5.25384e+016 3.17e-016  0.00e+000  9.99e-001  8.98e-004  7.00e-020  3.28e-006  1.65e-006  1.65e-006  5.58e-005  6.30e-006  4.82e-006  
5.27451e+016 3.19e-016  0.00e+000  9.99e-001  5.58e-004  4.45e-021  3.38e-006  1.59e-006  1.59e-006  5.80e-005  6.30e-006  4.79e-006  
5.29668e+016 3.18e-016  0.00e+000  1.00e+000  3.58e-004  3.43e-022  3.46e-006  1.52e-006  1.52e-006  6.04e-005  6.29e-006  4.81e-006  
5.31993e+016 3.16e-016  0.00e+000  1.00e+000  2.18e-004  1.90e-023  3.57e-006  1.46e-006  1.46e-006  6.26e-005  6.30e-006  4.81e-006  
5.34440e+016 3.15e-016  0.00e+000  1.00e+000  1.41e-004  1.54e-024  3.65e-006  1.40e-006  1.40e-006  6.54e-005  6.32e-006  4.79e-006  
5.36995e+016 3.16e-016  0.00e+000  1.00e+000  8.48e-005  8.10e-026  3.70e-006  1.34e-006  1.34e-006  6.77e-005  6.30e-006  4.81e-006  
5.39765e+016 3.19e-016  0.00e+000  1.00e+000  5.45e-005  6.49e-027  3.79e-006  1.29e-006  1.29e-006  7.05e-005  6.30e-006  4.80e-006  
5.42627e+016 3.22e-016  0.00e+000  1.00e+000  3.38e-005  4.04e-028  3.85e-006  1.25e-006  1.25e-006  7.36e-005  6.30e-006  4.81e-006  
5.45738e+016 3.28e-016  0.00e+000  1.00e+000  2.01e-005  2.05e-029  3.87e-006  1.19e-006  1.19e-006  7.65e-005  6.28e-006  4.79e-006  
5.49079e+016 3.33e-016  0.00e+000  1.00e+000  1.26e-005  1.39e-030  3.90e-006  1.15e-006  1.15e-006  7.96e-005  6.28e-006  4.77e-006  
5.52575e+016 3.38e-016  0.00e+000  1.00e+000  7.66e-006  7.87e-032  3.93e-006  1.11e-006  1.11e-006  8.25e-005  6.27e-006  4.79e-006  
5.56155e+016 3.42e-016  0.00e+000  1.00e+000  4.47e-006  3.51e-033  3.95e-006  1.08e-006  1.08e-006  8.54e-005  6.26e-006  4.77e-006  
5.59918e+016 3.45e-016  0.00e+000  1.00e+000  2.84e-006  2.60e-034  3.94e-006  1.04e-006  1.04e-006  8.81e-005  6.26e-006  4.75e-006  
5.63913e+016 3.46e-016  0.00e+000  1.00e+000  1.76e-006  1.68e-035  3.93e-006  1.02e-006  1.02e-006  9.05e-005  6.24e-006  4.77e-006  
5.68226e+016 3.44e-016  0.00e+000  1.00e+000  1.04e-006  8.34e-037  3.95e-006  1.03e-006  1.03e-006  9.30e-005  6.22e-006  4.74e-006  
5.72780e+016 3.40e-016  0.00e+000  1.00e+000  5.82e-007  2.93e-038  3.97e-006  1.09e-006  1.09e-006  9.50e-005  6.23e-006  4.76e-006  
5.77650e+016 3.33e-016  0.00e+000  1.00e+000  3.60e-007  1.84e-039  3.99e-006  1.15e-006  1.15e-006  9.70e-005  6.25e-006  4.77e-006  
5.82707e+016 3.25e-016  0.00e+000  1.00e+000  2.18e-007  1.05e-040  4.03e-006  1.22e-006  1.22e-006  9.78e-005  6.25e-006  4.77e-006  
5.88124e+016 3.14e-016  0.00e+000  1.00e+000  1.26e-007  4.49e-042  4.11e-006  1.31e-006  1.31e-006  9.90e-005  6.27e-006  4.78e-006  
5.93801e+016 3.04e-016  0.00e+000  1.00e+000  6.87e-008  1.40e-043  4.21e-006  1.41e-006  1.41e-006  9.93e-005  6.32e-006  4.80e-006  
5.99878e+016 2.94e-016  0.00e+000  1.00e+000  4.15e-008  7.75e-045  4.32e-006  1.53e-006  1.53e-006  9.90e-005  6.36e-006  4.83e-006  
6.06254e+016 2.85e-016  0.00e+000  1.00e+000  2.40e-008  3.33e-046  4.53e-006  1.68e-006  1.68e-006  9.86e-005  6.42e-006  4.91e-006  
6.12860e+016 2.78e-016  0.00e+000  1.00e+000  1.38e-008  1.44e-047  4.78e-006  1.86e-006  1.86e-006  9.78e-005  6.55e-006  5.00e-006  
6.19772e+016 2.75e-016  0.00e+000  1.00e+000  7.93e-009  5.93e-049  5.05e-006  2.06e-006  2.06e-006  9.67e-005  6.69e-006  5.09e-006  
6.27006e+016 2.75e-016  0.00e+000  1.00e+000  4.51e-009  2.31e-050  5.42e-006  2.30e-006  2.30e-006  9.53e-005  6.87e-006  5.24e-006  
6.34752e+016 2.79e-016  0.00e+000  1.00e+000  2.49e-009  7.81e-052  5.84e-006  2.59e-006  2.59e-006  9.35e-005  7.10e-006  5.41e-006  
6.43223e+016 2.87e-016  0.00e+000  1.00e+000  1.32e-009  2.08e-053  6.45e-006  2.96e-006  2.96e-006  9.23e-005  7.42e-006  5.68e-006  
6.52408e+016 3.00e-016  0.00e+000  1.00e+000  6.77e-010  4.53e-055  7.20e-006  3.40e-006  3.40e-006  9.13e-005  7.87e-006  6.00e-006  
6.62440e+016 3.20e-016  0.00e+000  1.00e+000  3.31e-010  7.66e-057  8.12e-006  3.97e-006  3.97e-006  9.00e-005  8.41e-006  6.41e-006  
6.73219e+016 3.46e-016  0.00e+000  1.00e+000  1.57e-010  1.08e-058  9.36e-006  4.71e-006  4.71e-006  8.96e-005  9.13e-006  6.96e-006  
6.84641e+016 3.80e-016  0.00e+000  1.00e+000  7.29e-011  1.34e-060  1.09e-005  5.60e-006  5.60e-006  8.97e-005  1.00e-005  7.63e-006  
6.96945e+016 4.22e-016  0.00e+000  1.00e+000  3.25e-011  1.32e-062  1.29e-005  6.75e-006  6.75e-006  9.07e-005  1.12e-005  8.53e-006  
7.10391e+016 4.75e-016  0.00e+000  1.00e+000  1.44e-011  1.26e-064  1.56e-005  8.25e-006  8.25e-006  9.26e-005  1.27e-005  9.66e-006  
7.25155e+016 5.41e-016  0.00e+000  1.00e+000  5.80e-012  6.97e-067  1.92e-005  1.03e-005  1.03e-005  9.63e-005  1.47e-005  1.12e-005  
7.42223e+016 6.27e-016  0.00e+000  1.00e+000  2.12e-012  2.18e-069  2.46e-005  1.33e-005  1.33e-005  1.03e-004  1.75e-005  1.34e-005  
7.63108e+016 7.46e-016  0.00e+000  1.00e+000  6.19e-013  1.94e-072  3.32e-005  1.82e-005  1.82e-005  1.14e-004  2.20e-005  1.68e-005  
7.86896e+016 8.95e-016  0.00e+000  1.00e+000  1.64e-013  1.02e-075  4.68e-005  2.58e-005  2.58e-005  1.33e-004  2.86e-005  2.19e-005  
8.18150e+016 1.11e-015  0.00e+000  1.00e+000  3.08e-014  7.20e-080  7.32e-005  4.10e-005  4.10e-005  1.70e-004  4.08e-005  3.12e-005  
8.55776e+016 1.40e-015  0.00e+000  9.99e-001  4.65e-015  0.00e+000  1.23e-004  7.10e-005  7.10e-005  2.41e-004  6.27e-005  4.78e-005  
9.00548e+016 1.79e-015  0.00e+000  9.99e-001  5.75e-016  0.00e+000  2.29e-004  1.36e-004  1.36e-004  3.78e-004  1.05e-004  7.98e-005  
9.53916e+016 2.37e-015  0.00e+000  9.98e-001  5.85e-017  0.00e+000  4.59e-004  2.90e-004  2.90e-004  6.53e-004  1.90e-004  1.45e-004  
1.01535e+017 3.27e-015  0.00e+000  9.96e-001  5.56e-018  0.00e+000  9.74e-004  6.63e-004  6.63e-004  1.20e-003  3.63e-004  2.78e-004  
1.09249e+017 4.83e-015  0.00e+000  9.90e-001  4.35e-019  0.00e+000  2.26e-003  1.72e-003  1.72e-003  2.40e-003  7.60e-004  5.80e-004  
1.19176e+017 7.72e-015  0.00e+000  9.77e-001  3.03e-020  0.00e+000  5.27e-003  4.67e-003  4.67e-003  4.75e-003  1.55e-003  1.18e-003  
1.32448e+017 1.34e-014  0.00e+000  9.55e-001  2.19e-021  0.00e+000  9.85e-003  1.11e-002  1.11e-002  7.40e-003  2.49e-003  1.90e-003  
