! 0       C2H5 + H2 -> C2H4 + H + H2
! 1       C2H5 + GRAIN -> *C2H5 + GRAIN
! 2       OH + C2H5 -> C2H4 + H2O
! 3       O + C2H5 -> CH3CHO + H
! 4       C + C2H5 -> CH3CCH + H
! 5       O + C2H5 -> H2CO + CH3
! 6       N + C2H5 -> C2H4 + NH
! 7       N + C2H5 -> H2CN + CH3
! 8       C2H5 + CRPhoton -> C2H3 + H2
! 9       C2H5 + CRPhoton -> C2H5+ + e-
! 10      C2H5 + HCO+ -> CO + CH3CH3+
!            tot_rate   0          1          2          3          4          5          6          7          8          9          10         
1.58188e+013 3.09e-018  0.00e+000  2.02e-003  4.53e-003  7.61e-001  1.56e-003  1.53e-001  3.92e-002  2.11e-002  2.50e-003  5.18e-004  4.99e-003  
3.50727e+014 3.09e-018  0.00e+000  2.02e-003  4.53e-003  7.61e-001  1.56e-003  1.53e-001  3.92e-002  2.11e-002  2.50e-003  5.18e-004  4.99e-003  
5.21628e+015 3.09e-018  0.00e+000  2.03e-003  4.53e-003  7.61e-001  1.56e-003  1.53e-001  3.92e-002  2.11e-002  2.50e-003  5.18e-004  4.99e-003  
2.67137e+016 3.10e-018  0.00e+000  6.38e-003  4.54e-003  7.57e-001  1.54e-003  1.52e-001  3.90e-002  2.10e-002  2.49e-003  5.16e-004  5.51e-003  
3.33598e+016 3.16e-018  0.00e+000  1.14e-002  4.49e-003  7.50e-001  1.52e-003  1.50e-001  3.86e-002  2.08e-002  2.47e-003  5.09e-004  8.16e-003  
3.42055e+016 3.16e-018  0.00e+000  8.62e-003  4.50e-003  7.51e-001  1.52e-003  1.51e-001  3.87e-002  2.09e-002  2.48e-003  5.13e-004  8.87e-003  
3.44017e+016 3.15e-018  0.00e+000  7.83e-003  4.50e-003  7.51e-001  1.52e-003  1.51e-001  3.87e-002  2.09e-002  2.48e-003  5.14e-004  9.07e-003  
3.46353e+016 3.15e-018  0.00e+000  6.88e-003  4.50e-003  7.52e-001  1.52e-003  1.51e-001  3.87e-002  2.09e-002  2.48e-003  5.14e-004  9.30e-003  
3.48860e+016 3.15e-018  0.00e+000  5.84e-003  4.51e-003  7.52e-001  1.52e-003  1.51e-001  3.87e-002  2.09e-002  2.48e-003  5.14e-004  9.56e-003  
3.51370e+016 3.15e-018  0.00e+000  4.83e-003  4.51e-003  7.53e-001  1.53e-003  1.51e-001  3.88e-002  2.09e-002  2.48e-003  5.15e-004  9.88e-003  
3.53250e+016 3.14e-018  0.00e+000  4.10e-003  4.52e-003  7.54e-001  1.53e-003  1.51e-001  3.88e-002  2.09e-002  2.49e-003  5.15e-004  1.01e-002  
3.55515e+016 3.14e-018  0.00e+000  3.28e-003  4.53e-003  7.55e-001  1.53e-003  1.52e-001  3.89e-002  2.10e-002  2.49e-003  5.16e-004  1.05e-002  
3.57182e+016 3.13e-018  0.00e+000  2.75e-003  4.53e-003  7.57e-001  1.53e-003  1.52e-001  3.89e-002  2.10e-002  2.49e-003  5.17e-004  1.08e-002  
3.58524e+016 3.13e-018  0.00e+000  2.34e-003  4.50e-003  7.57e-001  1.53e-003  1.52e-001  3.90e-002  2.10e-002  2.49e-003  5.17e-004  1.10e-002  
3.60047e+016 3.13e-018  0.00e+000  1.92e-003  4.50e-003  7.57e-001  1.53e-003  1.52e-001  3.90e-002  2.10e-002  2.50e-003  5.18e-004  1.13e-002  
3.61718e+016 3.13e-018  0.00e+000  1.51e-003  4.51e-003  7.57e-001  1.53e-003  1.52e-001  3.90e-002  2.10e-002  2.50e-003  5.14e-004  1.17e-002  
3.62899e+016 3.13e-018  0.00e+000  1.26e-003  4.50e-003  7.57e-001  1.53e-003  1.52e-001  3.90e-002  2.10e-002  2.50e-003  5.14e-004  1.19e-002  
3.63893e+016 3.13e-018  0.00e+000  1.08e-003  4.50e-003  7.57e-001  1.53e-003  1.52e-001  3.90e-002  2.10e-002  2.49e-003  5.14e-004  1.22e-002  
3.64972e+016 3.13e-018  0.00e+000  8.97e-004  4.50e-003  7.57e-001  1.53e-003  1.52e-001  3.90e-002  2.10e-002  2.49e-003  5.14e-004  1.26e-002  
3.66124e+016 3.13e-018  0.00e+000  7.37e-004  4.50e-003  7.57e-001  1.53e-003  1.52e-001  3.89e-002  2.10e-002  2.49e-003  5.14e-004  1.30e-002  
3.67348e+016 3.14e-018  0.00e+000  5.93e-004  4.50e-003  7.56e-001  1.53e-003  1.52e-001  3.89e-002  2.10e-002  2.49e-003  5.13e-004  1.35e-002  
3.68621e+016 3.14e-018  0.00e+000  4.72e-004  4.49e-003  7.55e-001  1.53e-003  1.52e-001  3.89e-002  2.10e-002  2.49e-003  5.16e-004  1.42e-002  
3.69700e+016 3.15e-018  0.00e+000  3.84e-004  4.50e-003  7.55e-001  1.53e-003  1.51e-001  3.90e-002  2.09e-002  2.48e-003  5.14e-004  1.48e-002  
3.70376e+016 3.16e-018  0.00e+000  3.42e-004  4.50e-003  7.54e-001  1.53e-003  1.51e-001  3.90e-002  2.09e-002  2.48e-003  5.13e-004  1.53e-002  
3.71087e+016 3.17e-018  0.00e+000  3.00e-004  4.48e-003  7.54e-001  1.52e-003  1.51e-001  3.88e-002  2.09e-002  2.48e-003  5.14e-004  1.59e-002  
3.71826e+016 3.17e-018  1.04e-062  2.65e-004  4.50e-003  7.53e-001  1.53e-003  1.51e-001  3.87e-002  2.09e-002  2.48e-003  5.13e-004  1.67e-002  
3.72589e+016 3.19e-018  5.86e-047  2.33e-004  4.48e-003  7.52e-001  1.53e-003  1.51e-001  3.88e-002  2.09e-002  2.48e-003  5.14e-004  1.76e-002  
3.73370e+016 3.22e-018  3.51e-034  2.06e-004  4.47e-003  7.51e-001  1.52e-003  1.51e-001  3.88e-002  2.09e-002  2.47e-003  5.12e-004  1.87e-002  
3.74165e+016 3.25e-018  2.05e-024  1.85e-004  4.49e-003  7.50e-001  1.53e-003  1.51e-001  3.87e-002  2.08e-002  2.47e-003  5.10e-004  2.01e-002  
3.74829e+016 3.29e-018  2.87e-018  1.70e-004  4.46e-003  7.50e-001  1.53e-003  1.51e-001  3.85e-002  2.08e-002  2.46e-003  5.10e-004  2.14e-002  
3.75505e+016 3.36e-018  2.13e-013  1.58e-004  4.46e-003  7.49e-001  1.52e-003  1.50e-001  3.86e-002  2.08e-002  2.46e-003  5.08e-004  2.29e-002  
3.76194e+016 3.46e-018  2.03e-009  1.48e-004  4.45e-003  7.49e-001  1.53e-003  1.50e-001  3.84e-002  2.08e-002  2.45e-003  5.06e-004  2.45e-002  
3.76839e+016 3.58e-018  2.90e-006  1.41e-004  4.44e-003  7.48e-001  1.53e-003  1.50e-001  3.85e-002  2.08e-002  2.45e-003  5.08e-004  2.61e-002  
3.76854e+016 3.58e-018  3.38e-006  1.41e-004  4.44e-003  7.48e-001  1.53e-003  1.50e-001  3.85e-002  2.08e-002  2.45e-003  5.08e-004  2.62e-002  
3.76877e+016 3.60e-018  4.31e-006  1.41e-004  4.42e-003  7.48e-001  1.53e-003  1.50e-001  3.86e-002  2.08e-002  2.45e-003  5.06e-004  2.62e-002  
3.76917e+016 3.61e-018  6.46e-006  1.40e-004  4.41e-003  7.48e-001  1.53e-003  1.50e-001  3.85e-002  2.08e-002  2.45e-003  5.07e-004  2.63e-002  
3.76980e+016 3.62e-018  1.23e-005  1.40e-004  4.41e-003  7.48e-001  1.53e-003  1.50e-001  3.86e-002  2.07e-002  2.45e-003  5.05e-004  2.65e-002  
3.77083e+016 3.65e-018  3.45e-005  1.39e-004  4.41e-003  7.48e-001  1.53e-003  1.50e-001  3.86e-002  2.08e-002  2.45e-003  5.07e-004  2.67e-002  
3.77248e+016 3.69e-018  1.71e-004  1.38e-004  4.44e-003  7.47e-001  1.53e-003  1.50e-001  3.87e-002  2.08e-002  2.45e-003  5.06e-004  2.71e-002  
3.77450e+016 3.76e-018  1.09e-003  1.36e-004  4.46e-003  7.47e-001  1.53e-003  1.50e-001  3.85e-002  2.08e-002  2.44e-003  5.05e-004  2.76e-002  
3.77655e+016 3.85e-018  5.98e-003  1.35e-004  4.52e-003  7.43e-001  1.52e-003  1.49e-001  3.84e-002  2.07e-002  2.43e-003  5.04e-004  2.78e-002  
3.77936e+016 4.04e-018  2.70e-002  1.30e-004  4.58e-003  7.27e-001  1.49e-003  1.46e-001  3.76e-002  2.02e-002  2.38e-003  4.92e-004  2.80e-002  
3.78016e+016 4.13e-018  4.07e-002  1.28e-004  4.60e-003  7.17e-001  1.47e-003  1.44e-001  3.70e-002  2.00e-002  2.35e-003  4.87e-004  2.76e-002  
3.78111e+016 4.28e-018  6.58e-002  1.24e-004  4.58e-003  6.98e-001  1.43e-003  1.40e-001  3.62e-002  1.94e-002  2.29e-003  4.74e-004  2.71e-002  
3.78273e+016 4.74e-018  1.43e-001  1.14e-004  4.39e-003  6.40e-001  1.32e-003  1.29e-001  3.31e-002  1.79e-002  2.10e-003  4.35e-004  2.53e-002  
3.78530e+016 6.80e-018  3.85e-001  8.09e-005  3.47e-003  4.59e-001  9.45e-004  9.19e-002  2.38e-002  1.28e-002  1.51e-003  3.12e-004  1.85e-002  
3.78818e+016 1.57e-017  7.26e-001  3.61e-005  1.81e-003  2.04e-001  4.24e-004  4.10e-002  1.07e-002  5.76e-003  6.75e-004  1.40e-004  8.46e-003  
3.79076e+016 4.39e-017  8.99e-001  1.33e-005  7.94e-004  7.49e-002  1.57e-004  1.50e-002  3.96e-003  2.13e-003  2.50e-004  5.17e-005  3.19e-003  
3.79253e+016 9.35e-017  9.52e-001  6.36e-006  4.40e-004  3.57e-002  7.53e-005  7.18e-003  1.90e-003  1.02e-003  1.20e-004  2.49e-005  1.55e-003  
3.79502e+016 2.69e-016  9.83e-001  2.27e-006  1.96e-004  1.26e-002  2.70e-005  2.54e-003  6.81e-004  3.67e-004  4.32e-005  8.90e-006  5.66e-004  
3.79755e+016 7.46e-016  9.94e-001  8.33e-007  9.11e-005  4.53e-003  9.90e-006  9.09e-004  2.49e-004  1.34e-004  1.58e-005  3.26e-006  2.11e-004  
3.79897e+016 1.26e-015  9.96e-001  4.90e-007  6.13e-005  2.63e-003  5.81e-006  5.27e-004  1.47e-004  7.91e-005  9.25e-006  1.92e-006  1.24e-004  
3.79918e+016 1.37e-015  9.97e-001  4.50e-007  5.75e-005  2.40e-003  5.34e-006  4.82e-004  1.35e-004  7.27e-005  8.51e-006  1.76e-006  1.14e-004  
3.79956e+016 1.56e-015  9.97e-001  3.94e-007  5.21e-005  2.09e-003  4.67e-006  4.20e-004  1.18e-004  6.36e-005  7.48e-006  1.54e-006  1.00e-004  
3.80017e+016 1.92e-015  9.98e-001  3.17e-007  4.45e-005  1.67e-003  3.76e-006  3.35e-004  9.51e-005  5.12e-005  6.03e-006  1.24e-006  8.11e-005  
3.80129e+016 2.75e-015  9.98e-001  2.15e-007  3.35e-005  1.11e-003  2.55e-006  2.23e-004  6.46e-005  3.47e-005  4.07e-006  8.42e-007  5.52e-005  
3.80319e+016 4.70e-015  9.99e-001  1.13e-007  2.09e-005  5.63e-004  1.34e-006  1.13e-004  3.38e-005  1.82e-005  2.15e-006  4.42e-007  2.93e-005  
3.80578e+016 7.57e-015  1.00e+000  4.91e-008  1.13e-005  2.30e-004  5.78e-007  4.61e-005  1.47e-005  7.91e-006  9.27e-007  1.91e-007  1.29e-005  
3.80629e+016 7.86e-015  1.00e+000  4.22e-008  1.01e-005  1.93e-004  4.96e-007  3.89e-005  1.26e-005  6.79e-006  7.96e-007  1.64e-007  1.11e-005  
3.80713e+016 7.93e-015  1.00e+000  3.32e-008  8.41e-006  1.48e-004  3.88e-007  2.98e-005  9.90e-006  5.33e-006  6.25e-007  1.29e-007  8.74e-006  
3.80859e+016 6.86e-015  1.00e+000  2.22e-008  6.19e-006  9.36e-005  2.59e-007  1.88e-005  6.62e-006  3.56e-006  4.17e-007  8.63e-008  5.87e-006  
3.81083e+016 3.69e-015  1.00e+000  1.20e-008  3.77e-006  4.53e-005  1.38e-007  9.11e-006  3.55e-006  1.91e-006  2.24e-007  4.63e-008  3.17e-006  
3.81265e+016 2.05e-015  1.00e+000  7.51e-009  2.55e-006  2.54e-005  8.54e-008  5.12e-006  2.22e-006  1.20e-006  1.40e-007  2.89e-008  2.00e-006  
3.81480e+016 1.74e-015  1.00e+000  4.60e-009  1.65e-006  1.33e-005  5.13e-008  2.67e-006  1.36e-006  7.30e-007  8.56e-008  1.76e-008  1.23e-006  
3.81769e+016 1.81e-015  1.00e+000  2.38e-009  8.51e-007  5.20e-006  2.55e-008  1.04e-006  6.96e-007  3.73e-007  4.38e-008  9.06e-009  6.35e-007  
3.81836e+016 1.83e-015  1.00e+000  2.07e-009  7.32e-007  4.19e-006  2.19e-008  8.42e-007  6.01e-007  3.24e-007  3.80e-008  7.87e-009  5.52e-007  
3.81952e+016 1.87e-015  1.00e+000  1.65e-009  5.67e-007  2.89e-006  1.71e-008  5.83e-007  4.78e-007  2.57e-007  3.02e-008  6.26e-009  4.40e-007  
3.82149e+016 1.95e-015  1.00e+000  1.12e-009  3.48e-007  1.48e-006  1.11e-008  2.96e-007  3.22e-007  1.73e-007  2.04e-008  4.21e-009  2.98e-007  
3.82433e+016 2.06e-015  1.00e+000  6.65e-010  1.64e-007  5.24e-007  6.02e-009  1.05e-007  1.88e-007  1.01e-007  1.20e-008  2.49e-009  1.77e-007  
3.82740e+016 2.18e-015  1.00e+000  4.01e-010  6.56e-008  1.54e-007  3.17e-009  3.08e-008  1.11e-007  5.96e-008  7.16e-009  1.48e-009  1.06e-007  
3.83054e+016 2.36e-015  1.00e+000  2.52e-010  2.27e-008  3.69e-008  1.64e-009  7.42e-009  6.69e-008  3.61e-008  4.45e-009  9.15e-010  6.53e-008  
3.83376e+016 2.74e-015  1.00e+000  1.64e-010  6.79e-009  6.90e-009  8.14e-010  1.38e-009  4.16e-008  2.23e-008  2.85e-009  5.88e-010  4.20e-008  
3.83751e+016 3.46e-015  1.00e+000  1.05e-010  1.87e-009  6.94e-010  3.41e-010  1.40e-010  2.44e-008  1.31e-008  1.80e-009  3.73e-010  2.64e-008  
3.84132e+016 4.10e-015  1.00e+000  7.10e-011  1.04e-009  5.80e-011  1.39e-010  1.16e-011  1.43e-008  7.73e-009  1.20e-009  2.46e-010  1.74e-008  
3.84531e+016 4.81e-015  1.00e+000  4.97e-011  1.04e-009  1.43e-011  5.72e-011  2.87e-012  8.11e-009  4.37e-009  8.21e-010  1.70e-010  1.19e-008  
3.84962e+016 6.46e-015  1.00e+000  3.56e-011  1.06e-009  9.12e-012  2.32e-011  1.83e-012  4.37e-009  2.35e-009  5.76e-010  1.19e-010  8.20e-009  
3.85449e+016 9.14e-015  1.00e+000  2.59e-011  7.92e-010  6.54e-012  9.35e-012  1.31e-012  2.30e-009  1.24e-009  4.09e-010  8.46e-011  5.71e-009  
3.85990e+016 1.25e-014  1.00e+000  1.94e-011  3.40e-010  5.11e-012  5.04e-012  1.02e-012  1.19e-009  6.43e-010  2.98e-010  6.16e-011  4.05e-009  
3.86597e+016 1.81e-014  1.00e+000  1.49e-011  1.14e-010  4.87e-012  7.68e-012  9.78e-013  6.13e-010  3.29e-010  2.22e-010  4.58e-011  2.91e-009  
3.87288e+016 3.10e-014  1.00e+000  1.18e-011  9.23e-011  6.10e-012  2.47e-011  1.23e-012  3.10e-010  1.67e-010  1.70e-010  3.52e-011  2.12e-009  
3.88139e+016 5.56e-014  1.00e+000  9.57e-012  1.10e-010  8.40e-012  9.77e-011  1.69e-012  1.57e-010  8.47e-011  1.31e-010  2.70e-011  1.52e-009  
3.89093e+016 8.14e-014  1.00e+000  8.08e-012  1.46e-010  1.17e-011  3.27e-010  2.35e-012  1.17e-010  6.29e-011  1.05e-010  2.16e-011  1.11e-009  
3.90068e+016 9.32e-014  1.00e+000  7.18e-012  1.93e-010  1.58e-011  7.93e-010  3.17e-012  1.57e-010  8.43e-011  8.81e-011  1.82e-011  8.39e-010  
3.91088e+016 9.04e-014  1.00e+000  6.60e-012  2.50e-010  2.04e-011  1.52e-009  4.08e-012  2.62e-010  1.42e-010  7.65e-011  1.58e-011  6.42e-010  
3.92181e+016 7.91e-014  1.00e+000  6.25e-012  3.15e-010  2.52e-011  2.44e-009  5.06e-012  4.24e-010  2.28e-010  6.81e-011  1.42e-011  4.92e-010  
3.93325e+016 6.62e-014  1.00e+000  6.06e-012  3.81e-010  2.96e-011  3.40e-009  5.95e-012  6.16e-010  3.32e-010  6.21e-011  1.28e-011  3.78e-010  
3.94519e+016 5.53e-014  1.00e+000  6.00e-012  4.45e-010  3.33e-011  4.25e-009  6.67e-012  8.16e-010  4.39e-010  5.77e-011  1.19e-011  2.93e-010  
3.95803e+016 4.73e-014  1.00e+000  6.09e-012  5.03e-010  3.55e-011  4.95e-009  7.15e-012  1.00e-009  5.39e-010  5.45e-011  1.13e-011  2.28e-010  
3.97190e+016 4.24e-014  1.00e+000  6.32e-012  5.52e-010  3.61e-011  5.42e-009  7.26e-012  1.15e-009  6.20e-010  5.24e-011  1.08e-011  1.79e-010  
3.98699e+016 4.04e-014  1.00e+000  6.68e-012  5.87e-010  3.47e-011  5.69e-009  6.98e-012  1.25e-009  6.73e-010  5.12e-011  1.06e-011  1.45e-010  
4.00514e+016 4.14e-014  1.00e+000  7.32e-012  6.09e-010  3.14e-011  5.75e-009  6.30e-012  1.29e-009  6.98e-010  5.10e-011  1.05e-011  1.20e-010  
4.02549e+016 4.61e-014  1.00e+000  8.22e-012  6.18e-010  2.67e-011  5.57e-009  5.36e-012  1.26e-009  6.81e-010  5.14e-011  1.06e-011  1.06e-010  
4.04761e+016 5.50e-014  1.00e+000  9.47e-012  6.16e-010  2.15e-011  5.22e-009  4.33e-012  1.17e-009  6.31e-010  5.27e-011  1.09e-011  1.01e-010  
4.07070e+016 6.86e-014  1.00e+000  1.11e-011  6.09e-010  1.69e-011  4.66e-009  3.40e-012  1.03e-009  5.55e-010  5.48e-011  1.13e-011  1.02e-010  
4.09451e+016 8.71e-014  1.00e+000  1.32e-011  6.04e-010  1.31e-011  4.02e-009  2.63e-012  8.69e-010  4.67e-010  5.76e-011  1.19e-011  1.06e-010  
4.11988e+016 1.12e-013  1.00e+000  1.61e-011  6.05e-010  1.00e-011  3.24e-009  2.01e-012  6.87e-010  3.70e-010  6.16e-011  1.28e-011  1.15e-010  
4.14624e+016 1.41e-013  1.00e+000  2.01e-011  6.23e-010  7.80e-012  2.41e-009  1.57e-012  5.04e-010  2.71e-010  6.72e-011  1.39e-011  1.28e-010  
4.17462e+016 1.70e-013  1.00e+000  2.61e-011  6.71e-010  6.41e-012  1.59e-009  1.28e-012  3.27e-010  1.76e-010  7.53e-011  1.55e-011  1.46e-010  
4.20512e+016 1.88e-013  1.00e+000  3.53e-011  7.61e-010  5.69e-012  8.94e-010  1.14e-012  1.80e-010  9.73e-011  8.67e-011  1.79e-011  1.73e-010  
4.23867e+016 1.83e-013  1.00e+000  5.10e-011  9.34e-010  5.79e-012  4.03e-010  1.16e-012  7.81e-011  4.22e-011  1.05e-010  2.17e-011  2.14e-010  
4.27356e+016 1.54e-013  1.00e+000  7.79e-011  1.25e-009  6.95e-012  1.53e-010  1.40e-012  2.73e-011  1.47e-011  1.33e-010  2.76e-011  2.77e-010  
4.30994e+016 1.19e-013  1.00e+000  1.28e-010  1.80e-009  1.14e-011  5.18e-011  2.30e-012  8.04e-012  4.33e-012  1.79e-010  3.70e-011  3.76e-010  
4.34671e+016 9.42e-014  1.00e+000  2.22e-010  2.76e-009  2.35e-011  1.96e-011  4.72e-012  2.59e-012  1.39e-012  2.55e-010  5.27e-011  5.45e-010  
4.38104e+016 7.76e-014  1.00e+000  3.94e-010  3.51e-009  4.05e-011  1.10e-011  8.11e-012  1.20e-012  6.46e-013  3.74e-010  7.72e-011  8.08e-010  
4.41007e+016 6.83e-014  1.00e+000  6.73e-010  3.88e-009  5.90e-011  9.39e-012  1.18e-011  1.24e-012  6.68e-013  5.42e-010  1.12e-010  1.18e-009  
4.42181e+016 6.56e-014  1.00e+000  8.60e-010  4.12e-009  7.06e-011  9.83e-012  1.42e-011  1.41e-012  7.62e-013  6.48e-010  1.34e-010  1.42e-009  
4.42811e+016 6.33e-014  1.00e+000  1.02e-009  4.49e-009  8.40e-011  1.03e-011  1.69e-011  1.57e-012  8.48e-013  7.41e-010  1.53e-010  1.63e-009  
4.43809e+016 6.32e-014  1.00e+000  1.19e-009  4.79e-009  9.27e-011  1.12e-011  1.87e-011  1.69e-012  9.11e-013  8.15e-010  1.68e-010  1.80e-009  
4.45030e+016 6.23e-014  1.00e+000  1.50e-009  5.38e-009  1.05e-010  1.47e-011  2.12e-011  1.99e-012  1.08e-012  9.63e-010  1.99e-010  2.13e-009  
4.45401e+016 5.95e-014  1.00e+000  1.83e-009  6.02e-009  1.20e-010  1.87e-011  2.40e-011  2.39e-012  1.29e-012  1.15e-009  2.37e-010  2.55e-009  
4.45998e+016 5.85e-014  1.00e+000  2.12e-009  6.41e-009  1.28e-010  2.34e-011  2.56e-011  2.72e-012  1.46e-012  1.28e-009  2.65e-010  2.85e-009  
4.46779e+016 5.94e-014  1.00e+000  2.31e-009  6.65e-009  1.33e-010  2.56e-011  2.68e-011  2.90e-012  1.56e-012  1.34e-009  2.76e-010  2.98e-009  
4.48006e+016 5.88e-014  1.00e+000  2.94e-009  7.48e-009  1.52e-010  3.54e-011  3.04e-011  3.62e-012  1.96e-012  1.59e-009  3.30e-010  3.57e-009  
4.48529e+016 5.35e-014  1.00e+000  4.28e-009  9.50e-009  2.04e-010  5.59e-011  4.07e-011  5.29e-012  2.84e-012  2.24e-009  4.65e-010  5.05e-009  
4.48834e+016 5.31e-014  1.00e+000  4.65e-009  9.53e-009  2.00e-010  7.01e-011  3.99e-011  5.86e-012  3.16e-012  2.41e-009  4.97e-010  5.40e-009  
4.49346e+016 5.44e-014  1.00e+000  4.76e-009  9.56e-009  1.99e-010  7.43e-011  3.99e-011  6.14e-012  3.31e-012  2.39e-009  4.93e-010  5.37e-009  
4.49870e+016 5.52e-014  1.00e+000  5.00e-009  9.75e-009  2.03e-010  7.79e-011  4.09e-011  6.58e-012  3.53e-012  2.43e-009  5.02e-010  5.47e-009  
4.50684e+016 5.52e-014  1.00e+000  5.80e-009  1.05e-008  2.21e-010  9.47e-011  4.44e-011  7.83e-012  4.22e-012  2.68e-009  5.56e-010  6.09e-009  
4.51867e+016 5.40e-014  1.00e+000  7.72e-009  1.21e-008  2.59e-010  1.43e-010  5.20e-011  1.10e-011  5.93e-012  3.35e-009  6.91e-010  7.59e-009  
4.51946e+016 4.79e-014  1.00e+000  1.12e-008  1.60e-008  3.67e-010  2.15e-010  7.37e-011  1.61e-011  8.64e-012  4.82e-009  1.00e-009  1.10e-008  
4.52061e+016 4.72e-014  1.00e+000  1.21e-008  1.56e-008  3.58e-010  2.54e-010  7.18e-011  1.76e-011  9.47e-012  5.17e-009  1.07e-009  1.18e-008  
4.52265e+016 4.78e-014  1.00e+000  1.22e-008  1.54e-008  3.41e-010  2.80e-010  6.86e-011  1.82e-011  9.79e-012  5.15e-009  1.06e-009  1.17e-008  
4.52632e+016 4.87e-014  1.00e+000  1.23e-008  1.54e-008  3.41e-010  3.06e-010  6.86e-011  1.93e-011  1.04e-011  5.11e-009  1.06e-009  1.16e-008  
4.53239e+016 5.00e-014  1.00e+000  1.28e-008  1.56e-008  3.44e-010  3.24e-010  6.92e-011  2.12e-011  1.14e-011  5.10e-009  1.06e-009  1.16e-008  
4.54167e+016 5.01e-014  1.00e+000  1.51e-008  1.69e-008  3.79e-010  4.01e-010  7.60e-011  2.69e-011  1.45e-011  5.73e-009  1.18e-009  1.30e-008  
4.55446e+016 4.87e-014  1.00e+000  2.11e-008  1.99e-008  4.58e-010  6.51e-010  9.20e-011  4.19e-011  2.26e-011  7.43e-009  1.54e-009  1.68e-008  
4.55658e+016 4.65e-014  1.00e+000  2.47e-008  2.26e-008  5.23e-010  7.85e-010  1.05e-010  4.99e-011  2.69e-011  8.58e-009  1.77e-009  1.94e-008  
4.55697e+016 4.17e-014  1.00e+000  3.50e-008  2.95e-008  7.31e-010  1.13e-009  1.47e-010  7.12e-011  3.84e-011  1.21e-008  2.52e-009  2.73e-008  
4.55761e+016 4.08e-014  1.00e+000  3.87e-008  2.92e-008  7.65e-010  1.32e-009  1.54e-010  7.94e-011  4.26e-011  1.34e-008  2.77e-009  3.01e-008  
4.55871e+016 4.11e-014  1.00e+000  3.89e-008  2.80e-008  7.03e-010  1.42e-009  1.41e-010  8.10e-011  4.38e-011  1.34e-008  2.77e-009  3.02e-008  
4.56066e+016 4.16e-014  1.00e+000  3.92e-008  2.79e-008  6.73e-010  1.56e-009  1.35e-010  8.39e-011  4.52e-011  1.33e-008  2.74e-009  3.00e-008  
4.56410e+016 4.24e-014  1.00e+000  3.96e-008  2.78e-008  6.67e-010  1.74e-009  1.34e-010  8.89e-011  4.79e-011  1.32e-008  2.74e-009  2.97e-008  
4.56849e+016 4.34e-014  1.00e+000  4.03e-008  2.79e-008  6.68e-010  1.87e-009  1.34e-010  9.54e-011  5.14e-011  1.31e-008  2.70e-009  2.95e-008  
4.57241e+016 4.39e-014  1.00e+000  4.19e-008  2.82e-008  6.83e-010  2.00e-009  1.37e-010  1.04e-010  5.58e-011  1.33e-008  2.76e-009  3.01e-008  
4.57850e+016 4.39e-014  1.00e+000  4.74e-008  3.01e-008  7.33e-010  2.35e-009  1.47e-010  1.24e-010  6.70e-011  1.45e-008  3.01e-009  3.26e-008  
4.58802e+016 4.29e-014  1.00e+000  6.15e-008  3.43e-008  8.53e-010  3.36e-009  1.72e-010  1.77e-010  9.53e-011  1.78e-008  3.68e-009  3.99e-008  
4.59720e+016 4.14e-014  1.00e+000  8.24e-008  3.96e-008  1.02e-009  5.12e-009  2.04e-010  2.58e-010  1.40e-010  2.26e-008  4.66e-009  5.05e-008  
4.59734e+016 3.80e-014  1.00e+000  9.76e-008  4.66e-008  1.21e-009  6.08e-009  2.42e-010  3.08e-010  1.66e-010  2.68e-008  5.53e-009  5.97e-008  
4.59759e+016 3.38e-014  1.00e+000  1.40e-007  6.27e-008  1.73e-009  8.85e-009  3.46e-010  4.44e-010  2.39e-010  3.85e-008  7.96e-009  8.61e-008  
4.59802e+016 3.31e-014  1.00e+000  1.65e-007  6.56e-008  1.98e-009  1.06e-008  3.99e-010  5.26e-010  2.82e-010  4.50e-008  9.34e-009  1.01e-007  
4.59873e+016 3.33e-014  1.00e+000  1.66e-007  6.04e-008  1.88e-009  1.12e-008  3.78e-010  5.35e-010  2.88e-010  4.53e-008  9.37e-009  1.01e-007  
4.59993e+016 3.36e-014  1.00e+000  1.67e-007  5.86e-008  1.74e-009  1.19e-008  3.48e-010  5.45e-010  2.93e-010  4.52e-008  9.35e-009  1.01e-007  
4.60196e+016 3.40e-014  1.00e+000  1.68e-007  5.85e-008  1.64e-009  1.31e-008  3.29e-010  5.62e-010  3.03e-010  4.50e-008  9.32e-009  1.00e-007  
4.60580e+016 3.48e-014  1.00e+000  1.71e-007  5.83e-008  1.62e-009  1.48e-008  3.25e-010  5.95e-010  3.22e-010  4.45e-008  9.22e-009  9.94e-008  
4.61139e+016 3.59e-014  1.00e+000  1.75e-007  5.88e-008  1.62e-009  1.67e-008  3.26e-010  6.49e-010  3.48e-010  4.43e-008  9.14e-009  9.83e-008  
4.61801e+016 3.61e-014  1.00e+000  1.96e-007  6.20e-008  1.74e-009  2.02e-008  3.49e-010  7.78e-010  4.18e-010  4.76e-008  9.86e-009  1.06e-007  
4.62829e+016 3.51e-014  1.00e+000  2.64e-007  7.21e-008  2.11e-009  3.05e-008  4.22e-010  1.15e-009  6.21e-010  6.04e-008  1.25e-008  1.34e-007  
4.63958e+016 3.32e-014  1.00e+000  3.98e-007  8.86e-008  2.75e-009  5.36e-008  5.51e-010  1.91e-009  1.03e-009  8.49e-008  1.76e-008  1.87e-007  
4.64165e+016 3.15e-014  1.00e+000  4.51e-007  9.65e-008  3.04e-009  6.29e-008  6.10e-010  2.21e-009  1.19e-009  9.52e-008  1.97e-008  2.09e-007  
4.64187e+016 2.49e-014  1.00e+000  6.71e-007  1.38e-007  4.50e-009  9.40e-008  9.08e-010  3.29e-009  1.77e-009  1.42e-007  2.93e-008  3.11e-007  
4.64224e+016 2.26e-014  1.00e+000  9.69e-007  1.79e-007  6.55e-009  1.38e-007  1.31e-009  4.78e-009  2.58e-009  2.05e-007  4.24e-008  4.51e-007  
4.64286e+016 2.42e-014  1.00e+000  1.07e-006  1.70e-007  7.07e-009  1.57e-007  1.42e-009  5.33e-009  2.87e-009  2.26e-007  4.67e-008  4.96e-007  
4.64396e+016 2.48e-014  1.00e+000  1.08e-006  1.56e-007  6.69e-009  1.65e-007  1.34e-009  5.44e-009  2.93e-009  2.27e-007  4.68e-008  4.96e-007  
4.64596e+016 2.51e-014  1.00e+000  1.09e-006  1.53e-007  6.18e-009  1.78e-007  1.24e-009  5.58e-009  3.01e-009  2.27e-007  4.70e-008  4.98e-007  
4.64933e+016 2.57e-014  1.00e+000  1.11e-006  1.53e-007  5.88e-009  1.98e-007  1.18e-009  5.84e-009  3.14e-009  2.24e-007  4.63e-008  4.90e-007  
4.65501e+016 2.66e-014  1.00e+000  1.13e-006  1.53e-007  5.79e-009  2.28e-007  1.16e-009  6.24e-009  3.37e-009  2.21e-007  4.59e-008  4.81e-007  
4.66259e+016 2.68e-014  1.00e+000  1.28e-006  1.63e-007  6.31e-009  2.91e-007  1.27e-009  7.57e-009  4.07e-009  2.40e-007  4.96e-008  5.22e-007  
4.67450e+016 2.56e-014  1.00e+000  1.89e-006  1.98e-007  8.48e-009  5.04e-007  1.70e-009  1.23e-008  6.64e-009  3.30e-007  6.84e-008  7.11e-007  
4.68726e+016 2.33e-014  1.00e+000  3.27e-006  2.63e-007  1.32e-008  1.04e-006  2.65e-009  2.34e-008  1.26e-008  5.28e-007  1.09e-007  1.14e-006  
4.69009e+016 2.26e-014  1.00e+000  3.75e-006  2.84e-007  1.49e-008  1.25e-006  2.98e-009  2.75e-008  1.48e-008  5.97e-007  1.24e-007  1.28e-006  
4.69024e+016 2.04e-014  1.00e+000  4.21e-006  3.16e-007  1.66e-008  1.40e-006  3.34e-009  3.08e-008  1.66e-008  6.72e-007  1.39e-007  1.44e-006  
4.69048e+016 1.60e-014  1.00e+000  5.67e-006  4.10e-007  2.25e-008  1.90e-006  4.51e-009  4.17e-008  2.24e-008  9.06e-007  1.87e-007  1.94e-006  
4.69090e+016 1.23e-014  1.00e+000  8.46e-006  5.53e-007  3.38e-008  2.86e-006  6.80e-009  6.25e-008  3.37e-008  1.35e-006  2.79e-007  2.89e-006  
4.69160e+016 1.07e-014  1.00e+000  1.21e-005  6.58e-007  4.90e-008  4.17e-006  9.81e-009  8.99e-008  4.84e-008  1.93e-006  3.98e-007  4.12e-006  
4.69279e+016 1.24e-014  1.00e+000  1.32e-005  6.02e-007  5.39e-008  4.69e-006  1.08e-008  9.92e-008  5.35e-008  2.09e-006  4.32e-007  4.47e-006  
4.69476e+016 1.45e-014  1.00e+000  1.34e-005  5.72e-007  5.43e-008  5.00e-006  1.09e-008  1.03e-007  5.52e-008  2.10e-006  4.35e-007  4.50e-006  
4.69806e+016 1.59e-014  1.00e+000  1.36e-005  5.68e-007  5.37e-008  5.41e-006  1.08e-008  1.06e-007  5.72e-008  2.09e-006  4.31e-007  4.45e-006  
4.70337e+016 1.67e-014  1.00e+000  1.39e-005  5.68e-007  5.31e-008  6.05e-006  1.07e-008  1.13e-007  6.05e-008  2.06e-006  4.26e-007  4.38e-006  
4.70622e+016 1.68e-014  1.00e+000  1.43e-005  5.74e-007  5.37e-008  6.43e-006  1.08e-008  1.18e-007  6.37e-008  2.08e-006  4.30e-007  4.40e-006  
4.71061e+016 1.66e-014  1.00e+000  1.55e-005  5.99e-007  5.75e-008  7.47e-006  1.15e-008  1.33e-007  7.11e-008  2.20e-006  4.56e-007  4.64e-006  
4.71746e+016 1.58e-014  1.00e+000  1.94e-005  6.77e-007  7.09e-008  1.01e-005  1.42e-008  1.74e-007  9.37e-008  2.65e-006  5.48e-007  5.47e-006  
4.72860e+016 1.38e-014  1.00e+000  3.25e-005  8.84e-007  1.18e-007  1.92e-005  2.37e-008  3.13e-007  1.69e-007  4.14e-006  8.55e-007  8.33e-006  
4.74240e+016 1.08e-014  1.00e+000  7.05e-005  1.34e-006  2.69e-007  4.80e-005  5.41e-008  7.42e-007  4.00e-007  8.30e-006  1.71e-006  1.60e-005  
4.74305e+016 1.06e-014  1.00e+000  7.37e-005  1.38e-006  2.83e-007  5.06e-005  5.68e-008  7.79e-007  4.20e-007  8.64e-006  1.78e-006  1.66e-005  
4.74313e+016 1.06e-014  1.00e+000  7.39e-005  1.38e-006  2.84e-007  5.07e-005  5.70e-008  7.82e-007  4.21e-007  8.67e-006  1.79e-006  1.66e-005  
4.74348e+016 9.84e-015  1.00e+000  8.07e-005  1.48e-006  3.11e-007  5.57e-005  6.24e-008  8.57e-007  4.61e-007  9.45e-006  1.95e-006  1.81e-005  
4.74406e+016 7.87e-015  1.00e+000  1.04e-004  1.82e-006  4.03e-007  7.20e-005  8.09e-008  1.11e-006  5.95e-007  1.21e-005  2.50e-006  2.32e-005  
4.74503e+016 5.32e-015  1.00e+000  1.63e-004  2.48e-006  6.48e-007  1.14e-004  1.30e-007  1.74e-006  9.40e-007  1.90e-005  3.91e-006  3.61e-005  
4.74676e+016 3.39e-015  9.99e-001  2.85e-004  3.39e-006  1.21e-006  2.05e-004  2.42e-007  3.10e-006  1.67e-006  3.30e-005  6.81e-006  6.25e-005  
4.74972e+016 2.69e-015  9.99e-001  4.31e-004  3.94e-006  2.01e-006  3.19e-004  4.05e-007  4.75e-006  2.56e-006  4.87e-005  1.01e-005  9.21e-005  
4.75283e+016 2.85e-015  9.99e-001  4.77e-004  3.96e-006  2.42e-006  3.65e-004  4.84e-007  5.36e-006  2.89e-006  5.29e-005  1.10e-005  9.92e-005  
4.75365e+016 2.93e-015  9.99e-001  4.81e-004  3.99e-006  2.48e-006  3.72e-004  4.98e-007  5.45e-006  2.93e-006  5.35e-005  1.10e-005  9.96e-005  
4.75556e+016 3.13e-015  9.99e-001  4.91e-004  3.99e-006  2.61e-006  3.86e-004  5.23e-007  5.62e-006  3.03e-006  5.39e-005  1.11e-005  9.96e-005  
4.75856e+016 3.45e-015  9.99e-001  5.01e-004  4.02e-006  2.76e-006  4.05e-004  5.53e-007  5.85e-006  3.16e-006  5.41e-005  1.12e-005  9.93e-005  
4.76342e+016 3.68e-015  9.99e-001  5.59e-004  4.29e-006  3.18e-006  4.67e-004  6.38e-007  6.73e-006  3.61e-006  5.86e-005  1.21e-005  1.06e-004  
4.77120e+016 3.44e-015  9.98e-001  7.63e-004  5.12e-006  4.48e-006  6.66e-004  8.99e-007  9.58e-006  5.15e-006  7.63e-005  1.58e-005  1.35e-004  
4.78339e+016 2.34e-015  9.96e-001  1.55e-003  7.87e-006  9.92e-006  1.44e-003  1.99e-006  2.10e-005  1.13e-005  1.45e-004  2.99e-005  2.47e-004  
4.79819e+016 1.10e-015  9.89e-001  4.65e-003  1.58e-005  3.47e-005  4.52e-003  6.97e-006  6.82e-005  3.67e-005  3.98e-004  8.25e-005  6.49e-004  
4.80101e+016 9.26e-016  9.87e-001  5.87e-003  1.85e-005  4.53e-005  5.74e-003  9.11e-006  8.73e-005  4.71e-005  4.95e-004  1.02e-004  7.99e-004  
4.80156e+016 8.91e-016  9.86e-001  6.18e-003  1.92e-005  4.81e-005  6.05e-003  9.65e-006  9.22e-005  4.96e-005  5.20e-004  1.07e-004  8.37e-004  
4.80288e+016 7.99e-016  9.84e-001  7.07e-003  2.12e-005  5.59e-005  6.95e-003  1.12e-005  1.06e-004  5.72e-005  5.91e-004  1.22e-004  9.47e-004  
4.80511e+016 6.48e-016  9.79e-001  9.11e-003  2.53e-005  7.44e-005  8.99e-003  1.49e-005  1.39e-004  7.46e-005  7.52e-004  1.56e-004  1.20e-003  
4.80875e+016 4.50e-016  9.68e-001  1.40e-002  3.49e-005  1.21e-004  1.39e-002  2.44e-005  2.18e-004  1.17e-004  1.13e-003  2.35e-004  1.79e-003  
4.81463e+016 2.65e-016  9.40e-001  2.65e-002  5.58e-005  2.52e-004  2.63e-002  5.06e-005  4.23e-004  2.28e-004  2.07e-003  4.30e-004  3.20e-003  
4.82445e+016 1.32e-016  8.58e-001  6.24e-002  1.12e-004  6.97e-004  6.20e-002  1.40e-004  1.05e-003  5.63e-004  4.63e-003  9.57e-004  6.93e-003  
4.83636e+016 6.58e-017  6.68e-001  1.48e-001  2.37e-004  1.97e-003  1.45e-001  3.96e-004  2.63e-003  1.42e-003  1.03e-002  2.13e-003  1.48e-002  
4.84912e+016 3.87e-017  3.46e-001  2.99e-001  4.57e-004  4.72e-003  2.81e-001  9.50e-004  5.58e-003  2.99e-003  1.93e-002  4.00e-003  2.66e-002  
4.86294e+016 3.21e-017  9.18e-002  4.26e-001  6.78e-004  8.09e-003  3.83e-001  1.62e-003  8.40e-003  4.51e-003  2.55e-002  5.26e-003  3.36e-002  
4.87591e+016 3.34e-017  1.74e-002  4.73e-001  8.44e-004  1.06e-002  4.04e-001  2.12e-003  9.81e-003  5.30e-003  2.65e-002  5.48e-003  3.35e-002  
4.88968e+016 3.71e-017  2.26e-003  4.93e-001  1.04e-003  1.30e-002  3.99e-001  2.61e-003  1.07e-002  5.79e-003  2.57e-002  5.31e-003  3.10e-002  
4.90444e+016 4.21e-017  1.85e-004  5.09e-001  1.34e-003  1.56e-002  3.85e-001  3.14e-003  1.16e-002  6.23e-003  2.45e-002  5.06e-003  2.80e-002  
4.91980e+016 4.79e-017  9.60e-006  5.24e-001  1.80e-003  1.86e-002  3.69e-001  3.74e-003  1.24e-002  6.68e-003  2.32e-002  4.82e-003  2.55e-002  
4.93317e+016 5.36e-017  5.13e-007  5.36e-001  2.37e-003  2.13e-002  3.57e-001  4.26e-003  1.31e-002  7.07e-003  2.22e-002  4.61e-003  2.33e-002  
4.94239e+016 5.79e-017  5.48e-008  5.44e-001  2.89e-003  2.30e-002  3.47e-001  4.63e-003  1.36e-002  7.34e-003  2.16e-002  4.47e-003  2.19e-002  
4.95192e+016 6.27e-017  4.39e-009  5.52e-001  3.54e-003  2.49e-002  3.38e-001  5.01e-003  1.41e-002  7.61e-003  2.09e-002  4.34e-003  2.06e-002  
4.96202e+016 6.83e-017  2.46e-010  5.61e-001  4.42e-003  2.68e-002  3.28e-001  5.39e-003  1.46e-002  7.88e-003  2.04e-002  4.20e-003  1.92e-002  
4.97297e+016 7.48e-017  8.26e-012  5.70e-001  5.58e-003  2.90e-002  3.17e-001  5.82e-003  1.52e-002  8.18e-003  1.97e-002  4.06e-003  1.79e-002  
4.98461e+016 8.26e-017  1.49e-013  5.79e-001  7.05e-003  3.11e-002  3.05e-001  6.25e-003  1.57e-002  8.48e-003  1.89e-002  3.91e-003  1.66e-002  
4.99670e+016 9.15e-017  1.50e-015  5.88e-001  8.84e-003  3.32e-002  2.94e-001  6.67e-003  1.62e-002  8.71e-003  1.81e-002  3.76e-003  1.54e-002  
5.00936e+016 1.02e-016  6.73e-018  5.97e-001  1.10e-002  3.54e-002  2.81e-001  7.12e-003  1.63e-002  8.78e-003  1.75e-002  3.62e-003  1.43e-002  
5.02240e+016 1.13e-016  1.29e-020  6.07e-001  1.34e-002  3.77e-002  2.70e-001  7.55e-003  1.62e-002  8.73e-003  1.69e-002  3.49e-003  1.32e-002  
5.03584e+016 1.26e-016  9.99e-024  6.15e-001  1.62e-002  3.98e-002  2.58e-001  8.01e-003  1.60e-002  8.64e-003  1.63e-002  3.37e-003  1.21e-002  
5.05026e+016 1.41e-016  1.45e-027  6.24e-001  1.92e-002  4.21e-002  2.45e-001  8.48e-003  1.58e-002  8.48e-003  1.57e-002  3.25e-003  1.12e-002  
5.05959e+016 1.53e-016  4.10e-030  6.31e-001  2.12e-002  4.34e-002  2.37e-001  8.71e-003  1.56e-002  8.38e-003  1.53e-002  3.16e-003  1.06e-002  
5.06957e+016 1.65e-016  5.78e-033  6.36e-001  2.34e-002  4.49e-002  2.29e-001  9.03e-003  1.54e-002  8.30e-003  1.49e-002  3.09e-003  1.01e-002  
5.07988e+016 1.80e-016  4.77e-036  6.44e-001  2.54e-002  4.61e-002  2.19e-001  9.27e-003  1.52e-002  8.22e-003  1.45e-002  2.99e-003  9.49e-003  
5.09058e+016 1.97e-016  3.39e-039  6.51e-001  2.76e-002  4.74e-002  2.10e-001  9.51e-003  1.50e-002  8.09e-003  1.40e-002  2.90e-003  9.00e-003  
5.10237e+016 2.16e-016  7.69e-043  6.58e-001  3.01e-002  4.86e-002  2.01e-001  9.82e-003  1.48e-002  7.97e-003  1.37e-002  2.83e-003  8.48e-003  
5.11496e+016 2.40e-016  8.37e-047  6.67e-001  3.25e-002  5.00e-002  1.90e-001  1.00e-002  1.45e-002  7.83e-003  1.32e-002  2.72e-003  7.96e-003  
5.12843e+016 2.67e-016  4.90e-051  6.74e-001  3.52e-002  5.13e-002  1.80e-001  1.03e-002  1.43e-002  7.71e-003  1.27e-002  2.64e-003  7.49e-003  
5.14296e+016 3.00e-016  7.85e-056  6.82e-001  3.79e-002  5.26e-002  1.68e-001  1.06e-002  1.41e-002  7.59e-003  1.23e-002  2.54e-003  6.99e-003  
5.15425e+016 3.29e-016  2.15e-059  6.89e-001  4.01e-002  5.34e-002  1.60e-001  1.07e-002  1.38e-002  7.47e-003  1.19e-002  2.46e-003  6.65e-003  
5.16792e+016 3.69e-016  1.10e-063  6.97e-001  4.26e-002  5.42e-002  1.50e-001  1.09e-002  1.36e-002  7.32e-003  1.15e-002  2.37e-003  6.24e-003  
5.18319e+016 4.17e-016  1.13e-068  7.05e-001  4.53e-002  5.52e-002  1.39e-001  1.11e-002  1.33e-002  7.17e-003  1.10e-002  2.28e-003  5.83e-003  
5.19950e+016 4.74e-016  1.22e-074  7.13e-001  4.83e-002  5.61e-002  1.29e-001  1.13e-002  1.30e-002  7.03e-003  1.06e-002  2.19e-003  5.42e-003  
5.21655e+016 5.43e-016  2.21e-080  7.22e-001  5.12e-002  5.67e-002  1.18e-001  1.14e-002  1.27e-002  6.85e-003  1.02e-002  2.10e-003  5.01e-003  
5.23457e+016 6.24e-016  0.00e+000  7.30e-001  5.41e-002  5.73e-002  1.08e-001  1.15e-002  1.24e-002  6.69e-003  9.75e-003  2.02e-003  4.61e-003  
5.25384e+016 7.24e-016  0.00e+000  7.38e-001  5.73e-002  5.77e-002  9.73e-002  1.16e-002  1.21e-002  6.53e-003  9.33e-003  1.93e-003  4.21e-003  
5.27451e+016 8.47e-016  0.00e+000  7.47e-001  6.05e-002  5.80e-002  8.73e-002  1.16e-002  1.18e-002  6.34e-003  8.91e-003  1.84e-003  3.82e-003  
5.29668e+016 9.98e-016  0.00e+000  7.55e-001  6.37e-002  5.79e-002  7.76e-002  1.16e-002  1.14e-002  6.16e-003  8.48e-003  1.75e-003  3.44e-003  
5.31993e+016 1.18e-015  0.00e+000  7.62e-001  6.70e-002  5.78e-002  6.84e-002  1.16e-002  1.11e-002  5.97e-003  8.07e-003  1.67e-003  3.09e-003  
5.34440e+016 1.40e-015  0.00e+000  7.70e-001  7.01e-002  5.73e-002  6.00e-002  1.15e-002  1.07e-002  5.77e-003  7.70e-003  1.59e-003  2.77e-003  
5.36995e+016 1.66e-015  0.00e+000  7.76e-001  7.34e-002  5.68e-002  5.26e-002  1.14e-002  1.04e-002  5.59e-003  7.34e-003  1.52e-003  2.48e-003  
5.39765e+016 1.99e-015  0.00e+000  7.82e-001  7.62e-002  5.62e-002  4.55e-002  1.12e-002  9.98e-003  5.37e-003  6.97e-003  1.44e-003  2.21e-003  
5.42627e+016 2.38e-015  0.00e+000  7.88e-001  7.93e-002  5.49e-002  3.95e-002  1.10e-002  9.60e-003  5.16e-003  6.63e-003  1.37e-003  1.98e-003  
5.45738e+016 2.87e-015  0.00e+000  7.94e-001  8.15e-002  5.37e-002  3.41e-002  1.08e-002  9.23e-003  4.98e-003  6.31e-003  1.30e-003  1.75e-003  
5.49079e+016 3.45e-015  0.00e+000  7.99e-001  8.40e-002  5.21e-002  2.95e-002  1.05e-002  8.86e-003  4.78e-003  6.00e-003  1.24e-003  1.56e-003  
5.52575e+016 4.13e-015  0.00e+000  8.04e-001  8.60e-002  5.08e-002  2.59e-002  1.02e-002  8.50e-003  4.58e-003  5.74e-003  1.19e-003  1.39e-003  
5.56155e+016 4.88e-015  0.00e+000  8.07e-001  8.75e-002  4.96e-002  2.32e-002  9.96e-003  8.20e-003  4.41e-003  5.53e-003  1.15e-003  1.25e-003  
5.59918e+016 5.74e-015  0.00e+000  8.12e-001  8.83e-002  4.82e-002  2.09e-002  9.70e-003  7.89e-003  4.25e-003  5.35e-003  1.11e-003  1.13e-003  
5.63913e+016 6.69e-015  0.00e+000  8.15e-001  8.88e-002  4.72e-002  1.93e-002  9.48e-003  7.64e-003  4.11e-003  5.20e-003  1.08e-003  1.02e-003  
5.68226e+016 7.75e-015  0.00e+000  8.18e-001  8.84e-002  4.62e-002  1.79e-002  9.28e-003  7.41e-003  3.99e-003  5.08e-003  1.05e-003  9.34e-004  
5.72780e+016 8.85e-015  0.00e+000  8.21e-001  8.74e-002  4.55e-002  1.72e-002  9.14e-003  7.23e-003  3.90e-003  5.00e-003  1.03e-003  8.59e-004  
5.77650e+016 9.99e-015  0.00e+000  8.24e-001  8.58e-002  4.52e-002  1.67e-002  9.06e-003  7.10e-003  3.83e-003  4.97e-003  1.03e-003  7.95e-004  
5.82707e+016 1.11e-014  0.00e+000  8.27e-001  8.36e-002  4.52e-002  1.65e-002  9.03e-003  7.04e-003  3.79e-003  4.97e-003  1.03e-003  7.44e-004  
5.88124e+016 1.21e-014  0.00e+000  8.29e-001  8.09e-002  4.57e-002  1.67e-002  9.20e-003  7.04e-003  3.80e-003  5.02e-003  1.04e-003  7.03e-004  
5.93801e+016 1.29e-014  0.00e+000  8.29e-001  7.83e-002  4.67e-002  1.71e-002  9.38e-003  7.14e-003  3.84e-003  5.14e-003  1.06e-003  6.72e-004  
5.99878e+016 1.36e-014  0.00e+000  8.30e-001  7.49e-002  4.83e-002  1.77e-002  9.69e-003  7.29e-003  3.93e-003  5.28e-003  1.09e-003  6.46e-004  
6.06254e+016 1.41e-014  0.00e+000  8.29e-001  7.16e-002  5.04e-002  1.86e-002  1.01e-002  7.51e-003  4.06e-003  5.48e-003  1.13e-003  6.28e-004  
6.12860e+016 1.44e-014  0.00e+000  8.27e-001  6.86e-002  5.33e-002  1.96e-002  1.07e-002  7.85e-003  4.24e-003  5.72e-003  1.18e-003  6.16e-004  
6.19772e+016 1.45e-014  0.00e+000  8.22e-001  6.63e-002  5.67e-002  2.09e-002  1.14e-002  8.29e-003  4.48e-003  6.01e-003  1.24e-003  6.09e-004  
6.27006e+016 1.43e-014  0.00e+000  8.16e-001  6.47e-002  6.10e-002  2.24e-002  1.23e-002  8.86e-003  4.78e-003  6.35e-003  1.31e-003  6.07e-004  
6.34752e+016 1.40e-014  0.00e+000  8.07e-001  6.42e-002  6.64e-002  2.42e-002  1.33e-002  9.57e-003  5.15e-003  6.76e-003  1.40e-003  6.11e-004  
6.43223e+016 1.36e-014  0.00e+000  7.95e-001  6.43e-002  7.27e-002  2.61e-002  1.46e-002  1.04e-002  5.60e-003  7.21e-003  1.49e-003  6.16e-004  
6.52408e+016 1.31e-014  0.00e+000  7.81e-001  6.53e-002  7.97e-002  2.83e-002  1.61e-002  1.14e-002  6.14e-003  7.74e-003  1.59e-003  6.22e-004  
6.62440e+016 1.24e-014  0.00e+000  7.62e-001  6.79e-002  8.90e-002  3.07e-002  1.80e-002  1.27e-002  6.82e-003  8.33e-003  1.72e-003  6.35e-004  
6.73219e+016 1.17e-014  0.00e+000  7.41e-001  7.14e-002  9.95e-002  3.30e-002  2.00e-002  1.41e-002  7.59e-003  8.92e-003  1.85e-003  6.48e-004  
6.84641e+016 1.10e-014  0.00e+000  7.16e-001  7.60e-002  1.11e-001  3.51e-002  2.24e-002  1.57e-002  8.44e-003  9.58e-003  1.99e-003  6.63e-004  
6.96945e+016 1.03e-014  0.00e+000  6.89e-001  8.19e-002  1.25e-001  3.70e-002  2.49e-002  1.74e-002  9.40e-003  1.02e-002  2.12e-003  6.81e-004  
7.10391e+016 9.58e-015  0.00e+000  6.59e-001  8.89e-002  1.39e-001  3.83e-002  2.80e-002  1.95e-002  1.04e-002  1.10e-002  2.26e-003  7.02e-004  
7.25155e+016 8.96e-015  0.00e+000  6.27e-001  9.72e-002  1.55e-001  3.88e-002  3.11e-002  2.15e-002  1.16e-002  1.16e-002  2.40e-003  7.24e-004  
7.42223e+016 8.36e-015  0.00e+000  5.92e-001  1.08e-001  1.72e-001  3.81e-002  3.47e-002  2.39e-002  1.29e-002  1.22e-002  2.52e-003  7.50e-004  
7.63108e+016 7.79e-015  0.00e+000  5.52e-001  1.21e-001  1.93e-001  3.60e-002  3.85e-002  2.63e-002  1.43e-002  1.27e-002  2.63e-003  7.78e-004  
7.86896e+016 7.26e-015  0.00e+000  5.14e-001  1.35e-001  2.12e-001  3.25e-002  4.25e-002  2.88e-002  1.56e-002  1.31e-002  2.70e-003  8.12e-004  
8.18150e+016 6.74e-015  0.00e+000  4.73e-001  1.51e-001  2.33e-001  2.73e-002  4.67e-002  3.12e-002  1.68e-002  1.32e-002  2.73e-003  8.55e-004  
8.55776e+016 6.23e-015  0.00e+000  4.35e-001  1.69e-001  2.52e-001  2.18e-002  5.07e-002  3.32e-002  1.80e-002  1.30e-002  2.70e-003  9.09e-004  
9.00548e+016 5.74e-015  0.00e+000  3.99e-001  1.86e-001  2.70e-001  1.72e-002  5.41e-002  3.48e-002  1.86e-002  1.26e-002  2.61e-003  9.71e-004  
9.53916e+016 5.24e-015  0.00e+000  3.65e-001  2.04e-001  2.85e-001  1.38e-002  5.71e-002  3.59e-002  1.93e-002  1.20e-002  2.48e-003  1.06e-003  
1.01535e+017 4.76e-015  0.00e+000  3.32e-001  2.25e-001  2.96e-001  1.15e-002  5.95e-002  3.66e-002  1.97e-002  1.13e-002  2.35e-003  1.17e-003  
1.09249e+017 4.37e-015  0.00e+000  2.95e-001  2.52e-001  3.06e-001  9.67e-003  6.15e-002  3.66e-002  1.96e-002  1.04e-002  2.16e-003  1.33e-003  
1.19176e+017 4.24e-015  0.00e+000  2.55e-001  2.90e-001  3.11e-001  8.14e-003  6.27e-002  3.49e-002  1.88e-002  9.27e-003  1.92e-003  1.59e-003  
1.32448e+017 4.91e-015  0.00e+000  2.03e-001  3.62e-001  3.01e-001  6.31e-003  6.02e-002  3.07e-002  1.66e-002  7.65e-003  1.58e-003  2.01e-003  
