! 0       H2 + OH -> H2O + H
! 1       H2 + OH -> O + H2 + H
! 2       H + OH -> O + H2
! 3       H + OH -> H2O
! 4       CH4 + OH -> H2O + CH3
! 5       OH + H2CO -> HCO + H2O
! 6       OH + GRAIN -> *OH + GRAIN
! 7       H + OH -> O + H + H
! 8       NH + OH -> H2O + N
! 9       OH + NH3 -> H2O + NH2
! 10      O + OH -> O2 + H
! 11      NH + OH -> HNO + H
! 12      C + OH -> CO + H
! 13      CH3 + OH -> H2CO + H2
! 14      OH + HCO -> CO + H2O
! 15      N + OH -> NO + H
! 16      OH + H3+ -> H2 + H2O+
! 17      OH + CO -> CO2 + H
! 18      OH + HCO+ -> H + HCO2+
! 19      OH + HCO+ -> CO + H2O+
! 20      OH + S -> SO + H
! 21      OH + C+ -> H + CO+
!            tot_rate   0          1          2          3          4          5          6          7          8          9          10         11         12         13         14         15         16         17         18         19         20         21         
1.58188e+013 6.20e-014  5.65e-062  0.00e+000  1.89e-076  1.94e-002  4.81e-050  2.24e-004  9.82e-003  0.00e+000  3.44e-007  1.84e-008  6.44e-001  1.73e-004  2.90e-003  4.69e-006  1.40e-004  7.55e-002  4.58e-002  7.36e-009  6.49e-002  4.02e-002  5.78e-003  5.31e-002  
3.50727e+014 6.20e-014  5.65e-062  0.00e+000  1.89e-076  1.94e-002  4.81e-050  2.24e-004  9.82e-003  0.00e+000  3.44e-007  1.84e-008  6.44e-001  1.73e-004  2.90e-003  4.69e-006  1.40e-004  7.55e-002  4.58e-002  7.36e-009  6.49e-002  4.02e-002  5.78e-003  5.31e-002  
5.21628e+015 6.20e-014  5.65e-062  0.00e+000  1.89e-076  1.94e-002  4.81e-050  2.24e-004  9.84e-003  0.00e+000  3.45e-007  1.84e-008  6.44e-001  1.73e-004  2.90e-003  4.70e-006  1.40e-004  7.55e-002  4.58e-002  7.36e-009  6.47e-002  4.02e-002  5.78e-003  5.31e-002  
2.67137e+016 5.68e-014  7.36e-062  0.00e+000  2.52e-076  2.11e-002  5.92e-050  2.47e-004  2.70e-002  0.00e+000  3.79e-007  2.01e-008  7.03e-001  1.90e-004  3.15e-003  5.11e-006  1.48e-004  8.24e-002  3.66e-002  8.17e-009  3.59e-002  2.22e-002  6.31e-003  3.15e-002  
3.33598e+016 5.31e-014  2.43e-060  0.00e+000  1.30e-074  2.26e-002  6.48e-049  2.64e-004  4.99e-002  0.00e+000  4.16e-007  2.28e-008  7.65e-001  2.03e-004  3.33e-003  5.35e-006  1.52e-004  9.00e-002  1.43e-002  1.23e-008  1.43e-002  8.87e-003  6.72e-003  9.49e-003  
3.42055e+016 5.26e-014  5.86e-059  0.00e+000  4.76e-073  2.28e-002  5.65e-048  2.66e-004  3.80e-002  0.00e+000  4.32e-007  2.45e-008  7.86e-001  2.05e-004  3.37e-003  5.38e-006  1.52e-004  9.28e-002  1.10e-002  1.71e-008  1.15e-002  7.10e-003  6.79e-003  7.15e-003  
3.44017e+016 5.25e-014  1.94e-058  0.00e+000  1.86e-072  2.29e-002  1.28e-047  2.69e-004  3.47e-002  0.00e+000  4.36e-007  2.50e-008  7.91e-001  2.06e-004  3.37e-003  5.39e-006  1.51e-004  9.37e-002  1.03e-002  1.92e-008  1.08e-002  6.69e-003  6.80e-003  6.65e-003  
3.46353e+016 5.25e-014  1.19e-057  0.00e+000  1.44e-071  2.28e-002  4.38e-047  2.68e-004  3.05e-002  0.00e+000  4.43e-007  2.59e-008  7.98e-001  2.06e-004  3.37e-003  5.37e-006  1.50e-004  9.48e-002  9.36e-003  2.30e-008  9.95e-003  6.17e-003  6.79e-003  6.03e-003  
3.48860e+016 5.28e-014  1.52e-056  0.00e+000  2.58e-070  2.27e-002  2.48e-046  2.67e-004  2.58e-002  0.00e+000  4.51e-007  2.71e-008  8.05e-001  2.05e-004  3.35e-003  5.34e-006  1.48e-004  9.60e-002  8.41e-003  2.97e-008  9.05e-003  5.61e-003  6.76e-003  5.34e-003  
3.51370e+016 5.33e-014  4.75e-055  0.00e+000  1.26e-068  2.25e-002  2.55e-045  2.65e-004  2.10e-002  0.00e+000  4.60e-007  2.87e-008  8.12e-001  2.03e-004  3.32e-003  5.29e-006  1.45e-004  9.74e-002  7.41e-003  4.15e-008  8.12e-003  5.05e-003  6.70e-003  4.45e-003  
3.53250e+016 5.38e-014  1.38e-053  0.00e+000  5.74e-067  2.23e-002  2.53e-044  2.62e-004  1.77e-002  0.00e+000  4.70e-007  3.05e-008  8.18e-001  2.01e-004  3.29e-003  5.22e-006  1.43e-004  9.87e-002  6.65e-003  5.76e-008  7.45e-003  4.61e-003  6.63e-003  3.42e-003  
3.55515e+016 5.49e-014  2.75e-051  0.00e+000  2.31e-064  2.18e-002  9.23e-043  2.57e-004  1.39e-002  0.00e+000  4.84e-007  3.33e-008  8.24e-001  1.95e-004  3.22e-003  5.11e-006  1.39e-004  1.00e-001  5.82e-003  9.61e-008  6.61e-003  4.09e-003  6.48e-003  1.61e-003  
3.57182e+016 5.60e-014  4.25e-049  0.00e+000  6.98e-062  2.14e-002  2.84e-041  2.52e-004  1.13e-002  0.00e+000  5.00e-007  3.63e-008  8.29e-001  1.91e-004  3.16e-003  5.02e-006  1.35e-004  1.01e-001  5.20e-003  1.56e-007  5.98e-003  3.72e-003  6.36e-003  4.75e-004  
3.58524e+016 5.72e-014  5.95e-047  0.00e+000  1.89e-059  2.10e-002  8.20e-040  2.47e-004  9.46e-003  0.00e+000  5.16e-007  3.97e-008  8.32e-001  1.87e-004  3.10e-003  4.91e-006  1.31e-004  1.02e-001  4.69e-003  2.52e-007  5.47e-003  3.39e-003  6.23e-003  8.59e-005  
3.60047e+016 5.88e-014  5.15e-044  0.00e+000  4.04e-056  2.04e-002  8.24e-038  2.40e-004  7.53e-003  0.00e+000  5.40e-007  4.50e-008  8.36e-001  1.82e-004  3.01e-003  4.78e-006  1.27e-004  1.04e-001  4.13e-003  4.83e-007  4.89e-003  3.04e-003  6.05e-003  6.51e-006  
3.61718e+016 6.11e-014  4.62e-040  0.00e+000  1.23e-051  1.96e-002  4.17e-035  2.31e-004  5.71e-003  0.00e+000  5.81e-007  5.43e-008  8.40e-001  1.75e-004  2.90e-003  4.62e-006  1.21e-004  1.06e-001  3.55e-003  1.16e-006  4.27e-003  2.65e-003  5.83e-003  1.83e-006  
3.62899e+016 6.30e-014  9.28e-037  0.00e+000  6.99e-048  1.89e-002  7.96e-033  2.24e-004  4.62e-003  0.00e+000  6.23e-007  6.45e-008  8.42e-001  1.70e-004  2.81e-003  4.48e-006  1.17e-004  1.08e-001  3.16e-003  2.40e-006  3.86e-003  2.40e-003  5.65e-003  1.39e-006  
3.63893e+016 6.47e-014  1.22e-033  0.00e+000  2.46e-044  1.70e-002  1.20e-030  2.18e-004  3.85e-003  0.00e+000  6.73e-007  7.72e-008  8.44e-001  1.65e-004  2.74e-003  4.36e-006  1.13e-004  1.09e-001  2.85e-003  4.81e-006  3.53e-003  2.18e-003  5.51e-003  1.26e-006  
3.64972e+016 6.65e-014  6.31e-030  0.00e+000  4.13e-040  1.42e-002  5.20e-028  2.12e-004  3.11e-003  0.00e+000  7.47e-007  9.83e-008  8.48e-001  1.61e-004  2.66e-003  4.24e-006  1.09e-004  1.11e-001  2.56e-003  1.10e-005  3.19e-003  1.98e-003  5.35e-003  1.12e-006  
3.66124e+016 6.84e-014  1.16e-025  0.00e+000  3.01e-035  1.06e-002  6.52e-025  2.06e-004  2.49e-003  0.00e+000  8.66e-007  1.39e-007  8.51e-001  1.56e-004  2.59e-003  4.12e-006  1.06e-004  1.13e-001  2.27e-003  2.85e-005  2.87e-003  1.78e-003  5.21e-003  1.00e-006  
3.67348e+016 7.00e-014  6.14e-021  0.00e+000  7.48e-030  6.67e-003  2.13e-021  2.01e-004  1.96e-003  0.00e+000  1.06e-006  2.37e-007  8.54e-001  1.53e-004  2.53e-003  4.03e-006  1.03e-004  1.16e-001  2.01e-003  8.29e-005  2.73e-003  1.68e-003  5.08e-003  8.94e-007  
3.68621e+016 7.10e-014  4.72e-016  0.00e+000  3.00e-024  3.25e-003  1.10e-017  2.01e-004  1.54e-003  0.00e+000  1.40e-006  5.56e-007  8.55e-001  1.51e-004  2.49e-003  3.99e-006  1.01e-004  1.19e-001  1.77e-003  2.56e-004  2.82e-003  1.75e-003  5.01e-003  8.30e-007  
3.69700e+016 7.09e-014  4.00e-012  0.00e+000  1.02e-019  1.41e-003  1.23e-014  2.09e-004  1.26e-003  0.00e+000  1.89e-006  1.56e-006  8.54e-001  1.51e-004  2.50e-003  3.99e-006  1.01e-004  1.21e-001  1.62e-003  6.53e-004  2.96e-003  1.83e-003  5.02e-003  8.97e-007  
3.70376e+016 7.03e-014  7.71e-010  0.00e+000  4.54e-017  7.38e-004  7.83e-013  2.20e-004  1.12e-003  0.00e+000  2.35e-006  3.43e-006  8.53e-001  1.52e-004  2.52e-003  4.02e-006  1.01e-004  1.23e-001  1.54e-003  1.15e-003  3.09e-003  1.92e-003  5.06e-003  9.67e-007  
3.71087e+016 6.92e-014  1.25e-007  0.00e+000  1.70e-014  3.34e-004  4.67e-011  2.41e-004  1.01e-003  0.00e+000  3.05e-006  8.49e-006  8.51e-001  1.55e-004  2.56e-003  4.10e-006  1.03e-004  1.24e-001  1.47e-003  2.05e-003  3.26e-003  2.02e-003  5.16e-003  1.08e-006  
3.71826e+016 6.75e-014  1.39e-005  0.00e+000  4.37e-012  1.30e-004  2.25e-009  2.80e-004  9.10e-004  0.00e+000  4.10e-006  2.34e-005  8.47e-001  1.59e-004  2.62e-003  4.21e-006  1.05e-004  1.25e-001  1.45e-003  3.66e-003  3.51e-003  2.18e-003  5.29e-003  1.25e-006  
3.72589e+016 6.54e-014  8.94e-004  0.00e+000  6.14e-010  4.41e-005  7.62e-008  3.55e-004  8.29e-004  0.00e+000  5.74e-006  6.92e-005  8.42e-001  1.64e-004  2.72e-003  4.36e-006  1.08e-004  1.26e-001  1.50e-003  6.40e-003  3.84e-003  2.37e-003  5.46e-003  1.51e-006  
3.73370e+016 6.47e-014  2.81e-002  0.00e+000  3.94e-008  1.33e-005  1.55e-006  4.79e-004  7.45e-004  0.00e+000  7.97e-006  2.06e-004  8.12e-001  1.65e-004  2.75e-003  4.42e-006  1.10e-004  1.23e-001  1.51e-003  1.05e-002  4.13e-003  2.57e-003  5.54e-003  1.81e-006  
3.74165e+016 8.80e-014  3.15e-001  0.00e+000  8.20e-007  2.82e-006  1.32e-005  5.58e-004  4.91e-004  0.00e+000  8.02e-006  4.39e-004  5.66e-001  1.23e-004  2.03e-003  3.27e-006  8.09e-005  8.73e-002  1.09e-003  1.17e-002  3.26e-003  2.02e-003  4.07e-003  1.59e-006  
3.74829e+016 2.22e-013  7.37e-001  3.80e-075  3.00e-006  4.06e-007  2.67e-005  3.71e-004  1.79e-004  1.11e-078  4.08e-006  4.01e-004  2.14e-001  4.86e-005  8.05e-004  1.30e-006  3.22e-005  3.34e-002  4.15e-004  6.12e-003  1.38e-003  8.54e-004  1.61e-003  7.15e-007  
3.75505e+016 7.71e-013  9.27e-001  6.33e-061  5.63e-006  7.58e-008  2.95e-005  1.87e-004  4.81e-005  1.84e-064  1.51e-006  2.53e-004  5.92e-002  1.40e-005  2.34e-004  3.79e-007  9.34e-006  9.29e-003  1.13e-004  2.19e-003  4.27e-004  2.65e-004  4.66e-004  2.22e-007  
3.76194e+016 2.55e-012  9.79e-001  2.18e-049  8.65e-006  2.29e-008  2.79e-005  1.00e-004  1.37e-005  6.34e-053  5.79e-007  1.54e-004  1.70e-002  4.23e-006  7.05e-005  1.15e-007  2.85e-006  2.69e-003  3.16e-005  7.59e-004  1.38e-004  8.57e-005  1.41e-004  6.77e-008  
3.76839e+016 7.16e-012  9.93e-001  2.79e-040  1.24e-005  8.14e-009  2.64e-005  6.04e-005  4.63e-006  8.12e-044  2.62e-007  9.63e-005  5.77e-003  1.51e-006  2.50e-005  4.12e-008  1.04e-006  9.23e-004  1.03e-005  2.95e-004  5.23e-005  3.24e-005  5.00e-005  2.33e-008  
3.76854e+016 7.32e-012  9.93e-001  4.29e-040  1.25e-005  7.96e-009  2.64e-005  5.98e-005  4.53e-006  1.25e-043  2.58e-007  9.53e-005  5.64e-003  1.47e-006  2.44e-005  4.03e-008  1.02e-006  9.01e-004  1.01e-005  2.89e-004  5.12e-005  3.18e-005  4.89e-005  2.28e-008  
3.76877e+016 7.60e-012  9.93e-001  8.75e-040  1.26e-005  7.67e-009  2.63e-005  5.87e-005  4.35e-006  2.55e-043  2.50e-007  9.35e-005  5.43e-003  1.42e-006  2.35e-005  3.89e-008  9.82e-007  8.68e-004  9.68e-006  2.79e-004  4.94e-005  3.06e-005  4.71e-005  2.20e-008  
3.76917e+016 8.07e-012  9.93e-001  2.80e-039  1.29e-005  7.22e-009  2.63e-005  5.70e-005  4.09e-006  8.17e-043  2.39e-007  9.09e-005  5.12e-003  1.34e-006  2.22e-005  3.67e-008  9.28e-007  8.15e-004  9.07e-006  2.64e-004  4.67e-005  2.90e-005  4.43e-005  2.06e-008  
3.76980e+016 8.89e-012  9.94e-001  1.81e-038  1.34e-005  6.55e-009  2.62e-005  5.44e-005  3.70e-006  5.26e-042  2.23e-007  8.67e-005  4.65e-003  1.21e-006  2.01e-005  3.33e-008  8.47e-007  7.36e-004  8.15e-006  2.42e-004  4.27e-005  2.64e-005  4.03e-005  1.87e-008  
3.77083e+016 1.04e-011  9.95e-001  3.50e-037  1.42e-005  5.63e-009  2.62e-005  5.06e-005  3.16e-006  1.01e-040  1.99e-007  8.05e-005  4.00e-003  1.05e-006  1.74e-005  2.87e-008  7.34e-007  6.30e-004  6.90e-006  2.10e-004  3.71e-005  2.30e-005  3.46e-005  1.58e-008  
3.77248e+016 1.33e-011  9.96e-001  3.48e-035  1.55e-005  4.41e-009  2.60e-005  4.50e-005  2.45e-006  1.01e-038  1.66e-007  7.12e-005  3.13e-003  8.22e-007  1.36e-005  2.25e-008  5.85e-007  4.87e-004  5.27e-006  1.67e-004  2.94e-005  1.83e-005  2.71e-005  1.23e-008  
3.77450e+016 1.80e-011  9.97e-001  7.18e-033  1.72e-005  3.28e-009  2.57e-005  3.88e-005  1.80e-006  2.09e-036  1.34e-007  6.13e-005  2.33e-003  6.13e-007  1.01e-005  1.68e-008  4.47e-007  3.58e-004  3.79e-006  1.27e-004  2.23e-005  1.38e-005  2.02e-005  8.97e-009  
3.77655e+016 2.39e-011  9.98e-001  9.56e-031  1.91e-005  2.51e-009  2.58e-005  3.36e-005  1.37e-006  2.79e-034  1.11e-007  5.32e-005  1.78e-003  4.69e-007  7.75e-006  1.29e-008  3.55e-007  2.70e-004  2.80e-006  9.89e-005  1.74e-005  1.07e-005  1.54e-005  6.75e-009  
3.77936e+016 3.20e-011  9.98e-001  7.63e-029  2.10e-005  1.95e-009  2.58e-005  2.74e-005  1.05e-006  2.23e-032  9.26e-008  4.69e-005  1.38e-003  3.66e-007  6.01e-006  1.01e-008  2.93e-007  2.07e-004  2.07e-006  7.79e-005  1.38e-005  8.54e-006  1.20e-005  5.10e-009  
3.78016e+016 3.48e-011  9.98e-001  2.59e-028  2.17e-005  1.82e-009  2.59e-005  2.59e-005  9.75e-007  7.57e-032  8.83e-008  4.55e-005  1.29e-003  3.39e-007  5.61e-006  9.46e-009  2.79e-007  1.93e-004  1.90e-006  7.31e-005  1.29e-005  8.03e-006  1.12e-005  4.72e-009  
3.78111e+016 3.87e-011  9.98e-001  1.11e-027  2.24e-005  1.67e-009  2.59e-005  2.42e-005  8.95e-007  3.23e-031  8.33e-008  4.35e-005  1.18e-003  3.13e-007  5.15e-006  8.74e-009  2.61e-007  1.76e-004  1.72e-006  6.75e-005  1.19e-005  7.42e-006  1.03e-005  4.29e-009  
3.78273e+016 4.67e-011  9.99e-001  1.28e-026  2.38e-005  1.45e-009  2.61e-005  2.16e-005  7.69e-007  3.73e-030  7.54e-008  4.07e-005  1.02e-003  2.72e-007  4.46e-006  7.63e-009  2.38e-007  1.52e-004  1.45e-006  5.89e-005  1.05e-005  6.49e-006  8.89e-006  3.66e-009  
3.78530e+016 6.46e-011  9.99e-001  5.68e-025  2.62e-005  1.15e-009  2.63e-005  1.80e-005  6.07e-007  1.66e-028  6.46e-008  3.67e-005  8.10e-004  2.15e-007  3.55e-006  6.15e-009  2.03e-007  1.19e-004  1.10e-006  4.75e-005  8.49e-006  5.27e-006  7.08e-006  2.85e-009  
3.78818e+016 9.68e-011  9.99e-001  3.37e-023  2.91e-005  8.95e-010  2.67e-005  1.48e-005  4.68e-007  9.84e-027  5.44e-008  3.28e-005  6.24e-004  1.67e-007  2.75e-006  4.90e-009  1.74e-007  9.09e-005  8.10e-007  3.74e-005  6.72e-006  4.16e-006  5.49e-006  2.14e-009  
3.79076e+016 1.43e-010  9.99e-001  1.06e-021  3.21e-005  7.20e-010  2.72e-005  1.24e-005  3.75e-007  3.10e-025  4.74e-008  3.00e-005  4.99e-004  1.36e-007  2.22e-006  4.08e-009  1.54e-007  7.20e-005  6.23e-007  3.05e-005  5.51e-006  3.41e-006  4.42e-006  1.68e-009  
3.79253e+016 1.91e-010  9.99e-001  1.00e-020  3.43e-005  6.23e-010  2.75e-005  1.11e-005  3.22e-007  2.94e-024  4.30e-008  2.83e-005  4.26e-004  1.17e-007  1.90e-006  3.63e-009  1.43e-007  6.17e-005  5.20e-007  2.65e-005  4.79e-006  2.97e-006  3.80e-006  1.42e-009  
3.79502e+016 2.91e-010  9.99e-001  2.01e-019  3.74e-005  5.08e-010  2.80e-005  9.51e-006  2.62e-007  5.87e-023  3.78e-008  2.62e-005  3.43e-004  9.51e-008  1.56e-006  3.14e-009  1.31e-007  4.98e-005  4.05e-007  2.19e-005  3.98e-006  2.47e-006  3.10e-006  1.13e-009  
3.79755e+016 4.51e-010  1.00e+000  3.57e-018  4.14e-005  4.17e-010  2.86e-005  8.18e-006  2.15e-007  1.05e-021  3.35e-008  2.44e-005  2.75e-004  7.82e-008  1.27e-006  2.79e-009  1.20e-007  4.01e-005  3.17e-007  1.81e-005  3.30e-006  2.05e-006  2.55e-006  9.00e-010  
3.79897e+016 5.76e-010  1.00e+000  1.63e-017  4.36e-005  3.75e-010  2.90e-005  7.55e-006  1.93e-007  4.79e-021  3.12e-008  2.34e-005  2.43e-004  7.01e-008  1.14e-006  2.67e-009  1.16e-007  3.57e-005  2.78e-007  1.63e-005  2.98e-006  1.86e-006  2.27e-006  7.95e-010  
3.79918e+016 5.98e-010  1.00e+000  2.04e-017  4.40e-005  3.69e-010  2.89e-005  7.46e-006  1.89e-007  6.02e-021  3.09e-008  2.34e-005  2.37e-004  6.90e-008  1.12e-006  2.64e-009  1.15e-007  3.51e-005  2.72e-007  1.61e-005  2.94e-006  1.82e-006  2.24e-006  7.79e-010  
3.79956e+016 6.37e-010  1.00e+000  3.00e-017  4.46e-005  3.59e-010  2.90e-005  7.30e-006  1.84e-007  8.85e-021  3.04e-008  2.31e-005  2.31e-004  6.72e-008  1.09e-006  2.62e-009  1.14e-007  3.41e-005  2.64e-007  1.57e-005  2.87e-006  1.77e-006  2.18e-006  7.55e-010  
3.80017e+016 7.06e-010  1.00e+000  5.58e-017  4.56e-005  3.44e-010  2.93e-005  7.07e-006  1.76e-007  1.64e-020  2.97e-008  2.28e-005  2.18e-004  6.43e-008  1.04e-006  2.59e-009  1.12e-007  3.26e-005  2.49e-007  1.50e-005  2.75e-006  1.71e-006  2.08e-006  7.16e-010  
3.80129e+016 8.50e-010  1.00e+000  1.67e-016  4.75e-005  3.18e-010  2.95e-005  6.66e-006  1.62e-007  4.92e-020  2.83e-008  2.22e-005  1.99e-004  5.94e-008  9.64e-007  2.53e-009  1.10e-007  2.99e-005  2.26e-007  1.39e-005  2.55e-006  1.59e-006  1.92e-006  6.53e-010  
3.80319e+016 1.16e-009  1.00e+000  1.03e-015  5.08e-005  2.78e-010  3.01e-005  6.01e-006  1.41e-007  3.03e-019  2.62e-008  2.13e-005  1.66e-004  5.21e-008  8.39e-007  2.48e-009  1.05e-007  2.57e-005  1.90e-007  1.22e-005  2.25e-006  1.40e-006  1.67e-006  5.57e-010  
3.80578e+016 1.72e-009  1.00e+000  1.08e-014  5.64e-005  2.35e-010  3.10e-005  5.29e-006  1.19e-007  3.21e-018  2.41e-008  2.03e-005  1.31e-004  4.43e-008  7.03e-007  2.51e-009  1.01e-007  2.13e-005  1.53e-007  1.03e-005  1.91e-006  1.18e-006  1.39e-006  4.53e-010  
3.80629e+016 1.86e-009  1.00e+000  1.64e-014  5.70e-005  2.26e-010  3.11e-005  5.14e-006  1.14e-007  4.92e-018  2.36e-008  2.00e-005  1.24e-004  4.29e-008  6.72e-007  2.51e-009  9.94e-008  2.04e-005  1.46e-007  9.94e-006  1.84e-006  1.14e-006  1.34e-006  4.33e-010  
3.80713e+016 2.09e-009  1.00e+000  3.25e-014  5.88e-005  2.15e-010  3.14e-005  4.93e-006  1.09e-007  9.76e-018  2.32e-008  1.97e-005  1.14e-004  4.11e-008  6.36e-007  2.55e-009  9.85e-008  1.93e-005  1.36e-007  9.47e-006  1.75e-006  1.09e-006  1.27e-006  4.06e-010  
3.80859e+016 2.52e-009  1.00e+000  1.01e-013  6.23e-005  1.98e-010  3.20e-005  4.64e-006  1.00e-007  3.04e-017  2.27e-008  1.93e-005  9.92e-005  3.87e-008  5.83e-007  2.66e-009  9.68e-008  1.75e-005  1.22e-007  8.69e-006  1.61e-006  1.00e-006  1.15e-006  3.65e-010  
3.81083e+016 3.31e-009  1.00e+000  5.71e-013  6.77e-005  1.73e-010  3.26e-005  4.20e-006  8.67e-008  1.75e-016  2.24e-008  1.86e-005  7.73e-005  3.59e-008  4.98e-007  2.85e-009  9.33e-008  1.50e-005  1.01e-007  7.58e-006  1.40e-006  8.70e-007  9.91e-007  3.08e-010  
3.81265e+016 4.01e-009  1.00e+000  2.14e-012  7.26e-005  1.56e-010  3.34e-005  3.86e-006  7.75e-008  6.58e-016  2.31e-008  1.81e-005  6.21e-005  3.54e-008  4.41e-007  3.12e-009  9.08e-008  1.32e-005  8.80e-008  6.81e-006  1.26e-006  7.83e-007  8.75e-007  2.69e-010  
3.81480e+016 4.79e-009  1.00e+000  8.41e-012  7.85e-005  1.40e-010  3.42e-005  3.57e-006  6.91e-008  2.63e-015  2.57e-008  1.76e-005  4.70e-005  3.69e-008  3.86e-007  3.61e-009  8.83e-008  1.16e-005  7.56e-008  6.05e-006  1.13e-006  6.99e-007  7.62e-007  2.32e-010  
3.81769e+016 5.72e-009  1.00e+000  5.38e-011  8.77e-005  1.21e-010  3.55e-005  3.18e-006  5.89e-008  1.71e-014  3.27e-008  1.70e-005  3.04e-005  4.37e-008  3.15e-007  4.88e-009  8.37e-008  9.67e-006  6.12e-008  5.16e-006  9.61e-007  5.96e-007  6.22e-007  1.89e-010  
3.81836e+016 5.87e-009  1.00e+000  7.95e-011  8.99e-005  1.17e-010  3.58e-005  3.10e-006  5.69e-008  2.54e-014  3.53e-008  1.69e-005  2.71e-005  4.62e-008  3.01e-007  5.35e-009  8.26e-008  9.30e-006  5.86e-008  4.97e-006  9.28e-007  5.76e-007  5.94e-007  1.81e-010  
3.81952e+016 6.05e-009  1.00e+000  1.50e-010  9.37e-005  1.11e-010  3.62e-005  2.97e-006  5.37e-008  4.83e-014  4.07e-008  1.67e-005  2.21e-005  5.17e-008  2.78e-007  6.43e-009  8.10e-008  8.69e-006  5.42e-008  4.69e-006  8.76e-007  5.44e-007  5.49e-007  1.67e-010  
3.82149e+016 6.13e-009  1.00e+000  4.44e-010  1.01e-004  1.02e-010  3.72e-005  2.77e-006  4.86e-008  1.45e-013  5.30e-008  1.65e-005  1.51e-005  6.43e-008  2.41e-007  9.22e-009  7.75e-008  7.75e-006  4.76e-008  4.26e-006  7.93e-007  4.91e-007  4.75e-007  1.47e-010  
3.82433e+016 5.65e-009  1.00e+000  1.89e-009  1.11e-004  8.95e-011  3.86e-005  2.53e-006  4.25e-008  6.30e-013  8.09e-008  1.61e-005  7.89e-006  9.13e-008  1.93e-007  1.70e-008  7.18e-008  6.57e-006  3.96e-008  3.70e-006  6.88e-007  4.26e-007  3.79e-007  1.23e-010  
3.82740e+016 4.42e-009  1.00e+000  7.85e-009  1.23e-004  7.85e-011  4.00e-005  2.28e-006  3.71e-008  2.65e-012  1.28e-007  1.57e-005  3.35e-006  1.35e-007  1.46e-007  3.39e-008  6.54e-008  5.52e-006  3.30e-008  3.21e-006  5.95e-007  3.69e-007  2.87e-007  1.02e-010  
3.83054e+016 2.85e-009  1.00e+000  2.90e-008  1.35e-004  6.88e-011  4.17e-005  2.09e-006  3.24e-008  9.89e-012  2.02e-007  1.54e-005  1.12e-006  1.97e-007  1.06e-007  6.35e-008  5.82e-008  4.60e-006  2.75e-008  2.80e-006  5.16e-007  3.20e-007  2.07e-007  8.45e-011  
3.83376e+016 1.52e-009  1.00e+000  9.67e-008  1.49e-004  6.05e-011  4.35e-005  1.94e-006  2.87e-008  3.32e-011  3.08e-007  1.53e-005  2.85e-007  2.80e-007  7.17e-008  1.03e-007  5.18e-008  3.82e-006  2.33e-008  2.46e-006  4.51e-007  2.80e-007  1.38e-007  7.10e-011  
3.83751e+016 7.69e-010  1.00e+000  3.33e-007  1.63e-004  5.24e-011  4.59e-005  1.81e-006  2.51e-008  1.15e-010  4.69e-007  1.51e-005  3.91e-008  3.94e-007  4.07e-008  1.34e-007  4.54e-008  3.00e-006  1.92e-008  2.13e-006  3.86e-007  2.39e-007  7.59e-008  5.82e-011  
3.84132e+016 6.89e-010  1.00e+000  1.07e-006  1.52e-004  4.90e-011  5.19e-005  1.86e-006  2.38e-008  3.69e-010  7.08e-007  1.60e-005  4.57e-009  5.50e-007  2.32e-008  1.42e-007  4.47e-008  2.48e-006  1.74e-008  1.99e-006  3.57e-007  2.21e-007  3.74e-008  5.18e-011  
3.84531e+016 1.01e-009  1.00e+000  3.33e-006  1.53e-004  4.92e-011  6.27e-005  2.14e-006  2.42e-008  1.16e-009  1.05e-006  1.81e-005  1.63e-009  7.59e-007  1.39e-008  1.56e-007  5.23e-008  2.04e-006  1.67e-008  2.00e-006  3.51e-007  2.18e-007  1.48e-008  4.93e-011  
3.84962e+016 1.46e-009  1.00e+000  9.72e-006  1.55e-004  4.99e-011  7.53e-005  2.63e-006  2.47e-008  3.42e-009  1.38e-006  2.05e-005  1.49e-009  9.31e-007  8.08e-009  1.96e-007  7.33e-008  1.57e-006  1.63e-008  2.01e-006  3.48e-007  2.16e-007  3.91e-009  4.70e-011  
3.85449e+016 1.55e-009  1.00e+000  2.70e-005  1.57e-004  5.05e-011  7.61e-005  3.14e-006  2.52e-008  9.67e-009  1.48e-006  2.06e-005  1.50e-009  9.93e-007  4.55e-009  2.57e-007  1.23e-007  1.15e-006  1.57e-008  2.02e-006  3.39e-007  2.10e-007  6.13e-010  4.44e-011  
3.85990e+016 9.14e-010  1.00e+000  7.05e-005  1.61e-004  5.15e-011  7.55e-005  3.39e-006  2.58e-008  2.57e-008  1.55e-006  2.06e-005  1.61e-009  1.04e-006  3.36e-009  3.19e-007  2.12e-007  8.22e-007  1.52e-008  2.02e-006  3.30e-007  2.05e-007  1.82e-010  4.20e-011  
3.86597e+016 4.12e-010  1.00e+000  1.70e-004  1.65e-004  5.29e-011  7.25e-005  2.86e-006  2.67e-008  6.38e-008  1.81e-006  2.05e-005  2.05e-009  1.22e-006  6.84e-009  4.03e-007  3.06e-007  5.65e-007  1.47e-008  2.03e-006  3.18e-007  1.97e-007  1.49e-010  3.98e-011  
3.87288e+016 4.38e-010  9.99e-001  3.81e-004  1.71e-004  5.50e-011  6.57e-005  1.72e-006  2.76e-008  1.48e-007  2.58e-006  1.99e-005  3.35e-009  1.74e-006  2.87e-008  5.52e-007  3.13e-007  3.72e-007  1.43e-008  2.03e-006  3.01e-007  1.87e-007  1.52e-010  3.79e-011  
3.88139e+016 6.82e-010  9.99e-001  8.26e-004  1.85e-004  5.91e-011  5.53e-005  5.60e-007  2.87e-008  3.46e-007  4.62e-006  1.86e-005  5.94e-009  3.11e-006  1.47e-007  7.61e-007  1.77e-007  2.45e-007  1.40e-008  2.04e-006  2.79e-007  1.73e-007  1.63e-010  3.61e-011  
3.89093e+016 1.13e-009  9.98e-001  1.60e-003  2.08e-004  6.70e-011  4.41e-005  7.36e-008  3.02e-008  7.55e-007  8.36e-006  1.61e-005  1.03e-008  5.64e-006  6.09e-007  9.27e-007  3.99e-008  2.25e-007  1.37e-008  2.05e-006  2.53e-007  1.57e-007  1.82e-010  3.47e-011  
3.90068e+016 1.81e-009  9.97e-001  2.64e-003  2.47e-004  7.92e-011  3.43e-005  3.45e-009  3.15e-008  1.48e-006  1.31e-005  1.29e-005  1.63e-008  8.86e-006  1.74e-006  9.86e-007  3.37e-009  3.56e-007  1.35e-008  2.04e-006  2.25e-007  1.40e-007  2.12e-010  3.38e-011  
3.91088e+016 2.70e-009  9.96e-001  3.96e-003  3.11e-004  9.99e-011  2.68e-005  7.18e-011  3.32e-008  2.81e-006  1.82e-005  9.77e-006  2.41e-008  1.23e-005  3.81e-006  9.66e-007  5.51e-010  6.81e-007  1.33e-008  2.04e-006  1.97e-007  1.22e-007  2.61e-010  3.35e-011  
3.92181e+016 3.84e-009  9.94e-001  5.52e-003  4.11e-004  1.32e-010  2.07e-005  3.62e-011  3.49e-008  5.18e-006  2.28e-005  7.18e-006  3.33e-008  1.54e-005  6.84e-006  8.95e-007  5.72e-010  1.23e-006  1.31e-008  2.05e-006  1.68e-007  1.04e-007  3.41e-010  3.33e-011  
3.93325e+016 5.16e-009  9.92e-001  7.15e-003  5.54e-004  1.78e-010  1.63e-005  4.34e-011  3.68e-008  9.09e-006  2.64e-005  5.35e-006  4.26e-008  1.77e-005  1.04e-005  8.08e-007  6.10e-010  1.94e-006  1.30e-008  2.03e-006  1.41e-007  8.72e-008  4.57e-010  3.31e-011  
3.94519e+016 6.54e-009  9.90e-001  8.70e-003  7.55e-004  2.43e-010  1.32e-005  4.98e-011  3.90e-008  1.51e-005  2.87e-005  4.16e-006  5.09e-008  1.93e-005  1.38e-005  7.28e-007  6.14e-010  2.74e-006  1.28e-008  2.05e-006  1.16e-007  7.20e-008  6.24e-010  3.29e-011  
3.95803e+016 7.92e-009  9.89e-001  9.98e-003  1.02e-003  3.28e-010  1.11e-005  5.48e-011  4.13e-008  2.35e-005  3.01e-005  3.40e-006  5.68e-008  2.03e-005  1.68e-005  6.64e-007  5.89e-010  3.51e-006  1.25e-008  2.05e-006  9.42e-008  5.85e-008  8.47e-010  3.27e-011  
3.97190e+016 9.13e-009  9.88e-001  1.08e-002  1.37e-003  4.38e-010  9.83e-006  5.84e-011  4.40e-008  3.41e-005  3.08e-005  2.95e-006  5.93e-008  2.08e-005  1.89e-005  6.23e-007  5.42e-010  4.15e-006  1.23e-008  2.05e-006  7.62e-008  4.73e-008  1.14e-009  3.23e-011  
3.98699e+016 1.01e-008  9.87e-001  1.11e-002  1.77e-003  5.69e-010  9.17e-006  6.05e-011  4.70e-008  4.54e-005  3.09e-005  2.74e-006  5.76e-008  2.09e-005  2.01e-005  6.03e-007  4.85e-010  4.55e-006  1.21e-008  2.06e-006  6.22e-008  3.85e-008  1.49e-009  3.19e-011  
4.00514e+016 1.07e-008  9.87e-001  1.08e-002  2.27e-003  7.30e-010  9.05e-006  6.12e-011  5.07e-008  5.64e-005  3.04e-005  2.73e-006  5.14e-008  2.05e-005  2.00e-005  6.03e-007  4.12e-010  4.65e-006  1.17e-008  2.06e-006  5.08e-008  3.16e-008  1.92e-009  3.12e-011  
4.02549e+016 1.09e-008  9.87e-001  9.87e-003  2.83e-003  9.10e-010  9.60e-006  6.10e-011  5.56e-008  6.40e-005  2.97e-005  2.94e-006  4.25e-008  2.00e-005  1.89e-005  6.32e-007  3.40e-010  4.42e-006  1.14e-008  2.08e-006  4.39e-008  2.71e-008  2.39e-009  3.06e-011  
4.04761e+016 1.09e-008  9.88e-001  8.40e-003  3.36e-003  1.08e-009  1.05e-005  5.89e-011  6.06e-008  6.50e-005  2.82e-005  3.35e-006  3.25e-008  1.90e-005  1.67e-005  6.73e-007  2.69e-010  3.87e-006  1.11e-008  2.09e-006  3.94e-008  2.44e-008  2.83e-009  2.96e-011  
4.07070e+016 1.06e-008  9.89e-001  6.91e-003  3.86e-003  1.24e-009  1.22e-005  5.67e-011  6.68e-008  6.11e-005  2.66e-005  4.03e-006  2.40e-008  1.79e-005  1.40e-005  7.38e-007  2.10e-010  3.21e-006  1.07e-008  2.11e-006  3.74e-008  2.32e-008  3.24e-009  2.87e-011  
4.09451e+016 1.03e-008  9.90e-001  5.41e-003  4.28e-003  1.38e-009  1.45e-005  5.37e-011  7.33e-008  5.29e-005  2.43e-005  4.95e-006  1.71e-008  1.63e-005  1.12e-005  8.10e-007  1.61e-010  2.49e-006  1.04e-008  2.13e-006  3.62e-008  2.24e-008  3.58e-009  2.76e-011  
4.11988e+016 1.00e-008  9.91e-001  3.95e-003  4.62e-003  1.49e-009  1.75e-005  4.97e-011  8.05e-008  4.18e-005  2.12e-005  6.23e-006  1.18e-008  1.43e-005  8.12e-006  8.85e-007  1.20e-010  1.78e-006  9.92e-009  2.13e-006  3.52e-008  2.18e-008  3.85e-009  2.63e-011  
4.14624e+016 9.83e-009  9.92e-001  2.71e-003  4.91e-003  1.58e-009  2.16e-005  4.51e-011  8.87e-008  3.03e-005  1.77e-005  7.97e-006  8.15e-009  1.19e-005  5.33e-006  9.57e-007  8.85e-011  1.15e-006  9.50e-009  2.15e-006  3.45e-008  2.14e-008  4.08e-009  2.50e-011  
4.17462e+016 9.85e-009  9.93e-001  1.68e-003  5.14e-003  1.64e-009  2.70e-005  3.96e-011  9.84e-008  1.97e-005  1.35e-005  1.03e-005  5.70e-009  9.12e-006  3.02e-006  1.01e-006  6.50e-011  6.39e-007  9.05e-009  2.15e-006  3.37e-008  2.09e-008  4.26e-009  2.37e-011  
4.20512e+016 1.02e-008  9.94e-001  9.31e-004  5.34e-003  1.71e-009  3.39e-005  3.35e-011  1.10e-007  1.13e-005  9.26e-006  1.29e-005  4.20e-009  6.24e-006  1.40e-006  1.01e-006  4.84e-011  2.91e-007  8.60e-009  2.17e-006  3.31e-008  2.05e-008  4.44e-009  2.24e-011  
4.23867e+016 1.11e-008  9.94e-001  4.32e-004  5.45e-003  1.75e-009  4.19e-005  2.67e-011  1.23e-007  5.39e-006  5.27e-006  1.54e-005  3.31e-009  3.55e-006  4.88e-007  9.31e-007  3.66e-011  9.76e-008  8.03e-009  2.16e-006  3.16e-008  1.96e-008  4.53e-009  2.10e-011  
4.27356e+016 1.24e-008  9.94e-001  1.72e-004  5.56e-003  1.79e-009  5.03e-005  2.12e-011  1.39e-007  2.19e-006  2.57e-006  1.74e-005  2.93e-009  1.73e-006  1.36e-007  8.03e-007  2.99e-011  2.52e-008  7.53e-009  2.17e-006  3.02e-008  1.88e-008  4.62e-009  1.96e-011  
4.30994e+016 1.43e-008  9.94e-001  5.67e-005  5.61e-003  1.80e-009  5.74e-005  1.77e-011  1.58e-007  7.28e-007  1.11e-006  1.83e-005  3.33e-009  7.49e-007  3.20e-008  6.54e-007  2.63e-011  5.14e-009  6.99e-009  2.17e-006  2.85e-008  1.76e-008  4.67e-009  1.83e-011  
4.34671e+016 1.66e-008  9.94e-001  1.55e-005  5.66e-003  1.82e-009  6.27e-005  1.71e-011  1.79e-007  2.00e-007  5.05e-007  1.89e-005  4.47e-009  3.40e-007  7.95e-009  5.41e-007  2.58e-011  1.08e-009  6.51e-009  2.18e-006  2.69e-008  1.66e-008  5.02e-009  1.71e-011  
4.38104e+016 1.55e-008  9.94e-001  3.87e-006  5.67e-003  1.82e-009  5.66e-005  1.52e-011  2.01e-007  5.00e-008  2.75e-007  1.72e-005  4.86e-009  1.97e-007  2.80e-009  4.78e-007  2.54e-011  3.16e-010  6.05e-009  2.17e-006  2.52e-008  1.56e-008  7.42e-009  1.59e-011  
4.41007e+016 1.27e-008  9.94e-001  1.03e-006  5.66e-003  1.81e-009  4.68e-005  1.24e-011  2.20e-007  1.33e-008  2.07e-007  1.48e-005  4.56e-009  1.62e-007  1.55e-009  4.50e-007  2.45e-011  2.11e-010  5.67e-009  2.15e-006  2.38e-008  1.48e-008  1.06e-008  1.48e-011  
4.42181e+016 1.15e-008  9.94e-001  5.56e-007  5.69e-003  1.82e-009  4.31e-005  1.16e-011  2.31e-007  7.20e-009  1.99e-007  1.40e-005  4.48e-009  1.61e-007  1.33e-009  4.47e-007  2.46e-011  1.96e-010  5.55e-009  2.16e-006  2.34e-008  1.45e-008  1.23e-008  1.46e-011  
4.42811e+016 1.05e-008  9.94e-001  3.74e-007  6.02e-003  1.93e-009  4.28e-005  1.19e-011  2.49e-007  4.84e-009  2.05e-007  1.40e-005  4.85e-009  1.71e-007  1.26e-009  4.69e-007  2.65e-011  2.00e-010  5.79e-009  2.28e-006  2.45e-008  1.51e-008  1.46e-008  1.52e-011  
4.43809e+016 1.01e-008  9.94e-001  2.71e-007  5.98e-003  2.00e-009  4.22e-005  1.23e-011  2.67e-007  3.52e-009  2.11e-007  1.41e-005  4.94e-009  1.79e-007  1.27e-009  4.84e-007  2.74e-011  1.98e-010  5.86e-009  2.36e-006  2.48e-008  1.54e-008  1.67e-008  1.54e-011  
4.45030e+016 9.19e-009  9.94e-001  1.60e-007  5.76e-003  2.13e-009  4.14e-005  1.27e-011  2.97e-007  2.07e-009  2.22e-007  1.41e-005  4.91e-009  1.96e-007  1.45e-009  5.14e-007  2.95e-011  2.07e-010  6.09e-009  2.51e-006  2.59e-008  1.60e-008  2.06e-008  1.60e-011  
4.45401e+016 8.22e-009  9.94e-001  9.69e-008  5.56e-003  2.26e-009  4.08e-005  1.33e-011  3.19e-007  1.25e-009  2.31e-007  1.42e-005  4.94e-009  2.11e-007  1.63e-009  5.45e-007  3.20e-011  2.19e-010  6.40e-009  2.65e-006  2.73e-008  1.69e-008  2.39e-008  1.68e-011  
4.45998e+016 7.62e-009  9.94e-001  6.87e-008  5.43e-003  2.36e-009  4.04e-005  1.35e-011  3.38e-007  8.91e-010  2.43e-007  1.43e-005  4.83e-009  2.26e-007  1.88e-009  5.67e-007  3.41e-011  2.28e-010  6.57e-009  2.77e-006  2.79e-008  1.73e-008  2.85e-008  1.73e-011  
4.46779e+016 7.59e-009  9.95e-001  5.88e-008  5.37e-003  2.40e-009  4.02e-005  1.36e-011  3.53e-007  7.61e-010  2.49e-007  1.44e-005  4.82e-009  2.33e-007  1.98e-009  5.76e-007  3.42e-011  2.34e-010  6.57e-009  2.81e-006  2.81e-008  1.74e-008  3.02e-008  1.73e-011  
4.48006e+016 6.94e-009  9.95e-001  3.36e-008  5.18e-003  2.55e-009  3.95e-005  1.40e-011  3.92e-007  4.37e-010  2.64e-007  1.44e-005  4.77e-009  2.55e-007  2.36e-009  6.13e-007  3.66e-011  2.57e-010  6.80e-009  2.98e-006  2.91e-008  1.80e-008  3.66e-008  1.79e-011  
4.48529e+016 5.66e-009  9.95e-001  1.27e-008  4.86e-003  2.85e-009  3.84e-005  1.51e-011  4.45e-007  1.65e-010  2.85e-007  1.46e-005  4.98e-009  2.90e-007  2.92e-009  6.84e-007  4.22e-011  2.95e-010  7.49e-009  3.32e-006  3.22e-008  2.00e-008  4.54e-008  1.98e-011  
4.48834e+016 5.26e-009  9.95e-001  1.04e-008  4.79e-003  2.91e-009  3.81e-005  1.51e-011  4.59e-007  1.35e-010  2.97e-007  1.46e-005  4.62e-009  3.06e-007  3.46e-009  6.98e-007  4.49e-011  3.10e-010  7.59e-009  3.39e-006  3.25e-008  2.02e-008  5.37e-008  2.00e-011  
4.49346e+016 5.37e-009  9.95e-001  1.03e-008  4.79e-003  2.91e-009  3.80e-005  1.49e-011  4.68e-007  1.33e-010  3.04e-007  1.46e-005  4.62e-009  3.13e-007  3.67e-009  6.99e-007  4.42e-011  3.26e-010  7.53e-009  3.39e-006  3.24e-008  2.01e-008  5.65e-008  1.98e-011  
4.49870e+016 5.40e-009  9.95e-001  9.49e-009  4.76e-003  2.93e-009  3.80e-005  1.49e-011  4.80e-007  1.23e-010  3.08e-007  1.46e-005  4.63e-009  3.19e-007  3.76e-009  7.06e-007  4.39e-011  3.41e-010  7.49e-009  3.41e-006  3.22e-008  2.00e-008  5.78e-008  1.96e-011  
4.50684e+016 5.13e-009  9.95e-001  6.76e-009  4.67e-003  3.04e-009  3.76e-005  1.53e-011  5.12e-007  8.76e-011  3.19e-007  1.47e-005  4.62e-009  3.37e-007  4.19e-009  7.32e-007  4.54e-011  3.74e-010  7.63e-009  3.54e-006  3.29e-008  2.05e-008  6.41e-008  2.01e-011  
4.51867e+016 4.56e-009  9.95e-001  3.44e-009  4.47e-003  3.27e-009  3.71e-005  1.58e-011  5.72e-007  4.45e-011  3.42e-007  1.49e-005  4.54e-009  3.75e-007  5.31e-009  7.87e-007  4.93e-011  4.43e-010  8.00e-009  3.79e-006  3.44e-008  2.14e-008  7.94e-008  2.10e-011  
4.51946e+016 3.79e-009  9.96e-001  1.25e-009  4.23e-003  3.62e-009  3.59e-005  1.70e-011  6.34e-007  1.62e-011  3.64e-007  1.51e-005  4.91e-009  4.20e-007  6.13e-009  8.72e-007  5.57e-011  5.02e-010  8.87e-009  4.17e-006  3.80e-008  2.37e-008  9.09e-008  2.32e-011  
4.52061e+016 3.38e-009  9.96e-001  1.03e-009  4.17e-003  3.69e-009  3.58e-005  1.72e-011  6.50e-007  1.34e-011  3.75e-007  1.51e-005  4.55e-009  4.34e-007  6.86e-009  8.89e-007  5.97e-011  5.23e-010  9.04e-009  4.25e-006  3.87e-008  2.41e-008  1.00e-007  2.36e-011  
4.52265e+016 3.38e-009  9.96e-001  1.02e-009  4.17e-003  3.69e-009  3.58e-005  1.70e-011  6.53e-007  1.32e-011  3.81e-007  1.51e-005  4.34e-009  4.46e-007  7.59e-009  8.89e-007  6.06e-011  5.41e-010  9.04e-009  4.25e-006  3.87e-008  2.40e-008  1.09e-007  2.35e-011  
4.52632e+016 3.43e-009  9.96e-001  1.02e-009  4.19e-003  3.70e-009  3.58e-005  1.67e-011  6.64e-007  1.32e-011  3.93e-007  1.52e-005  4.34e-009  4.57e-007  8.30e-009  8.94e-007  5.97e-011  5.71e-010  9.05e-009  4.28e-006  3.84e-008  2.38e-008  1.17e-007  2.34e-011  
4.53239e+016 3.51e-009  9.96e-001  9.87e-010  4.18e-003  3.70e-009  3.58e-005  1.66e-011  6.80e-007  1.28e-011  3.98e-007  1.52e-005  4.35e-009  4.64e-007  8.68e-009  8.96e-007  5.83e-011  6.20e-010  9.08e-009  4.27e-006  3.78e-008  2.35e-008  1.20e-007  2.31e-011  
4.54167e+016 3.34e-009  9.96e-001  6.76e-010  4.10e-003  3.86e-009  3.56e-005  1.70e-011  7.30e-007  8.76e-012  4.16e-007  1.53e-005  4.31e-009  4.93e-007  9.75e-009  9.33e-007  5.95e-011  7.21e-010  9.39e-009  4.46e-006  3.83e-008  2.38e-008  1.32e-007  2.34e-011  
4.55446e+016 2.90e-009  9.96e-001  3.02e-010  3.89e-003  4.17e-009  3.48e-005  1.77e-011  8.24e-007  3.93e-012  4.51e-007  1.55e-005  4.20e-009  5.58e-007  1.28e-008  1.01e-006  6.44e-011  9.13e-010  1.01e-008  4.79e-006  4.03e-008  2.49e-008  1.65e-007  2.46e-011  
4.55658e+016 2.74e-009  9.96e-001  2.00e-010  3.83e-003  4.34e-009  3.44e-005  1.81e-011  8.61e-007  2.59e-012  4.63e-007  1.56e-005  4.31e-009  5.84e-007  1.38e-008  1.05e-006  6.71e-011  9.78e-010  1.05e-008  4.96e-006  4.16e-008  2.58e-008  1.76e-007  2.55e-011  
4.55697e+016 2.32e-009  9.96e-001  7.63e-011  3.63e-003  4.74e-009  3.37e-005  1.94e-011  9.45e-007  9.88e-013  4.87e-007  1.58e-005  4.66e-009  6.43e-007  1.54e-008  1.15e-006  7.46e-011  1.09e-009  1.15e-008  5.43e-006  4.57e-008  2.82e-008  1.96e-007  2.79e-011  
4.55761e+016 2.03e-009  9.96e-001  5.82e-011  3.57e-003  4.87e-009  3.35e-005  1.97e-011  9.72e-007  7.55e-013  4.98e-007  1.59e-005  4.55e-009  6.66e-007  1.66e-008  1.18e-006  7.94e-011  1.13e-009  1.18e-008  5.57e-006  4.66e-008  2.89e-008  2.09e-007  2.85e-011  
4.55871e+016 1.95e-009  9.96e-001  5.80e-011  3.58e-003  4.88e-009  3.36e-005  1.97e-011  9.76e-007  7.50e-013  5.10e-007  1.59e-005  4.19e-009  6.78e-007  1.79e-008  1.19e-006  8.17e-011  1.15e-009  1.18e-008  5.60e-006  4.65e-008  2.89e-008  2.22e-007  2.85e-011  
4.56066e+016 1.96e-009  9.96e-001  5.77e-011  3.58e-003  4.88e-009  3.35e-005  1.94e-011  9.81e-007  7.46e-013  5.21e-007  1.59e-005  3.99e-009  6.95e-007  1.97e-008  1.19e-006  8.18e-011  1.19e-009  1.18e-008  5.57e-006  4.62e-008  2.87e-008  2.38e-007  2.84e-011  
4.56410e+016 1.99e-009  9.96e-001  5.79e-011  3.58e-003  4.89e-009  3.36e-005  1.91e-011  9.96e-007  7.50e-013  5.33e-007  1.60e-005  3.97e-009  7.15e-007  2.19e-008  1.19e-006  8.10e-011  1.26e-009  1.18e-008  5.59e-006  4.59e-008  2.84e-008  2.55e-007  2.82e-011  
4.56849e+016 2.04e-009  9.96e-001  5.74e-011  3.57e-003  4.87e-009  3.34e-005  1.88e-011  1.01e-006  7.46e-013  5.40e-007  1.59e-005  3.96e-009  7.21e-007  2.35e-008  1.19e-006  7.90e-011  1.35e-009  1.18e-008  5.55e-006  4.52e-008  2.80e-008  2.63e-007  2.78e-011  
4.57241e+016 2.04e-009  9.96e-001  5.30e-011  3.56e-003  4.91e-009  3.35e-005  1.89e-011  1.03e-006  6.92e-013  5.50e-007  1.60e-005  3.97e-009  7.36e-007  2.46e-008  1.20e-006  7.85e-011  1.44e-009  1.18e-008  5.60e-006  4.51e-008  2.80e-008  2.69e-007  2.77e-011  
4.57850e+016 1.97e-009  9.96e-001  4.03e-011  3.51e-003  5.04e-009  3.32e-005  1.93e-011  1.08e-006  5.24e-013  5.64e-007  1.60e-005  3.94e-009  7.63e-007  2.67e-008  1.23e-006  7.93e-011  1.61e-009  1.21e-008  5.74e-006  4.54e-008  2.82e-008  2.84e-007  2.80e-011  
4.58802e+016 1.76e-009  9.97e-001  2.15e-011  3.41e-003  5.36e-009  3.29e-005  2.00e-011  1.18e-006  2.78e-013  6.04e-007  1.63e-005  3.89e-009  8.37e-007  3.24e-008  1.31e-006  8.37e-011  1.95e-009  1.28e-008  6.09e-006  4.71e-008  2.92e-008  3.28e-007  2.90e-011  
4.59720e+016 1.55e-009  9.97e-001  1.04e-011  3.27e-003  5.69e-009  3.22e-005  2.08e-011  1.29e-006  1.34e-013  6.45e-007  1.64e-005  3.79e-009  9.25e-007  4.04e-008  1.40e-006  8.87e-011  2.34e-009  1.35e-008  6.45e-006  4.87e-008  3.02e-008  3.82e-007  3.02e-011  
4.59734e+016 1.46e-009  9.97e-001  6.43e-012  3.20e-003  5.94e-009  3.20e-005  2.14e-011  1.35e-006  8.33e-014  6.62e-007  1.66e-005  3.95e-009  9.63e-007  4.23e-008  1.45e-006  9.22e-011  2.46e-009  1.41e-008  6.72e-006  5.09e-008  3.15e-008  4.00e-007  3.15e-011  
4.59759e+016 1.25e-009  9.97e-001  2.34e-012  3.06e-003  6.51e-009  3.15e-005  2.29e-011  1.48e-006  3.03e-014  6.99e-007  1.69e-005  4.32e-009  1.06e-006  4.70e-008  1.59e-006  1.02e-010  2.73e-009  1.56e-008  7.34e-006  5.57e-008  3.46e-008  4.43e-007  3.45e-011  
4.59802e+016 1.08e-009  9.97e-001  1.50e-012  2.99e-003  6.72e-009  3.11e-005  2.34e-011  1.53e-006  1.95e-014  7.14e-007  1.70e-005  4.38e-009  1.11e-006  4.98e-008  1.65e-006  1.08e-010  2.84e-009  1.61e-008  7.57e-006  5.76e-008  3.57e-008  4.66e-007  3.56e-011  
4.59873e+016 9.89e-010  9.97e-001  1.49e-012  2.99e-003  6.76e-009  3.12e-005  2.37e-011  1.55e-006  1.92e-014  7.27e-007  1.71e-005  4.15e-009  1.12e-006  5.24e-008  1.66e-006  1.11e-010  2.89e-009  1.62e-008  7.61e-006  5.78e-008  3.58e-008  4.83e-007  3.58e-011  
4.59993e+016 9.64e-010  9.97e-001  1.47e-012  3.00e-003  6.76e-009  3.12e-005  2.35e-011  1.56e-006  1.91e-014  7.40e-007  1.71e-005  3.82e-009  1.14e-006  5.58e-008  1.66e-006  1.13e-010  2.95e-009  1.61e-008  7.61e-006  5.76e-008  3.57e-008  5.05e-007  3.57e-011  
4.60196e+016 9.70e-010  9.97e-001  1.47e-012  3.00e-003  6.76e-009  3.12e-005  2.33e-011  1.57e-006  1.91e-014  7.57e-007  1.71e-005  3.62e-009  1.18e-006  6.10e-008  1.67e-006  1.13e-010  3.04e-009  1.61e-008  7.61e-006  5.72e-008  3.55e-008  5.34e-007  3.55e-011  
4.60580e+016 9.88e-010  9.97e-001  1.48e-012  3.00e-003  6.77e-009  3.13e-005  2.29e-011  1.59e-006  1.91e-014  7.79e-007  1.71e-005  3.56e-009  1.20e-006  6.91e-008  1.67e-006  1.11e-010  3.22e-009  1.61e-008  7.62e-006  5.67e-008  3.51e-008  5.69e-007  3.51e-011  
4.61139e+016 1.01e-009  9.97e-001  1.45e-012  2.99e-003  6.78e-009  3.12e-005  2.28e-011  1.62e-006  1.88e-014  8.00e-007  1.71e-005  3.55e-009  1.23e-006  7.77e-008  1.68e-006  1.09e-010  3.49e-009  1.61e-008  7.63e-006  5.59e-008  3.46e-008  5.93e-007  3.47e-011  
4.61801e+016 9.88e-010  9.97e-001  1.12e-012  2.96e-003  6.92e-009  3.11e-005  2.33e-011  1.69e-006  1.45e-014  8.23e-007  1.72e-005  3.55e-009  1.29e-006  8.74e-008  1.72e-006  1.08e-010  3.91e-009  1.63e-008  7.78e-006  5.60e-008  3.47e-008  6.22e-007  3.48e-011  
4.62829e+016 8.72e-010  9.97e-001  5.38e-013  2.87e-003  7.38e-009  3.06e-005  2.46e-011  1.87e-006  6.96e-015  8.82e-007  1.74e-005  3.52e-009  1.42e-006  1.08e-007  1.84e-006  1.13e-010  4.76e-009  1.73e-008  8.27e-006  5.78e-008  3.59e-008  7.02e-007  3.61e-011  
4.63958e+016 7.20e-010  9.97e-001  1.92e-013  2.74e-003  8.03e-009  3.01e-005  2.64e-011  2.11e-006  2.49e-015  9.71e-007  1.79e-005  3.47e-009  1.62e-006  1.43e-007  2.00e-006  1.21e-010  6.00e-009  1.87e-008  8.97e-006  6.10e-008  3.78e-008  8.31e-007  3.83e-011  
4.64165e+016 6.85e-010  9.97e-001  1.37e-013  2.70e-003  8.25e-009  2.99e-005  2.70e-011  2.19e-006  1.78e-015  9.96e-007  1.80e-005  3.49e-009  1.68e-006  1.53e-007  2.06e-006  1.24e-010  6.34e-009  1.93e-008  9.21e-006  6.23e-008  3.87e-008  8.67e-007  3.94e-011  
4.64187e+016 6.03e-010  9.97e-001  4.51e-014  2.57e-003  9.03e-009  2.95e-005  2.89e-011  2.39e-006  5.84e-016  1.05e-006  1.84e-005  3.82e-009  1.84e-006  1.69e-007  2.26e-006  1.35e-010  7.00e-009  2.11e-008  1.00e-005  6.82e-008  4.23e-008  9.51e-007  4.31e-011  
4.64224e+016 4.94e-010  9.97e-001  1.61e-014  2.47e-003  9.81e-009  2.91e-005  3.08e-011  2.61e-006  2.08e-016  1.11e-006  1.89e-005  4.15e-009  2.02e-006  1.86e-007  2.45e-006  1.49e-010  7.71e-009  2.31e-008  1.09e-005  7.42e-008  4.59e-008  1.04e-006  4.69e-011  
4.64286e+016 4.18e-010  9.97e-001  1.21e-014  2.44e-003  1.00e-008  2.89e-005  3.16e-011  2.66e-006  1.57e-016  1.13e-006  1.90e-005  4.14e-009  2.08e-006  1.96e-007  2.51e-006  1.55e-010  7.94e-009  2.35e-008  1.11e-005  7.56e-008  4.69e-008  1.09e-006  4.78e-011  
4.64396e+016 3.83e-010  9.97e-001  1.19e-014  2.44e-003  1.01e-008  2.90e-005  3.19e-011  2.69e-006  1.54e-016  1.15e-006  1.90e-005  3.92e-009  2.11e-006  2.05e-007  2.52e-006  1.57e-010  8.07e-009  2.35e-008  1.11e-005  7.57e-008  4.70e-008  1.12e-006  4.80e-011  
4.64596e+016 3.79e-010  9.97e-001  1.18e-014  2.44e-003  1.01e-008  2.90e-005  3.19e-011  2.69e-006  1.54e-016  1.18e-006  1.90e-005  3.62e-009  2.16e-006  2.21e-007  2.52e-006  1.58e-010  8.29e-009  2.35e-008  1.11e-005  7.52e-008  4.67e-008  1.16e-006  4.80e-011  
4.64933e+016 3.85e-010  9.97e-001  1.18e-014  2.44e-003  1.01e-008  2.91e-005  3.19e-011  2.73e-006  1.54e-016  1.22e-006  1.90e-005  3.43e-009  2.23e-006  2.46e-007  2.53e-006  1.55e-010  8.65e-009  2.35e-008  1.11e-005  7.43e-008  4.62e-008  1.22e-006  4.81e-011  
4.65501e+016 3.96e-010  9.97e-001  1.18e-014  2.44e-003  1.01e-008  2.90e-005  3.21e-011  2.78e-006  1.53e-016  1.26e-006  1.90e-005  3.38e-009  2.32e-006  2.83e-007  2.53e-006  1.52e-010  9.27e-009  2.34e-008  1.11e-005  7.32e-008  4.55e-008  1.27e-006  4.82e-011  
4.66259e+016 3.88e-010  9.97e-001  9.00e-015  2.42e-003  1.03e-008  2.89e-005  3.32e-011  2.91e-006  1.17e-016  1.31e-006  1.91e-005  3.40e-009  2.44e-006  3.35e-007  2.60e-006  1.51e-010  1.04e-008  2.38e-008  1.13e-005  7.29e-008  4.54e-008  1.32e-006  4.92e-011  
4.67450e+016 3.28e-010  9.98e-001  3.36e-015  2.32e-003  1.11e-008  2.84e-005  3.66e-011  3.26e-006  4.33e-017  1.44e-006  1.96e-005  3.48e-009  2.75e-006  4.42e-007  2.82e-006  1.57e-010  1.29e-008  2.55e-008  1.22e-005  7.60e-008  4.73e-008  1.48e-006  5.31e-011  
4.68726e+016 2.51e-010  9.98e-001  8.06e-016  2.20e-003  1.24e-008  2.80e-005  4.19e-011  3.82e-006  1.05e-017  1.62e-006  2.02e-005  3.66e-009  3.24e-006  6.15e-007  3.16e-006  1.69e-010  1.67e-008  2.83e-008  1.36e-005  8.18e-008  5.07e-008  1.74e-006  5.95e-011  
4.69009e+016 2.35e-010  9.98e-001  5.63e-016  2.17e-003  1.27e-008  2.78e-005  4.31e-011  3.96e-006  7.29e-018  1.67e-006  2.04e-005  3.71e-009  3.38e-006  6.61e-007  3.25e-006  1.72e-010  1.77e-008  2.90e-008  1.39e-005  8.31e-008  5.16e-008  1.80e-006  6.10e-011  
4.69024e+016 2.28e-010  9.98e-001  4.06e-016  2.14e-003  1.30e-008  2.77e-005  4.40e-011  4.05e-006  5.27e-018  1.69e-006  2.05e-005  3.80e-009  3.46e-006  6.81e-007  3.33e-006  1.76e-010  1.82e-008  2.97e-008  1.42e-005  8.53e-008  5.27e-008  1.84e-006  6.24e-011  
4.69048e+016 2.05e-010  9.98e-001  1.75e-016  2.08e-003  1.39e-008  2.75e-005  4.63e-011  4.33e-006  2.27e-018  1.77e-006  2.10e-005  4.06e-009  3.70e-006  7.30e-007  3.55e-006  1.88e-010  1.96e-008  3.17e-008  1.51e-005  9.10e-008  5.65e-008  1.97e-006  6.67e-011  
4.69090e+016 1.71e-010  9.98e-001  5.72e-017  2.00e-003  1.50e-008  2.71e-005  4.94e-011  4.69e-006  7.41e-019  1.86e-006  2.15e-005  4.43e-009  4.01e-006  7.99e-007  3.85e-006  2.04e-010  2.14e-008  3.43e-008  1.63e-005  9.80e-008  6.07e-008  2.14e-006  7.24e-011  
4.69160e+016 1.33e-010  9.98e-001  2.08e-017  1.93e-003  1.61e-008  2.69e-005  5.27e-011  5.04e-006  2.69e-019  1.95e-006  2.20e-005  4.84e-009  4.35e-006  8.70e-007  4.13e-006  2.20e-010  2.33e-008  3.69e-008  1.74e-005  1.06e-007  6.54e-008  2.32e-006  7.80e-011  
4.69279e+016 1.10e-010  9.98e-001  1.62e-017  1.91e-003  1.65e-008  2.69e-005  5.47e-011  5.17e-006  2.10e-019  2.00e-006  2.22e-005  4.98e-009  4.50e-006  9.25e-007  4.22e-006  2.25e-010  2.41e-008  3.76e-008  1.78e-005  1.07e-007  6.65e-008  2.40e-006  7.95e-011  
4.69476e+016 1.04e-010  9.98e-001  1.59e-017  1.92e-003  1.65e-008  2.70e-005  5.64e-011  5.23e-006  2.06e-019  2.05e-006  2.23e-005  4.98e-009  4.61e-006  9.79e-007  4.24e-006  2.25e-010  2.48e-008  3.78e-008  1.78e-005  1.07e-007  6.64e-008  2.46e-006  7.98e-011  
4.69806e+016 1.05e-010  9.98e-001  1.59e-017  1.92e-003  1.65e-008  2.69e-005  5.85e-011  5.28e-006  2.05e-019  2.11e-006  2.22e-005  4.93e-009  4.73e-006  1.05e-006  4.25e-006  2.22e-010  2.57e-008  3.76e-008  1.79e-005  1.05e-007  6.57e-008  2.51e-006  7.98e-011  
4.70337e+016 1.08e-010  9.98e-001  1.57e-017  1.91e-003  1.65e-008  2.68e-005  6.12e-011  5.37e-006  2.04e-019  2.18e-006  2.22e-005  4.86e-009  4.89e-006  1.17e-006  4.25e-006  2.19e-010  2.71e-008  3.74e-008  1.78e-005  1.05e-007  6.50e-008  2.55e-006  7.96e-011  
4.70622e+016 1.09e-010  9.98e-001  1.51e-017  1.90e-003  1.66e-008  2.67e-005  6.23e-011  5.43e-006  1.96e-019  2.22e-006  2.22e-005  4.84e-009  4.98e-006  1.24e-006  4.27e-006  2.17e-010  2.79e-008  3.74e-008  1.79e-005  1.05e-007  6.51e-008  2.56e-006  7.98e-011  
4.71061e+016 1.07e-010  9.98e-001  1.23e-017  1.89e-003  1.68e-008  2.67e-005  6.46e-011  5.59e-006  1.59e-019  2.28e-006  2.23e-005  4.90e-009  5.15e-006  1.34e-006  4.33e-006  2.16e-010  2.97e-008  3.79e-008  1.81e-005  1.05e-007  6.56e-008  2.60e-006  8.10e-011  
4.71746e+016 9.76e-011  9.98e-001  6.99e-018  1.86e-003  1.75e-008  2.65e-005  6.98e-011  5.97e-006  9.05e-020  2.42e-006  2.26e-005  5.15e-009  5.54e-006  1.57e-006  4.54e-006  2.18e-010  3.34e-008  3.94e-008  1.89e-005  1.09e-007  6.74e-008  2.74e-006  8.47e-011  
4.72860e+016 7.67e-011  9.98e-001  1.84e-018  1.79e-003  1.92e-008  2.62e-005  8.14e-011  6.82e-006  2.37e-020  2.67e-006  2.35e-005  5.88e-009  6.38e-006  2.04e-006  5.01e-006  2.27e-010  4.14e-008  4.31e-008  2.06e-005  1.16e-007  7.21e-008  3.04e-006  9.34e-011  
4.74240e+016 5.19e-011  9.98e-001  2.31e-019  1.67e-003  2.22e-008  2.58e-005  1.03e-010  8.25e-006  3.01e-021  3.10e-006  2.47e-005  7.48e-009  7.80e-006  2.83e-006  5.82e-006  2.45e-010  5.53e-008  4.93e-008  2.37e-005  1.30e-007  8.04e-008  3.55e-006  1.08e-010  
4.74305e+016 5.09e-011  9.98e-001  2.08e-019  1.66e-003  2.24e-008  2.57e-005  1.05e-010  8.33e-006  2.69e-021  3.12e-006  2.48e-005  7.58e-009  7.88e-006  2.87e-006  5.86e-006  2.48e-010  5.60e-008  4.97e-008  2.38e-005  1.30e-007  8.08e-008  3.58e-006  1.09e-010  
4.74313e+016 5.07e-011  9.98e-001  2.03e-019  1.66e-003  2.25e-008  2.58e-005  1.05e-010  8.34e-006  2.62e-021  3.14e-006  2.49e-005  7.59e-009  7.89e-006  2.88e-006  5.88e-006  2.47e-010  5.62e-008  4.97e-008  2.39e-005  1.31e-007  8.11e-008  3.59e-006  1.09e-010  
4.74348e+016 4.93e-011  9.98e-001  1.59e-019  1.65e-003  2.27e-008  2.58e-005  1.07e-010  8.48e-006  2.07e-021  3.16e-006  2.50e-005  7.75e-009  8.03e-006  2.94e-006  5.98e-006  2.52e-010  5.74e-008  5.05e-008  2.41e-005  1.33e-007  8.24e-008  3.65e-006  1.11e-010  
4.74406e+016 4.49e-011  9.98e-001  7.87e-020  1.61e-003  2.38e-008  2.56e-005  1.12e-010  8.91e-006  1.02e-021  3.28e-006  2.54e-005  8.22e-009  8.44e-006  3.12e-006  6.26e-006  2.63e-010  6.08e-008  5.30e-008  2.54e-005  1.39e-007  8.62e-008  3.83e-006  1.17e-010  
4.74503e+016 3.62e-011  9.98e-001  2.20e-020  1.55e-003  2.60e-008  2.54e-005  1.21e-010  9.73e-006  2.85e-022  3.48e-006  2.63e-005  9.21e-009  9.26e-006  3.46e-006  6.83e-006  2.82e-010  6.72e-008  5.78e-008  2.75e-005  1.51e-007  9.37e-008  4.18e-006  1.27e-010  
4.74676e+016 2.56e-011  9.98e-001  4.52e-021  1.48e-003  2.89e-008  2.52e-005  1.36e-010  1.08e-005  5.85e-023  3.75e-006  2.73e-005  1.09e-008  1.04e-005  3.94e-006  7.57e-006  3.07e-010  7.64e-008  6.43e-008  3.03e-005  1.67e-007  1.04e-007  4.64e-006  1.41e-010  
4.74972e+016 1.87e-011  9.98e-001  1.46e-021  1.44e-003  3.12e-008  2.51e-005  1.55e-010  1.19e-005  1.89e-023  4.01e-006  2.82e-005  1.32e-008  1.14e-005  4.43e-006  8.22e-006  3.24e-010  8.49e-008  6.94e-008  3.25e-005  1.79e-007  1.11e-007  5.06e-006  1.52e-010  
4.75283e+016 1.72e-011  9.98e-001  1.12e-021  1.42e-003  3.17e-008  2.51e-005  1.69e-010  1.22e-005  1.45e-023  4.13e-006  2.84e-005  1.47e-008  1.18e-005  4.71e-006  8.36e-006  3.28e-010  8.94e-008  7.02e-008  3.31e-005  1.81e-007  1.12e-007  5.17e-006  1.55e-010  
4.75365e+016 1.72e-011  9.98e-001  1.09e-021  1.42e-003  3.16e-008  2.49e-005  1.72e-010  1.22e-005  1.41e-023  4.13e-006  2.83e-005  1.49e-008  1.18e-005  4.75e-006  8.30e-006  3.27e-010  9.00e-008  7.02e-008  3.30e-005  1.80e-007  1.11e-007  5.15e-006  1.54e-010  
4.75556e+016 1.71e-011  9.98e-001  1.06e-021  1.42e-003  3.18e-008  2.50e-005  1.80e-010  1.23e-005  1.37e-023  4.19e-006  2.84e-005  1.55e-008  1.20e-005  4.89e-006  8.41e-006  3.28e-010  9.22e-008  7.06e-008  3.32e-005  1.80e-007  1.12e-007  5.19e-006  1.55e-010  
4.75856e+016 1.72e-011  9.98e-001  1.02e-021  1.42e-003  3.19e-008  2.50e-005  1.91e-010  1.25e-005  1.31e-023  4.25e-006  2.85e-005  1.63e-008  1.22e-005  5.08e-006  8.42e-006  3.29e-010  9.52e-008  7.02e-008  3.33e-005  1.79e-007  1.11e-007  5.21e-006  1.56e-010  
4.76342e+016 1.69e-011  9.98e-001  7.80e-022  1.41e-003  3.24e-008  2.49e-005  2.09e-010  1.29e-005  1.01e-023  4.38e-006  2.86e-005  1.73e-008  1.26e-005  5.42e-006  8.57e-006  3.32e-010  1.01e-007  7.09e-008  3.37e-005  1.80e-007  1.11e-007  5.27e-006  1.58e-010  
4.77120e+016 1.50e-011  9.98e-001  3.50e-022  1.38e-003  3.42e-008  2.48e-005  2.45e-010  1.40e-005  4.53e-024  4.67e-006  2.94e-005  1.95e-008  1.37e-005  6.16e-006  9.05e-006  3.45e-010  1.15e-007  7.45e-008  3.55e-005  1.86e-007  1.15e-007  5.55e-006  1.68e-010  
4.78339e+016 1.10e-011  9.98e-001  5.16e-023  1.31e-003  3.88e-008  2.47e-005  3.21e-010  1.64e-005  6.68e-025  5.28e-006  3.10e-005  2.50e-008  1.61e-005  7.70e-006  1.03e-005  3.80e-010  1.46e-007  8.40e-008  3.99e-005  2.03e-007  1.26e-007  6.26e-006  1.91e-010  
4.79819e+016 6.92e-012  9.98e-001  2.53e-024  1.20e-003  4.65e-008  2.43e-005  4.74e-010  2.08e-005  3.27e-026  6.21e-006  3.35e-005  3.68e-008  2.02e-005  1.02e-005  1.24e-005  4.48e-010  2.04e-007  1.00e-007  4.75e-005  2.36e-007  1.46e-007  7.48e-006  2.30e-010  
4.80101e+016 6.31e-012  9.98e-001  1.33e-024  1.18e-003  4.85e-008  2.42e-005  5.15e-010  2.19e-005  1.71e-026  6.42e-006  3.41e-005  4.01e-008  2.11e-005  1.08e-005  1.29e-005  4.64e-010  2.17e-007  1.04e-007  4.93e-005  2.42e-007  1.51e-007  7.77e-006  2.39e-010  
4.80156e+016 6.19e-012  9.98e-001  1.15e-024  1.18e-003  4.88e-008  2.42e-005  5.23e-010  2.21e-005  1.49e-026  6.46e-006  3.41e-005  4.07e-008  2.13e-005  1.09e-005  1.30e-005  4.69e-010  2.20e-007  1.05e-007  4.98e-005  2.44e-007  1.52e-007  7.84e-006  2.41e-010  
4.80288e+016 5.88e-012  9.98e-001  7.89e-025  1.17e-003  5.00e-008  2.42e-005  5.48e-010  2.26e-005  1.02e-026  6.58e-006  3.45e-005  4.27e-008  2.19e-005  1.12e-005  1.34e-005  4.80e-010  2.28e-007  1.08e-007  5.09e-005  2.50e-007  1.55e-007  8.01e-006  2.47e-010  
4.80511e+016 5.34e-012  9.98e-001  3.84e-025  1.15e-003  5.23e-008  2.42e-005  5.94e-010  2.40e-005  4.96e-027  6.82e-006  3.52e-005  4.63e-008  2.30e-005  1.19e-005  1.40e-005  4.98e-010  2.44e-007  1.12e-007  5.30e-005  2.59e-007  1.61e-007  8.37e-006  2.59e-010  
4.80875e+016 4.54e-012  9.98e-001  1.12e-025  1.11e-003  5.64e-008  2.40e-005  6.79e-010  2.60e-005  1.45e-027  7.23e-006  3.64e-005  5.33e-008  2.49e-005  1.30e-005  1.51e-005  5.33e-010  2.71e-007  1.21e-007  5.69e-005  2.78e-007  1.71e-007  8.99e-006  2.78e-010  
4.81463e+016 3.63e-012  9.99e-001  1.79e-026  1.06e-003  6.29e-008  2.40e-005  8.50e-010  2.98e-005  2.31e-028  7.89e-006  3.83e-005  6.73e-008  2.81e-005  1.49e-005  1.69e-005  5.99e-010  3.23e-007  1.34e-007  6.32e-005  3.03e-007  1.89e-007  1.00e-005  3.12e-010  
4.82445e+016 2.83e-012  9.99e-001  1.29e-027  9.95e-004  7.34e-008  2.38e-005  1.22e-009  3.56e-005  1.67e-029  8.89e-006  4.13e-005  9.49e-008  3.34e-005  1.79e-005  1.97e-005  7.16e-010  4.09e-007  1.56e-007  7.30e-005  3.46e-007  2.15e-007  1.16e-005  3.63e-010  
4.83636e+016 2.32e-012  9.99e-001  5.90e-029  9.25e-004  8.78e-008  2.37e-005  1.88e-009  4.43e-005  7.62e-031  1.02e-005  4.52e-005  1.40e-007  4.05e-005  2.18e-005  2.36e-005  9.08e-010  5.42e-007  1.85e-007  8.61e-005  4.00e-007  2.48e-007  1.37e-005  4.39e-010  
4.84912e+016 1.98e-012  9.99e-001  1.35e-030  8.52e-004  1.09e-007  2.37e-005  3.09e-009  5.75e-005  1.74e-032  1.20e-005  5.02e-005  2.16e-007  5.09e-005  2.73e-005  2.93e-005  1.22e-009  7.51e-007  2.28e-007  1.05e-004  4.80e-007  2.98e-007  1.68e-005  5.45e-010  
4.86294e+016 1.77e-012  9.98e-001  1.25e-032  7.73e-004  1.42e-007  2.37e-005  5.48e-009  7.84e-005  1.61e-034  1.46e-005  5.75e-005  3.53e-007  6.60e-005  3.55e-005  3.82e-005  1.74e-009  1.09e-006  2.94e-007  1.35e-004  5.98e-007  3.72e-007  2.17e-005  7.11e-010  
4.87591e+016 1.66e-012  9.98e-001  8.60e-035  6.98e-004  1.86e-007  2.38e-005  9.68e-009  1.07e-004  1.11e-036  1.77e-005  6.68e-005  5.68e-007  8.66e-005  4.61e-005  5.01e-005  2.56e-009  1.59e-006  3.84e-007  1.74e-004  7.58e-007  4.71e-007  2.80e-005  9.38e-010  
4.88968e+016 1.59e-012  9.98e-001  2.44e-037  6.25e-004  2.55e-007  2.40e-005  1.82e-008  1.53e-004  3.15e-039  2.22e-005  7.91e-005  9.54e-007  1.17e-004  6.22e-005  6.84e-005  4.02e-009  2.41e-006  5.21e-007  2.34e-004  9.98e-007  6.21e-007  3.77e-005  1.34e-009  
4.90444e+016 1.53e-012  9.98e-001  1.87e-040  5.45e-004  3.69e-007  2.43e-005  3.70e-008  2.31e-004  2.41e-042  2.87e-005  9.78e-005  1.69e-006  1.67e-004  8.80e-005  9.91e-005  6.85e-009  3.87e-006  7.50e-007  3.29e-004  1.39e-006  8.61e-007  5.35e-005  2.21e-009  
4.91980e+016 1.44e-012  9.97e-001  3.94e-044  4.74e-004  5.69e-007  2.50e-005  8.10e-008  3.74e-004  5.08e-046  3.93e-005  1.27e-004  3.23e-006  2.53e-004  1.34e-004  1.53e-004  1.30e-008  6.66e-006  1.14e-006  4.93e-004  2.06e-006  1.27e-006  8.10e-005  3.96e-009  
4.93317e+016 1.35e-012  9.96e-001  8.71e-048  4.12e-004  8.56e-007  2.56e-005  1.65e-007  5.87e-004  1.13e-049  5.29e-005  1.64e-004  5.74e-006  3.72e-004  1.97e-004  2.30e-004  2.37e-008  1.09e-005  1.71e-006  7.20e-004  2.99e-006  1.85e-006  1.20e-004  6.86e-009  
4.94239e+016 1.27e-012  9.96e-001  1.41e-050  3.73e-004  1.18e-006  2.63e-005  2.75e-007  8.22e-004  1.81e-052  6.67e-005  2.01e-004  8.77e-006  5.01e-004  2.66e-004  3.15e-004  3.77e-008  1.59e-005  2.33e-006  9.64e-004  3.99e-006  2.47e-006  1.62e-004  1.04e-008  
4.95192e+016 1.16e-012  9.94e-001  9.85e-054  3.35e-004  1.66e-006  2.72e-005  4.78e-007  1.20e-003  1.27e-055  8.64e-005  2.52e-004  1.37e-005  6.97e-004  3.71e-004  4.46e-004  6.28e-008  2.39e-005  3.28e-006  1.33e-003  5.51e-006  3.41e-006  2.26e-004  1.64e-008  
4.96202e+016 1.03e-012  9.92e-001  2.44e-057  2.98e-004  2.45e-006  2.83e-005  8.71e-007  1.82e-003  3.14e-059  1.16e-004  3.26e-004  2.25e-005  1.01e-003  5.37e-004  6.57e-004  1.11e-007  3.74e-005  4.82e-006  1.91e-003  7.91e-006  4.90e-006  3.29e-004  2.74e-008  
4.97297e+016 8.73e-013  9.88e-001  1.36e-061  2.60e-004  3.85e-006  2.98e-005  1.72e-006  2.94e-003  1.75e-063  1.64e-004  4.43e-004  3.92e-005  1.55e-003  8.27e-004  1.03e-003  2.14e-007  6.25e-005  7.53e-006  2.89e-003  1.20e-005  7.48e-006  5.07e-004  4.93e-008  
4.98461e+016 6.94e-013  9.81e-001  1.24e-066  2.22e-004  6.48e-006  3.17e-005  3.64e-006  5.13e-003  1.60e-068  2.46e-004  6.38e-004  7.33e-005  2.53e-003  1.36e-003  1.74e-003  4.54e-007  1.13e-004  1.26e-005  4.67e-003  1.97e-005  1.22e-005  8.38e-004  9.69e-008  
4.99670e+016 5.18e-013  9.67e-001  2.09e-072  1.86e-004  1.51e-005  3.38e-005  8.21e-006  9.46e-003  2.68e-074  3.88e-004  9.63e-004  1.45e-004  4.42e-003  2.37e-003  3.11e-003  1.03e-006  2.12e-004  2.24e-005  7.94e-003  3.42e-005  2.12e-005  1.47e-003  2.05e-007  
5.00936e+016 3.54e-013  9.39e-001  3.25e-079  1.51e-004  4.50e-005  3.65e-005  2.01e-005  1.89e-002  4.19e-081  6.56e-004  1.56e-003  3.08e-004  8.32e-003  4.50e-003  6.00e-003  2.55e-006  4.27e-004  4.33e-005  1.45e-002  6.42e-005  3.96e-005  2.77e-003  4.75e-007  
5.02240e+016 2.24e-013  8.79e-001  0.00e+000  1.16e-004  1.44e-004  3.90e-005  5.22e-005  3.99e-002  0.00e+000  1.17e-003  2.63e-003  6.96e-004  1.66e-002  8.93e-003  1.23e-002  6.74e-006  9.01e-004  8.79e-005  2.79e-002  1.27e-004  7.85e-005  5.53e-003  1.18e-006  
5.03584e+016 1.38e-013  7.56e-001  0.00e+000  8.00e-005  4.76e-004  3.91e-005  1.36e-004  8.51e-002  0.00e+000  2.10e-003  4.47e-003  1.59e-003  3.34e-002  1.80e-002  2.55e-002  1.78e-005  1.91e-003  1.82e-004  5.38e-002  2.54e-004  1.58e-004  1.12e-002  3.03e-006  
5.05026e+016 8.58e-014  5.20e-001  0.00e+000  4.29e-005  1.61e-003  3.31e-005  3.55e-004  1.77e-001  0.00e+000  3.61e-003  7.24e-003  3.52e-003  6.53e-002  3.52e-002  5.15e-002  4.59e-005  3.92e-003  3.66e-004  9.93e-002  4.98e-004  3.09e-004  2.20e-002  7.70e-006  
5.05959e+016 7.21e-014  3.51e-001  0.00e+000  2.47e-005  2.98e-003  2.58e-005  5.88e-004  2.48e-001  0.00e+000  4.47e-003  8.62e-003  5.08e-003  8.73e-002  4.69e-002  7.04e-002  7.23e-005  5.40e-003  4.98e-004  1.28e-001  6.66e-004  4.14e-004  2.94e-002  1.22e-005  
5.06957e+016 6.62e-014  2.01e-001  0.00e+000  1.19e-005  5.14e-003  1.74e-005  8.93e-004  3.16e-001  0.00e+000  5.02e-003  9.33e-003  6.71e-003  1.06e-001  5.70e-002  8.77e-002  1.04e-004  6.80e-003  6.18e-004  1.49e-001  8.15e-004  5.05e-004  3.58e-002  1.78e-005  
5.07988e+016 6.62e-014  9.92e-002  0.00e+000  4.91e-006  8.08e-003  1.02e-005  1.24e-003  3.68e-001  0.00e+000  5.13e-003  9.18e-003  8.06e-003  1.18e-001  6.31e-002  9.98e-002  1.36e-004  7.82e-003  7.02e-004  1.57e-001  9.09e-004  5.63e-004  3.99e-002  2.39e-005  
5.09058e+016 7.05e-014  4.54e-002  0.00e+000  1.89e-006  1.17e-002  5.64e-006  1.60e-003  4.03e-001  0.00e+000  4.93e-003  8.53e-003  9.07e-003  1.23e-001  6.55e-002  1.06e-001  1.66e-004  8.41e-003  7.46e-004  1.56e-001  9.51e-004  5.90e-004  4.14e-002  2.99e-005  
5.10237e+016 7.78e-014  1.77e-002  0.00e+000  6.02e-007  1.67e-002  2.75e-006  2.04e-003  4.28e-001  0.00e+000  4.55e-003  7.60e-003  9.93e-003  1.24e-001  6.55e-002  1.10e-001  1.98e-004  8.78e-003  7.68e-004  1.48e-001  9.66e-004  5.99e-004  4.17e-002  3.69e-005  
5.11496e+016 8.73e-014  6.30e-003  0.00e+000  1.74e-007  2.36e-002  1.25e-006  2.55e-003  4.47e-001  0.00e+000  4.12e-003  6.63e-003  1.07e-002  1.21e-001  6.40e-002  1.12e-001  2.31e-004  8.99e-003  7.78e-004  1.36e-001  9.63e-004  5.97e-004  4.10e-002  4.48e-005  
5.12843e+016 9.93e-014  2.07e-003  0.00e+000  4.60e-008  3.26e-002  5.39e-007  3.18e-003  4.61e-001  0.00e+000  3.68e-003  5.72e-003  1.13e-002  1.19e-001  6.17e-002  1.12e-001  2.68e-004  9.08e-003  7.76e-004  1.23e-001  9.49e-004  5.88e-004  3.97e-002  5.37e-005  
5.14296e+016 1.14e-013  5.91e-004  0.00e+000  1.03e-008  4.54e-002  2.09e-007  3.95e-003  4.73e-001  0.00e+000  3.22e-003  4.85e-003  1.18e-002  1.14e-001  5.86e-002  1.11e-001  3.10e-004  9.12e-003  7.70e-004  1.10e-001  9.29e-004  5.75e-004  3.79e-002  6.32e-005  
5.15425e+016 1.27e-013  2.33e-004  0.00e+000  3.41e-009  5.68e-002  1.03e-007  4.64e-003  4.82e-001  0.00e+000  2.92e-003  4.30e-003  1.22e-002  1.10e-001  5.61e-002  1.10e-001  3.45e-004  9.07e-003  7.62e-004  9.93e-002  9.07e-004  5.64e-004  3.64e-002  7.03e-005  
5.16792e+016 1.44e-013  7.57e-005  0.00e+000  9.02e-010  7.22e-002  4.46e-008  5.57e-003  4.89e-001  0.00e+000  2.60e-003  3.74e-003  1.26e-002  1.05e-001  5.28e-002  1.08e-001  3.88e-004  9.02e-003  7.50e-004  8.89e-002  8.82e-004  5.48e-004  3.45e-002  7.77e-005  
5.18319e+016 1.66e-013  2.05e-005  0.00e+000  1.95e-010  9.39e-002  1.69e-008  6.74e-003  4.93e-001  0.00e+000  2.26e-003  3.18e-003  1.29e-002  9.87e-002  4.89e-002  1.06e-001  4.35e-004  8.85e-003  7.28e-004  7.70e-002  8.49e-004  5.27e-004  3.22e-002  8.37e-005  
5.19950e+016 1.94e-013  4.32e-006  0.00e+000  3.12e-011  1.23e-001  5.26e-009  8.05e-003  4.93e-001  0.00e+000  1.93e-003  2.64e-003  1.31e-002  9.19e-002  4.47e-002  1.03e-001  4.82e-004  8.57e-003  7.02e-004  6.45e-002  8.05e-004  5.00e-004  2.96e-002  8.77e-005  
5.21655e+016 2.28e-013  9.61e-007  0.00e+000  5.40e-012  1.55e-001  1.74e-009  9.61e-003  4.92e-001  0.00e+000  1.64e-003  2.20e-003  1.30e-002  8.43e-002  4.02e-002  9.83e-002  5.27e-004  8.25e-003  6.72e-004  5.40e-002  7.55e-004  4.70e-004  2.68e-002  8.82e-005  
5.23457e+016 2.70e-013  1.88e-007  0.00e+000  8.05e-013  1.94e-001  5.23e-010  1.13e-002  4.82e-001  0.00e+000  1.38e-003  1.81e-003  1.29e-002  7.71e-002  3.58e-002  9.35e-002  5.67e-004  7.86e-003  6.38e-004  4.41e-002  7.01e-004  4.34e-004  2.40e-002  8.64e-005  
5.25384e+016 3.22e-013  3.91e-008  0.00e+000  1.29e-013  2.32e-001  1.64e-010  1.33e-002  4.72e-001  0.00e+000  1.15e-003  1.51e-003  1.27e-002  6.95e-002  3.13e-002  8.81e-002  6.05e-004  7.45e-003  6.02e-004  3.60e-002  6.46e-004  4.00e-004  2.12e-002  8.29e-005  
5.27451e+016 3.90e-013  6.71e-009  0.00e+000  1.67e-014  2.77e-001  4.48e-011  1.55e-002  4.56e-001  0.00e+000  9.48e-004  1.22e-003  1.22e-002  6.15e-002  2.69e-002  8.20e-002  6.35e-004  6.94e-003  5.61e-004  2.87e-002  5.82e-004  3.61e-004  1.83e-002  7.74e-005  
5.29668e+016 4.76e-013  1.29e-009  0.00e+000  2.48e-015  3.17e-001  1.34e-011  1.79e-002  4.41e-001  0.00e+000  7.80e-004  1.00e-003  1.17e-002  5.40e-002  2.27e-002  7.59e-002  6.58e-004  6.41e-003  5.19e-004  2.27e-002  5.21e-004  3.24e-004  1.55e-002  7.15e-005  
5.31993e+016 5.85e-013  2.02e-010  0.00e+000  2.87e-016  3.64e-001  3.42e-012  2.04e-002  4.19e-001  0.00e+000  6.30e-004  8.09e-004  1.11e-002  4.69e-002  1.90e-002  6.95e-002  6.72e-004  5.87e-003  4.77e-004  1.76e-002  4.62e-004  2.86e-004  1.29e-002  6.48e-005  
5.34440e+016 7.13e-013  4.01e-011  0.00e+000  4.46e-017  4.01e-001  1.05e-012  2.33e-002  4.02e-001  0.00e+000  5.16e-004  6.70e-004  1.04e-002  4.08e-002  1.57e-002  6.38e-002  6.84e-004  5.37e-003  4.40e-004  1.40e-002  4.11e-004  2.55e-004  1.07e-002  5.90e-005  
5.36995e+016 8.78e-013  6.06e-012  0.00e+000  5.04e-018  4.43e-001  2.64e-013  2.60e-002  3.79e-001  0.00e+000  4.14e-004  5.40e-004  9.66e-003  3.49e-002  1.29e-002  5.79e-002  6.82e-004  4.84e-003  4.01e-004  1.07e-002  3.60e-004  2.23e-004  8.70e-003  5.31e-005  
5.39765e+016 1.07e-012  1.20e-012  0.00e+000  7.77e-019  4.74e-001  8.12e-014  2.94e-002  3.62e-001  0.00e+000  3.38e-004  4.49e-004  9.02e-003  3.00e-002  1.06e-002  5.30e-002  6.85e-004  4.41e-003  3.70e-004  8.43e-003  3.19e-004  1.98e-004  7.01e-003  4.82e-005  
5.42627e+016 1.30e-012  2.03e-013  0.00e+000  9.99e-020  5.07e-001  2.22e-014  3.27e-002  3.43e-001  0.00e+000  2.73e-004  3.69e-004  8.30e-003  2.57e-002  8.61e-003  4.81e-002  6.78e-004  3.97e-003  3.39e-004  6.51e-003  2.81e-004  1.74e-004  5.55e-003  4.34e-005  
5.45738e+016 1.59e-012  3.02e-014  0.00e+000  1.12e-020  5.38e-001  5.57e-015  3.62e-002  3.22e-001  0.00e+000  2.18e-004  3.00e-004  7.63e-003  2.17e-002  6.94e-003  4.35e-002  6.68e-004  3.55e-003  3.11e-004  4.94e-003  2.47e-004  1.53e-004  4.29e-003  3.90e-005  
5.49079e+016 1.90e-012  5.46e-015  0.00e+000  1.54e-021  5.62e-001  1.60e-015  4.04e-002  3.06e-001  0.00e+000  1.76e-004  2.49e-004  6.98e-003  1.84e-002  5.67e-003  3.95e-002  6.56e-004  3.20e-003  2.88e-004  3.85e-003  2.18e-004  1.35e-004  3.27e-003  3.54e-005  
5.52575e+016 2.26e-012  8.80e-016  0.00e+000  1.88e-022  5.84e-001  4.28e-016  4.47e-002  2.89e-001  0.00e+000  1.42e-004  2.07e-004  6.37e-003  1.57e-002  4.69e-003  3.60e-002  6.46e-004  2.87e-003  2.67e-004  2.96e-003  1.94e-004  1.20e-004  2.46e-003  3.22e-005  
5.56155e+016 2.67e-012  1.23e-016  0.00e+000  1.94e-023  6.07e-001  1.03e-016  4.87e-002  2.71e-001  0.00e+000  1.14e-004  1.70e-004  5.77e-003  1.32e-002  3.90e-003  3.25e-002  6.22e-004  2.56e-003  2.47e-004  2.23e-003  1.72e-004  1.07e-004  1.81e-003  2.91e-005  
5.59918e+016 3.04e-012  2.39e-017  0.00e+000  2.93e-024  6.21e-001  3.13e-017  5.36e-002  2.58e-001  0.00e+000  9.40e-005  1.45e-004  5.36e-003  1.14e-002  3.35e-003  2.99e-002  6.11e-004  2.33e-003  2.35e-004  1.77e-003  1.57e-004  9.72e-005  1.34e-003  2.70e-005  
5.63913e+016 3.43e-012  4.28e-018  0.00e+000  4.02e-025  6.35e-001  9.03e-018  5.88e-002  2.45e-001  0.00e+000  7.72e-005  1.23e-004  4.92e-003  9.78e-003  2.89e-003  2.75e-002  5.97e-004  2.12e-003  2.23e-004  1.39e-003  1.43e-004  8.85e-005  9.67e-004  2.50e-005  
5.68226e+016 3.82e-012  6.56e-019  0.00e+000  4.58e-026  6.49e-001  2.32e-018  6.41e-002  2.30e-001  0.00e+000  6.30e-005  1.04e-004  4.50e-003  8.34e-003  2.54e-003  2.51e-002  5.81e-004  1.91e-003  2.13e-004  1.07e-003  1.30e-004  8.08e-005  6.77e-004  2.32e-005  
5.72780e+016 4.20e-012  8.15e-020  0.00e+000  4.10e-027  6.63e-001  5.15e-019  6.94e-002  2.15e-001  0.00e+000  5.10e-005  8.68e-005  4.10e-003  7.10e-003  2.25e-003  2.29e-002  5.60e-004  1.73e-003  2.03e-004  8.06e-004  1.19e-004  7.39e-005  4.62e-004  2.15e-005  
5.77650e+016 4.43e-012  1.47e-020  0.00e+000  5.57e-028  6.70e-001  1.49e-019  7.60e-002  2.04e-001  0.00e+000  4.26e-005  7.49e-005  3.83e-003  6.16e-003  2.07e-003  2.12e-002  5.48e-004  1.59e-003  1.99e-004  6.38e-004  1.12e-004  6.93e-005  3.14e-004  2.04e-005  
5.82707e+016 4.58e-012  2.53e-021  0.00e+000  7.16e-029  6.77e-001  4.19e-020  8.27e-002  1.93e-001  0.00e+000  3.58e-005  6.48e-005  3.58e-003  5.39e-003  1.93e-003  1.96e-002  5.35e-004  1.47e-003  1.97e-004  5.04e-004  1.06e-004  6.55e-005  2.11e-004  1.95e-005  
5.88124e+016 4.65e-012  3.66e-022  0.00e+000  7.51e-030  6.84e-001  1.03e-020  8.95e-002  1.81e-001  0.00e+000  2.99e-005  5.57e-005  3.38e-003  4.69e-003  1.81e-003  1.81e-002  5.21e-004  1.36e-003  1.96e-004  3.92e-004  1.00e-004  6.22e-005  1.39e-004  1.86e-005  
5.93801e+016 4.63e-012  4.41e-023  0.00e+000  6.37e-031  6.91e-001  2.25e-021  9.64e-002  1.69e-001  0.00e+000  2.51e-005  4.77e-005  3.18e-003  4.10e-003  1.72e-003  1.68e-002  5.06e-004  1.27e-003  1.95e-004  2.98e-004  9.57e-005  5.94e-005  9.16e-005  1.79e-005  
5.99878e+016 4.47e-012  7.61e-024  0.00e+000  8.10e-032  6.94e-001  6.33e-022  1.05e-001  1.58e-001  0.00e+000  2.16e-005  4.21e-005  3.07e-003  3.67e-003  1.67e-003  1.57e-002  4.97e-004  1.21e-003  1.99e-004  2.40e-004  9.33e-005  5.80e-005  6.11e-005  1.75e-005  
6.06254e+016 4.25e-012  1.14e-024  0.00e+000  8.70e-033  6.96e-001  1.61e-022  1.13e-001  1.48e-001  0.00e+000  1.87e-005  3.72e-005  2.99e-003  3.29e-003  1.64e-003  1.47e-002  4.89e-004  1.16e-003  2.05e-004  1.89e-004  9.20e-005  5.69e-005  4.19e-005  1.71e-005  
6.12860e+016 4.00e-012  1.72e-025  0.00e+000  9.40e-034  6.97e-001  4.15e-023  1.22e-001  1.39e-001  0.00e+000  1.64e-005  3.30e-005  2.92e-003  3.00e-003  1.63e-003  1.38e-002  4.82e-004  1.12e-003  2.12e-004  1.51e-004  9.15e-005  5.67e-005  3.05e-005  1.69e-005  
6.19772e+016 3.73e-012  2.55e-026  0.00e+000  9.91e-035  6.96e-001  1.06e-023  1.32e-001  1.30e-001  0.00e+000  1.46e-005  2.95e-005  2.92e-003  2.76e-003  1.63e-003  1.31e-002  4.77e-004  1.10e-003  2.22e-004  1.21e-004  9.19e-005  5.70e-005  2.37e-005  1.68e-005  
6.27006e+016 3.48e-012  3.68e-027  0.00e+000  1.01e-035  6.95e-001  2.63e-024  1.42e-001  1.22e-001  0.00e+000  1.31e-005  2.64e-005  2.93e-003  2.57e-003  1.64e-003  1.24e-002  4.74e-004  1.09e-003  2.33e-004  9.65e-005  9.33e-005  5.77e-005  2.00e-005  1.68e-005  
6.34752e+016 3.23e-012  4.89e-028  0.00e+000  9.29e-037  6.91e-001  6.25e-025  1.53e-001  1.15e-001  0.00e+000  1.19e-005  2.39e-005  2.99e-003  2.43e-003  1.67e-003  1.18e-002  4.77e-004  1.10e-003  2.48e-004  7.74e-005  9.60e-005  5.95e-005  1.84e-005  1.69e-005  
6.43223e+016 3.01e-012  5.72e-029  0.00e+000  7.28e-038  6.85e-001  1.35e-025  1.65e-001  1.07e-001  0.00e+000  1.09e-005  2.16e-005  3.06e-003  2.31e-003  1.70e-003  1.13e-002  4.79e-004  1.12e-003  2.66e-004  6.12e-005  9.94e-005  6.19e-005  1.81e-005  1.71e-005  
6.52408e+016 2.81e-012  5.95e-030  0.00e+000  4.95e-039  6.77e-001  2.71e-026  1.79e-001  1.01e-001  0.00e+000  1.01e-005  1.96e-005  3.19e-003  2.22e-003  1.75e-003  1.08e-002  4.84e-004  1.15e-003  2.88e-004  4.84e-005  1.04e-004  6.48e-005  1.89e-005  1.74e-005  
6.62440e+016 2.64e-012  5.38e-031  0.00e+000  2.85e-040  6.66e-001  4.96e-027  1.95e-001  9.47e-002  0.00e+000  9.47e-006  1.78e-005  3.35e-003  2.16e-003  1.81e-003  1.04e-002  4.96e-004  1.20e-003  3.14e-004  3.79e-005  1.11e-004  6.85e-005  2.05e-005  1.79e-005  
6.73219e+016 2.49e-012  4.38e-032  0.00e+000  1.45e-041  6.52e-001  8.45e-028  2.13e-001  8.97e-002  0.00e+000  9.01e-006  1.64e-005  3.58e-003  2.14e-003  1.88e-003  1.01e-002  5.11e-004  1.27e-003  3.46e-004  2.97e-005  1.19e-004  7.40e-005  2.29e-005  1.86e-005  
6.84641e+016 2.35e-012  3.37e-033  0.00e+000  6.76e-043  6.33e-001  1.39e-028  2.33e-001  8.59e-002  0.00e+000  8.71e-006  1.52e-005  3.86e-003  2.16e-003  1.96e-003  9.78e-003  5.36e-004  1.36e-003  3.86e-004  2.33e-005  1.31e-004  8.08e-005  2.61e-005  1.96e-005  
6.96945e+016 2.24e-012  2.26e-034  0.00e+000  2.69e-044  6.12e-001  2.10e-029  2.55e-001  8.31e-002  0.00e+000  8.49e-006  1.42e-005  4.22e-003  2.19e-003  2.03e-003  9.56e-003  5.63e-004  1.48e-003  4.32e-004  1.82e-005  1.44e-004  8.89e-005  3.01e-005  2.07e-005  
7.10391e+016 2.14e-012  1.50e-035  0.00e+000  1.04e-045  5.85e-001  3.15e-030  2.81e-001  8.10e-002  0.00e+000  8.43e-006  1.33e-005  4.67e-003  2.26e-003  2.11e-003  9.41e-003  5.99e-004  1.62e-003  4.92e-004  1.43e-005  1.61e-004  9.97e-005  3.50e-005  2.23e-005  
7.25155e+016 2.03e-012  7.34e-037  0.00e+000  2.79e-047  5.51e-001  3.85e-031  3.12e-001  8.07e-002  0.00e+000  8.47e-006  1.26e-005  5.27e-003  2.37e-003  2.20e-003  9.35e-003  6.50e-004  1.82e-003  5.66e-004  1.10e-005  1.83e-004  1.14e-004  4.14e-005  2.45e-005  
7.42223e+016 1.93e-012  2.61e-038  0.00e+000  5.06e-049  5.07e-001  3.79e-032  3.50e-001  8.23e-002  0.00e+000  8.69e-006  1.20e-005  6.11e-003  2.55e-003  2.28e-003  9.37e-003  7.19e-004  2.08e-003  6.68e-004  8.38e-006  2.15e-004  1.33e-004  5.01e-005  2.76e-005  
7.63108e+016 1.84e-012  4.42e-040  0.00e+000  3.78e-051  4.51e-001  2.24e-033  3.97e-001  8.52e-002  0.00e+000  8.95e-006  1.13e-005  7.22e-003  2.77e-003  2.32e-003  9.33e-003  8.14e-004  2.42e-003  8.14e-004  5.97e-006  2.59e-004  1.61e-004  6.24e-005  3.20e-005  
7.86896e+016 1.77e-012  5.51e-042  0.00e+000  1.92e-053  3.91e-001  1.07e-034  4.46e-001  9.01e-002  0.00e+000  9.29e-006  1.06e-005  8.61e-003  3.03e-003  2.32e-003  9.29e-003  9.40e-004  2.84e-003  9.97e-004  4.11e-006  3.18e-004  1.97e-004  7.87e-005  3.78e-005  
8.18150e+016 1.68e-012  2.11e-044  0.00e+000  2.35e-056  3.18e-001  2.27e-036  5.04e-001  9.80e-002  0.00e+000  9.68e-006  9.68e-006  1.06e-002  3.37e-003  2.25e-003  9.14e-003  1.14e-003  3.43e-003  1.29e-003  2.54e-006  4.09e-004  2.54e-004  1.05e-004  4.71e-005  
8.55776e+016 1.61e-012  3.99e-047  0.00e+000  1.20e-059  2.42e-001  2.93e-038  5.60e-001  1.09e-001  0.00e+000  1.01e-005  8.70e-006  1.34e-002  3.77e-003  2.15e-003  8.83e-003  1.45e-003  4.18e-003  1.70e-003  1.45e-006  5.43e-004  3.37e-004  1.44e-004  6.08e-005  
9.00548e+016 1.54e-012  3.74e-050  0.00e+000  2.58e-063  1.72e-001  2.32e-040  6.05e-001  1.25e-001  0.00e+000  1.04e-005  7.59e-006  1.68e-002  4.20e-003  2.08e-003  8.37e-003  1.99e-003  5.12e-003  2.32e-003  7.72e-007  7.40e-004  4.61e-004  2.05e-004  8.17e-005  
9.53916e+016 1.48e-012  1.86e-053  0.00e+000  2.50e-067  1.13e-001  1.17e-042  6.32e-001  1.43e-001  0.00e+000  1.08e-005  6.47e-006  2.14e-002  4.70e-003  2.09e-003  7.70e-003  3.12e-003  6.31e-003  3.25e-003  3.79e-007  1.05e-003  6.53e-004  3.08e-004  1.15e-004  
1.01535e+017 1.44e-012  7.38e-057  0.00e+000  1.80e-071  7.11e-002  5.02e-045  6.35e-001  1.67e-001  0.00e+000  1.11e-005  5.39e-006  2.74e-002  5.21e-003  2.22e-003  7.04e-003  5.68e-003  7.80e-003  4.68e-003  1.80e-007  1.53e-003  9.54e-004  4.86e-004  1.69e-004  
1.09249e+017 1.41e-012  1.58e-060  0.00e+000  5.92e-076  4.22e-002  1.37e-047  6.06e-001  2.00e-001  0.00e+000  1.16e-005  4.34e-006  3.63e-002  5.83e-003  2.52e-003  6.20e-003  1.26e-002  9.87e-003  7.24e-003  7.95e-008  2.43e-003  1.51e-003  8.31e-004  2.74e-004  
1.19176e+017 1.43e-012  2.45e-064  0.00e+000  1.37e-080  2.64e-002  2.89e-050  5.24e-001  2.50e-001  0.00e+000  1.22e-005  3.36e-006  5.08e-002  6.59e-003  3.06e-003  5.26e-003  3.01e-002  1.28e-002  1.24e-002  3.42e-008  4.31e-003  2.67e-003  1.53e-003  5.19e-004  
1.32448e+017 1.58e-012  4.67e-068  0.00e+000  0.00e+000  2.20e-002  6.58e-053  3.55e-001  3.31e-001  0.00e+000  1.32e-005  2.46e-006  7.72e-002  7.59e-003  3.93e-003  4.28e-003  5.73e-002  1.75e-002  2.52e-002  1.50e-008  9.30e-003  5.76e-003  3.21e-003  1.28e-003  
