! 0       H + CO2 -> CO + OH
! 1       CO2 + H2 -> CO + O + H2
! 2       CO2 + GRAIN -> *CO2 + GRAIN
! 3       CO2 + H3+ -> H2 + HCO2+
! 4       CO2 + H+ -> O + HCO+
! 5       CO2 + N2H+ -> N2 + HCO2+
! 6       CO2 + CRPhoton -> CO + O
! 7       CO2 + He+ -> O + He + CO+
! 8       CO2 + C+ -> CO + CO+
! 9       CO2 + He+ -> He + CO2+
!            tot_rate   0          1          2          3          4          5          6          7          8          9          
1.58188e+013 1.28e-015  0.00e+000  0.00e+000  1.26e-001  3.06e-001  1.04e-001  1.27e-002  6.14e-002  4.69e-002  3.26e-001  6.51e-003  
3.50727e+014 1.28e-015  0.00e+000  0.00e+000  1.26e-001  3.06e-001  1.04e-001  1.27e-002  6.14e-002  4.69e-002  3.26e-001  6.51e-003  
5.21628e+015 1.28e-015  0.00e+000  0.00e+000  1.27e-001  3.06e-001  1.05e-001  1.27e-002  6.13e-002  4.68e-002  3.25e-001  6.50e-003  
2.67137e+016 1.81e-015  0.00e+000  0.00e+000  3.41e-001  2.43e-001  7.90e-002  1.10e-002  4.33e-002  3.30e-002  2.39e-001  4.59e-003  
3.33598e+016 2.52e-015  0.00e+000  0.00e+000  4.48e-001  2.16e-001  7.69e-002  1.36e-002  3.10e-002  2.22e-002  1.85e-001  3.09e-003  
3.42055e+016 2.29e-015  0.00e+000  0.00e+000  3.73e-001  2.48e-001  8.91e-002  1.64e-002  3.42e-002  2.42e-002  2.07e-001  3.37e-003  
3.44017e+016 2.22e-015  0.00e+000  0.00e+000  3.49e-001  2.57e-001  9.31e-002  1.73e-002  3.52e-002  2.50e-002  2.15e-001  3.47e-003  
3.46353e+016 2.14e-015  0.00e+000  0.00e+000  3.18e-001  2.70e-001  9.77e-002  1.85e-002  3.66e-002  2.59e-002  2.25e-001  3.60e-003  
3.48860e+016 2.05e-015  0.00e+000  0.00e+000  2.82e-001  2.85e-001  1.04e-001  1.99e-002  3.82e-002  2.71e-002  2.35e-001  3.77e-003  
3.51370e+016 1.94e-015  0.00e+000  0.00e+000  2.46e-001  3.04e-001  1.11e-001  2.17e-002  4.04e-002  2.87e-002  2.38e-001  3.99e-003  
3.53250e+016 1.81e-015  0.00e+000  0.00e+000  2.24e-001  3.28e-001  1.20e-001  2.38e-002  4.33e-002  3.07e-002  2.18e-001  4.28e-003  
3.55515e+016 1.56e-015  0.00e+000  0.00e+000  2.08e-001  3.85e-001  1.41e-001  2.85e-002  5.01e-002  3.58e-002  1.39e-001  4.97e-003  
3.57182e+016 1.37e-015  0.00e+000  0.00e+000  1.97e-001  4.42e-001  1.62e-001  3.33e-002  5.70e-002  4.09e-002  5.28e-002  5.69e-003  
3.58524e+016 1.28e-015  0.00e+000  0.00e+000  1.79e-001  4.78e-001  1.75e-001  3.64e-002  6.10e-002  4.39e-002  1.14e-002  6.12e-003  
3.60047e+016 1.24e-015  0.00e+000  0.00e+000  1.52e-001  5.00e-001  1.84e-001  3.88e-002  6.31e-002  4.58e-002  1.02e-003  6.37e-003  
3.61718e+016 1.21e-015  0.00e+000  0.00e+000  1.23e-001  5.18e-001  1.90e-001  4.09e-002  6.45e-002  4.73e-002  3.50e-004  6.57e-003  
3.62899e+016 1.20e-015  0.00e+000  0.00e+000  1.03e-001  5.30e-001  1.95e-001  4.25e-002  6.52e-002  4.82e-002  3.04e-004  6.70e-003  
3.63893e+016 1.20e-015  0.00e+000  0.00e+000  8.85e-002  5.39e-001  1.98e-001  4.38e-002  6.55e-002  4.89e-002  3.09e-004  6.80e-003  
3.64972e+016 1.20e-015  0.00e+000  0.00e+000  7.40e-002  5.47e-001  2.01e-001  4.51e-002  6.56e-002  4.96e-002  3.14e-004  6.89e-003  
3.66124e+016 1.21e-015  0.00e+000  0.00e+000  6.06e-002  5.56e-001  2.04e-001  4.66e-002  6.54e-002  5.01e-002  3.20e-004  6.97e-003  
3.67348e+016 1.25e-015  0.00e+000  0.00e+000  4.83e-002  5.63e-001  2.07e-001  4.82e-002  6.48e-002  5.07e-002  3.28e-004  7.05e-003  
3.68621e+016 1.34e-015  0.00e+000  0.00e+000  3.78e-002  5.70e-001  2.10e-001  4.99e-002  6.38e-002  5.12e-002  3.41e-004  7.12e-003  
3.69700e+016 1.52e-015  0.00e+000  0.00e+000  3.05e-002  5.73e-001  2.12e-001  5.15e-002  6.27e-002  5.15e-002  3.62e-004  7.19e-003  
3.70376e+016 1.72e-015  0.00e+000  0.00e+000  2.66e-002  5.75e-001  2.14e-001  5.28e-002  6.21e-002  5.17e-002  3.83e-004  7.20e-003  
3.71087e+016 2.08e-015  1.86e-067  0.00e+000  2.32e-002  5.76e-001  2.16e-001  5.43e-002  6.10e-002  5.19e-002  4.14e-004  7.20e-003  
3.71826e+016 2.73e-015  3.66e-053  0.00e+000  2.01e-002  5.76e-001  2.17e-001  5.61e-002  6.02e-002  5.21e-002  4.62e-004  7.23e-003  
3.72589e+016 3.87e-015  7.94e-041  0.00e+000  1.76e-002  5.74e-001  2.19e-001  5.89e-002  5.97e-002  5.20e-002  5.33e-004  7.24e-003  
3.73370e+016 5.89e-015  8.11e-031  0.00e+000  1.56e-002  5.69e-001  2.22e-001  6.30e-002  5.96e-002  5.23e-002  6.35e-004  7.26e-003  
3.74165e+016 9.41e-015  3.70e-023  0.00e+000  1.41e-002  5.62e-001  2.24e-001  6.83e-002  6.01e-002  5.24e-002  7.66e-004  7.29e-003  
3.74829e+016 1.41e-014  2.48e-018  2.28e-076  1.34e-002  5.55e-001  2.23e-001  7.47e-002  6.17e-002  5.28e-002  8.89e-004  7.32e-003  
3.75505e+016 2.09e-014  1.71e-014  4.06e-061  1.30e-002  5.46e-001  2.19e-001  8.29e-002  6.47e-002  5.37e-002  1.00e-003  7.43e-003  
3.76194e+016 3.00e-014  2.40e-011  1.20e-048  1.31e-002  5.43e-001  2.05e-001  9.33e-002  6.90e-002  5.50e-002  1.09e-003  7.63e-003  
3.76839e+016 3.97e-014  7.76e-009  9.55e-039  1.36e-002  5.47e-001  1.78e-001  1.06e-001  7.53e-002  5.72e-002  1.15e-003  7.96e-003  
3.76854e+016 3.99e-014  8.75e-009  1.53e-038  1.37e-002  5.46e-001  1.78e-001  1.07e-001  7.54e-002  5.74e-002  1.15e-003  7.97e-003  
3.76877e+016 4.03e-014  1.07e-008  3.33e-038  1.37e-002  5.47e-001  1.76e-001  1.07e-001  7.58e-002  5.74e-002  1.15e-003  8.00e-003  
3.76917e+016 4.08e-014  1.47e-008  1.18e-037  1.37e-002  5.47e-001  1.74e-001  1.08e-001  7.63e-002  5.76e-002  1.16e-003  8.02e-003  
3.76980e+016 4.17e-014  2.47e-008  9.05e-037  1.38e-002  5.47e-001  1.71e-001  1.09e-001  7.70e-002  5.81e-002  1.16e-003  8.06e-003  
3.77083e+016 4.32e-014  5.63e-008  2.29e-035  1.40e-002  5.49e-001  1.65e-001  1.12e-001  7.83e-002  5.84e-002  1.17e-003  8.13e-003  
3.77248e+016 4.53e-014  2.03e-007  3.49e-033  1.43e-002  5.52e-001  1.54e-001  1.16e-001  8.06e-002  5.94e-002  1.19e-003  8.25e-003  
3.77450e+016 4.74e-014  9.02e-007  1.21e-030  1.47e-002  5.55e-001  1.40e-001  1.21e-001  8.39e-002  6.07e-002  1.22e-003  8.46e-003  
3.77655e+016 4.81e-014  3.57e-006  2.58e-028  1.52e-002  5.57e-001  1.25e-001  1.28e-001  8.75e-002  6.21e-002  1.25e-003  8.65e-003  
3.77936e+016 4.57e-014  1.25e-005  3.26e-026  1.58e-002  5.60e-001  1.05e-001  1.36e-001  9.24e-002  6.41e-002  1.28e-003  8.91e-003  
3.78016e+016 4.51e-014  1.77e-005  1.25e-025  1.60e-002  5.61e-001  9.98e-002  1.38e-001  9.36e-002  6.46e-002  1.29e-003  8.96e-003  
3.78111e+016 4.43e-014  2.69e-005  6.21e-025  1.62e-002  5.62e-001  9.39e-002  1.41e-001  9.52e-002  6.50e-002  1.30e-003  9.05e-003  
3.78273e+016 4.31e-014  5.39e-005  9.27e-024  1.66e-002  5.62e-001  8.48e-002  1.45e-001  9.80e-002  6.59e-002  1.32e-003  9.17e-003  
3.78530e+016 4.12e-014  1.60e-004  6.14e-022  1.72e-002  5.61e-001  7.18e-002  1.52e-001  1.02e-001  6.72e-002  1.35e-003  9.34e-003  
3.78818e+016 3.93e-014  5.14e-004  5.67e-020  1.79e-002  5.57e-001  5.95e-002  1.60e-001  1.07e-001  6.84e-002  1.37e-003  9.54e-003  
3.79076e+016 3.79e-014  1.38e-003  2.58e-018  1.85e-002  5.54e-001  5.04e-002  1.66e-001  1.11e-001  6.93e-002  1.39e-003  9.62e-003  
3.79253e+016 3.70e-014  2.64e-003  3.14e-017  1.90e-002  5.49e-001  4.49e-002  1.70e-001  1.14e-001  6.98e-002  1.40e-003  9.71e-003  
3.79502e+016 3.59e-014  6.21e-003  8.77e-016  1.95e-002  5.43e-001  3.84e-002  1.75e-001  1.18e-001  6.99e-002  1.40e-003  9.75e-003  
3.79755e+016 3.50e-014  1.42e-002  2.16e-014  2.00e-002  5.32e-001  3.29e-002  1.79e-001  1.21e-001  7.01e-002  1.40e-003  9.72e-003  
3.79897e+016 3.46e-014  2.19e-002  1.17e-013  2.02e-002  5.25e-001  3.00e-002  1.80e-001  1.22e-001  6.96e-002  1.39e-003  9.67e-003  
3.79918e+016 3.46e-014  2.34e-002  1.51e-013  2.02e-002  5.24e-001  2.98e-002  1.81e-001  1.22e-001  6.94e-002  1.39e-003  9.66e-003  
3.79956e+016 3.45e-014  2.60e-002  2.31e-013  2.03e-002  5.21e-001  2.90e-002  1.81e-001  1.23e-001  6.92e-002  1.39e-003  9.65e-003  
3.80017e+016 3.44e-014  3.11e-002  4.59e-013  2.03e-002  5.17e-001  2.79e-002  1.81e-001  1.23e-001  6.91e-002  1.38e-003  9.61e-003  
3.80129e+016 3.44e-014  4.22e-002  1.55e-012  2.04e-002  5.09e-001  2.60e-002  1.81e-001  1.23e-001  6.83e-002  1.37e-003  9.51e-003  
3.80319e+016 3.46e-014  7.00e-002  1.16e-011  2.03e-002  4.89e-001  2.30e-002  1.79e-001  1.22e-001  6.66e-002  1.33e-003  9.26e-003  
3.80578e+016 3.59e-014  1.30e-001  1.52e-010  1.96e-002  4.52e-001  1.92e-002  1.71e-001  1.18e-001  6.22e-002  1.24e-003  8.67e-003  
3.80629e+016 3.63e-014  1.46e-001  2.41e-010  1.94e-002  4.43e-001  1.85e-002  1.69e-001  1.16e-001  6.11e-002  1.22e-003  8.50e-003  
3.80713e+016 3.72e-014  1.73e-001  5.03e-010  1.90e-002  4.27e-001  1.73e-002  1.64e-001  1.14e-001  5.91e-002  1.18e-003  8.22e-003  
3.80859e+016 3.91e-014  2.26e-001  1.69e-009  1.81e-002  3.96e-001  1.53e-002  1.55e-001  1.08e-001  5.52e-002  1.10e-003  7.69e-003  
3.81083e+016 4.42e-014  3.30e-001  1.04e-008  1.61e-002  3.39e-001  1.23e-002  1.36e-001  9.60e-002  4.78e-002  9.53e-004  6.63e-003  
3.81265e+016 5.03e-014  4.23e-001  4.01e-008  1.42e-002  2.90e-001  1.01e-002  1.18e-001  8.43e-002  4.09e-002  8.17e-004  5.70e-003  
3.81480e+016 6.02e-014  5.29e-001  1.57e-007  1.19e-002  2.34e-001  7.83e-003  9.79e-002  7.05e-002  3.34e-002  6.67e-004  4.64e-003  
3.81769e+016 8.23e-014  6.66e-001  9.23e-007  8.78e-003  1.64e-001  5.25e-003  7.03e-002  5.16e-002  2.36e-002  4.70e-004  3.28e-003  
3.81836e+016 8.89e-014  6.92e-001  1.33e-006  8.16e-003  1.51e-001  4.77e-003  6.48e-002  4.78e-002  2.16e-002  4.32e-004  3.00e-003  
3.81952e+016 1.01e-013  7.33e-001  2.39e-006  7.18e-003  1.30e-001  4.06e-003  5.64e-002  4.19e-002  1.87e-002  3.73e-004  2.60e-003  
3.82149e+016 1.30e-013  7.95e-001  6.38e-006  5.65e-003  9.95e-002  3.03e-003  4.35e-002  3.28e-002  1.43e-002  2.85e-004  1.98e-003  
3.82433e+016 1.84e-013  8.59e-001  2.34e-005  4.02e-003  6.74e-002  2.02e-003  3.00e-002  2.32e-002  9.73e-003  1.94e-004  1.35e-003  
3.82740e+016 2.66e-013  9.05e-001  8.19e-005  2.82e-003  4.51e-002  1.32e-003  2.02e-002  1.60e-002  6.46e-003  1.29e-004  9.01e-004  
3.83054e+016 3.81e-013  9.35e-001  2.56e-004  2.00e-003  3.05e-002  8.80e-004  1.37e-002  1.12e-002  4.36e-003  8.69e-005  6.07e-004  
3.83376e+016 5.34e-013  9.54e-001  7.29e-004  1.45e-003  2.12e-002  6.04e-004  9.50e-003  8.06e-003  3.00e-003  5.98e-005  4.18e-004  
3.83751e+016 7.66e-013  9.67e-001  2.15e-003  1.04e-003  1.44e-002  4.06e-004  6.41e-003  5.66e-003  2.02e-003  4.02e-005  2.81e-004  
3.84132e+016 1.07e-012  9.73e-001  5.62e-003  7.71e-004  1.01e-002  2.85e-004  4.46e-003  4.13e-003  1.41e-003  2.81e-005  1.96e-004  
3.84531e+016 1.50e-012  9.71e-001  1.34e-002  5.76e-004  7.18e-003  2.02e-004  3.10e-003  3.03e-003  9.84e-004  1.96e-005  1.37e-004  
3.84962e+016 2.12e-012  9.59e-001  2.99e-002  4.36e-004  5.15e-003  1.45e-004  2.16e-003  2.25e-003  6.94e-004  1.38e-005  9.68e-005  
3.85449e+016 3.02e-012  9.29e-001  6.31e-002  3.26e-004  3.64e-003  1.01e-004  1.46e-003  1.64e-003  4.83e-004  9.59e-006  6.71e-005  
3.85990e+016 4.32e-012  8.72e-001  1.22e-001  2.41e-004  2.55e-003  6.99e-005  9.58e-004  1.18e-003  3.29e-004  6.53e-006  4.56e-005  
3.86597e+016 6.24e-012  7.85e-001  2.11e-001  1.73e-004  1.71e-003  4.68e-005  6.02e-004  8.22e-004  2.16e-004  4.32e-006  3.01e-005  
3.87288e+016 9.40e-012  6.72e-001  3.25e-001  1.20e-004  1.12e-003  3.00e-005  3.54e-004  5.47e-004  1.37e-004  2.74e-006  1.90e-005  
3.88139e+016 1.52e-011  5.50e-001  4.49e-001  7.75e-005  6.76e-004  1.77e-005  1.88e-004  3.38e-004  8.08e-005  1.62e-006  1.12e-005  
3.89093e+016 2.49e-011  4.53e-001  5.46e-001  5.02e-005  4.09e-004  1.04e-005  9.79e-005  2.07e-004  4.78e-005  9.63e-007  6.62e-006  
3.90068e+016 3.85e-011  4.00e-001  6.00e-001  3.43e-005  2.62e-004  6.57e-006  5.45e-005  1.34e-004  3.01e-005  6.13e-007  4.18e-006  
3.91088e+016 5.69e-011  3.79e-001  6.20e-001  2.46e-005  1.77e-004  4.36e-006  3.20e-005  9.07e-005  2.00e-005  4.13e-007  2.79e-006  
3.92181e+016 8.12e-011  3.85e-001  6.14e-001  1.82e-005  1.23e-004  3.02e-006  1.98e-005  6.33e-005  1.38e-005  2.88e-007  1.92e-006  
3.93325e+016 1.11e-010  4.10e-001  5.90e-001  1.41e-005  8.90e-005  2.19e-006  1.31e-005  4.61e-005  1.00e-005  2.11e-007  1.39e-006  
3.94519e+016 1.44e-010  4.49e-001  5.51e-001  1.14e-005  6.70e-005  1.66e-006  9.23e-006  3.49e-005  7.50e-006  1.60e-007  1.05e-006  
3.95803e+016 1.80e-010  4.98e-001  5.02e-001  9.54e-006  5.20e-005  1.31e-006  6.88e-006  2.72e-005  5.83e-006  1.26e-007  8.16e-007  
3.97190e+016 2.17e-010  5.54e-001  4.46e-001  8.27e-006  4.16e-005  1.07e-006  5.36e-006  2.19e-005  4.66e-006  1.02e-007  6.51e-007  
3.98699e+016 2.47e-010  6.12e-001  3.88e-001  7.49e-006  3.45e-005  9.11e-007  4.37e-006  1.83e-005  3.90e-006  8.50e-008  5.43e-007  
4.00514e+016 2.71e-010  6.75e-001  3.24e-001  7.01e-006  2.91e-005  7.90e-007  3.65e-006  1.55e-005  3.29e-006  7.20e-008  4.58e-007  
4.02549e+016 2.79e-010  7.35e-001  2.65e-001  6.88e-006  2.55e-005  7.17e-007  3.18e-006  1.37e-005  2.88e-006  6.31e-008  4.01e-007  
4.04761e+016 2.72e-010  7.88e-001  2.12e-001  7.03e-006  2.31e-005  6.67e-007  2.88e-006  1.25e-005  2.60e-006  5.71e-008  3.62e-007  
4.07070e+016 2.50e-010  8.33e-001  1.67e-001  7.53e-006  2.17e-005  6.44e-007  2.71e-006  1.18e-005  2.45e-006  5.36e-008  3.40e-007  
4.09451e+016 2.20e-010  8.69e-001  1.31e-001  8.33e-006  2.11e-005  6.42e-007  2.64e-006  1.16e-005  2.37e-006  5.19e-008  3.30e-007  
4.11988e+016 1.85e-010  9.02e-001  9.83e-002  9.50e-006  2.10e-005  6.53e-007  2.65e-006  1.16e-005  2.36e-006  5.17e-008  3.28e-007  
4.14624e+016 1.51e-010  9.28e-001  7.16e-002  1.12e-005  2.16e-005  6.76e-007  2.73e-006  1.19e-005  2.42e-006  5.27e-008  3.36e-007  
4.17462e+016 1.19e-010  9.52e-001  4.81e-002  1.37e-005  2.26e-005  7.24e-007  2.86e-006  1.26e-005  2.54e-006  5.50e-008  3.53e-007  
4.20512e+016 8.96e-011  9.70e-001  2.99e-002  1.76e-005  2.47e-005  8.03e-007  3.13e-006  1.37e-005  2.77e-006  5.97e-008  3.85e-007  
4.23867e+016 6.51e-011  9.83e-001  1.64e-002  2.38e-005  2.78e-005  9.22e-007  3.52e-006  1.57e-005  3.13e-006  6.75e-008  4.35e-007  
4.27356e+016 4.63e-011  9.92e-001  8.00e-003  3.37e-005  3.28e-005  1.10e-006  4.11e-006  1.84e-005  3.70e-006  7.93e-008  5.12e-007  
4.30994e+016 3.22e-011  9.97e-001  3.35e-003  5.06e-005  4.04e-005  1.37e-006  5.03e-006  2.26e-005  4.56e-006  9.78e-008  6.33e-007  
4.34671e+016 2.21e-011  9.99e-001  1.22e-003  8.00e-005  5.24e-005  1.78e-006  6.51e-006  2.92e-005  5.87e-006  1.27e-007  8.18e-007  
4.38104e+016 1.54e-011  9.99e-001  4.20e-004  1.29e-004  6.94e-005  2.39e-006  8.63e-006  3.89e-005  7.85e-006  1.69e-007  1.10e-006  
4.41007e+016 1.13e-011  9.99e-001  1.50e-004  1.99e-004  9.20e-005  3.14e-006  1.14e-005  5.10e-005  1.03e-005  2.23e-007  1.44e-006  
4.42181e+016 9.79e-012  9.99e-001  9.31e-005  2.44e-004  1.05e-004  3.60e-006  1.31e-005  5.85e-005  1.19e-005  2.55e-007  1.66e-006  
4.42811e+016 8.80e-012  9.99e-001  6.56e-005  2.79e-004  1.16e-004  3.99e-006  1.45e-005  6.47e-005  1.32e-005  2.84e-007  1.83e-006  
4.43809e+016 8.19e-012  9.99e-001  4.99e-005  3.17e-004  1.24e-004  4.27e-006  1.55e-005  6.94e-005  1.42e-005  3.04e-007  1.96e-006  
4.45030e+016 7.22e-012  9.99e-001  3.14e-005  3.86e-004  1.41e-004  4.84e-006  1.77e-005  7.86e-005  1.61e-005  3.45e-007  2.23e-006  
4.45401e+016 6.30e-012  9.99e-001  2.05e-005  4.52e-004  1.62e-004  5.57e-006  2.03e-005  9.01e-005  1.84e-005  3.97e-007  2.55e-006  
4.45998e+016 5.80e-012  9.99e-001  1.52e-005  5.08e-004  1.77e-004  6.06e-006  2.21e-005  9.82e-005  2.00e-005  4.31e-007  2.79e-006  
4.46779e+016 5.68e-012  9.99e-001  1.33e-005  5.46e-004  1.81e-004  6.22e-006  2.27e-005  1.01e-004  2.06e-005  4.44e-007  2.85e-006  
4.48006e+016 5.02e-012  9.99e-001  8.23e-006  6.68e-004  2.07e-004  7.10e-006  2.59e-005  1.15e-004  2.35e-005  5.06e-007  3.27e-006  
4.48529e+016 3.86e-012  9.99e-001  3.55e-006  8.97e-004  2.70e-004  9.26e-006  3.37e-005  1.50e-004  3.06e-005  6.61e-007  4.25e-006  
4.48834e+016 3.68e-012  9.98e-001  2.99e-006  9.60e-004  2.86e-004  9.74e-006  3.56e-005  1.58e-004  3.24e-005  6.96e-007  4.49e-006  
4.49346e+016 3.74e-012  9.98e-001  2.97e-006  9.80e-004  2.81e-004  9.66e-006  3.53e-005  1.56e-004  3.19e-005  6.88e-007  4.44e-006  
4.49870e+016 3.72e-012  9.98e-001  2.77e-006  1.02e-003  2.85e-004  9.77e-006  3.58e-005  1.58e-004  3.23e-005  6.97e-007  4.49e-006  
4.50684e+016 3.48e-012  9.98e-001  2.07e-006  1.16e-003  3.08e-004  1.06e-005  3.85e-005  1.71e-004  3.48e-005  7.54e-007  4.86e-006  
4.51867e+016 3.00e-012  9.98e-001  1.16e-006  1.46e-003  3.64e-004  1.24e-005  4.54e-005  2.01e-004  4.10e-005  8.88e-007  5.74e-006  
4.51946e+016 2.25e-012  9.97e-001  4.90e-007  1.95e-003  4.85e-004  1.66e-005  6.05e-005  2.68e-004  5.48e-005  1.18e-006  7.66e-006  
4.52061e+016 2.14e-012  9.97e-001  4.16e-007  2.07e-003  5.10e-004  1.75e-005  6.41e-005  2.82e-004  5.80e-005  1.25e-006  8.05e-006  
4.52265e+016 2.15e-012  9.97e-001  4.14e-007  2.09e-003  5.08e-004  1.74e-005  6.38e-005  2.82e-004  5.78e-005  1.24e-006  8.06e-006  
4.52632e+016 2.18e-012  9.97e-001  4.13e-007  2.12e-003  5.05e-004  1.73e-005  6.34e-005  2.80e-004  5.74e-005  1.24e-006  7.99e-006  
4.53239e+016 2.22e-012  9.97e-001  4.01e-007  2.18e-003  5.01e-004  1.72e-005  6.27e-005  2.77e-004  5.68e-005  1.23e-006  7.94e-006  
4.54167e+016 2.07e-012  9.96e-001  2.91e-007  2.51e-003  5.42e-004  1.87e-005  6.82e-005  3.02e-004  6.19e-005  1.34e-006  8.66e-006  
4.55446e+016 1.74e-012  9.95e-001  1.47e-007  3.29e-003  6.56e-004  2.28e-005  8.23e-005  3.68e-004  7.54e-005  1.63e-006  1.05e-005  
4.55658e+016 1.56e-012  9.95e-001  1.03e-007  3.72e-003  7.32e-004  2.55e-005  9.18e-005  4.12e-004  8.47e-005  1.82e-006  1.17e-005  
4.55697e+016 1.19e-012  9.93e-001  4.56e-008  4.88e-003  9.60e-004  3.35e-005  1.20e-004  5.40e-004  1.11e-004  2.39e-006  1.54e-005  
4.55761e+016 1.11e-012  9.93e-001  3.61e-008  5.26e-003  1.03e-003  3.59e-005  1.29e-004  5.79e-004  1.19e-004  2.56e-006  1.66e-005  
4.55871e+016 1.11e-012  9.93e-001  3.60e-008  5.31e-003  1.03e-003  3.60e-005  1.30e-004  5.81e-004  1.19e-004  2.57e-006  1.66e-005  
4.56066e+016 1.12e-012  9.93e-001  3.60e-008  5.34e-003  1.02e-003  3.59e-005  1.29e-004  5.78e-004  1.19e-004  2.56e-006  1.65e-005  
4.56410e+016 1.14e-012  9.93e-001  3.58e-008  5.39e-003  1.01e-003  3.55e-005  1.27e-004  5.72e-004  1.18e-004  2.53e-006  1.63e-005  
4.56849e+016 1.16e-012  9.93e-001  3.58e-008  5.49e-003  1.00e-003  3.52e-005  1.26e-004  5.67e-004  1.17e-004  2.51e-006  1.62e-005  
4.57241e+016 1.15e-012  9.92e-001  3.37e-008  5.71e-003  1.02e-003  3.58e-005  1.28e-004  5.76e-004  1.18e-004  2.55e-006  1.65e-005  
4.57850e+016 1.10e-012  9.92e-001  2.65e-008  6.27e-003  1.07e-003  3.78e-005  1.36e-004  6.10e-004  1.26e-004  2.70e-006  1.75e-005  
4.58802e+016 9.60e-013  9.90e-001  1.55e-008  7.74e-003  1.24e-003  4.43e-005  1.57e-004  7.13e-004  1.46e-004  3.16e-006  2.03e-005  
4.59720e+016 8.18e-013  9.87e-001  8.40e-009  9.78e-003  1.48e-003  5.30e-005  1.87e-004  8.53e-004  1.75e-004  3.76e-006  2.43e-005  
4.59734e+016 7.17e-013  9.86e-001  5.62e-009  1.12e-002  1.69e-003  6.05e-005  2.13e-004  9.73e-004  1.99e-004  4.29e-006  2.77e-005  
4.59759e+016 5.41e-013  9.81e-001  2.38e-009  1.48e-002  2.24e-003  8.02e-005  2.83e-004  1.29e-003  2.64e-004  5.69e-006  3.68e-005  
4.59802e+016 4.80e-013  9.78e-001  1.65e-009  1.67e-002  2.52e-003  9.04e-005  3.19e-004  1.45e-003  2.98e-004  6.41e-006  4.14e-005  
4.59873e+016 4.79e-013  9.78e-001  1.62e-009  1.68e-002  2.52e-003  9.07e-005  3.19e-004  1.46e-003  2.98e-004  6.45e-006  4.15e-005  
4.59993e+016 4.82e-013  9.78e-001  1.61e-009  1.69e-002  2.51e-003  9.04e-005  3.19e-004  1.45e-003  2.98e-004  6.43e-006  4.15e-005  
4.60196e+016 4.87e-013  9.78e-001  1.62e-009  1.70e-002  2.51e-003  9.00e-005  3.16e-004  1.45e-003  2.96e-004  6.39e-006  4.13e-005  
4.60580e+016 4.96e-013  9.78e-001  1.61e-009  1.72e-002  2.48e-003  8.91e-005  3.13e-004  1.43e-003  2.94e-004  6.33e-006  4.09e-005  
4.61139e+016 5.07e-013  9.78e-001  1.59e-009  1.76e-002  2.44e-003  8.83e-005  3.09e-004  1.42e-003  2.92e-004  6.27e-006  4.04e-005  
4.61801e+016 4.89e-013  9.76e-001  1.28e-009  1.94e-002  2.56e-003  9.33e-005  3.25e-004  1.50e-003  3.07e-004  6.61e-006  4.25e-005  
4.62829e+016 4.21e-013  9.70e-001  6.87e-010  2.45e-002  3.02e-003  1.11e-004  3.85e-004  1.78e-003  3.64e-004  7.87e-006  5.06e-005  
4.63958e+016 3.36e-013  9.59e-001  2.87e-010  3.36e-002  3.87e-003  1.43e-004  4.91e-004  2.29e-003  4.68e-004  1.01e-005  6.52e-005  
4.64165e+016 3.10e-013  9.55e-001  2.16e-010  3.71e-002  4.19e-003  1.55e-004  5.35e-004  2.49e-003  5.10e-004  1.10e-005  7.10e-005  
4.64187e+016 2.31e-013  9.39e-001  8.35e-011  4.98e-002  5.63e-003  2.09e-004  7.19e-004  3.34e-003  6.84e-004  1.48e-005  9.52e-005  
4.64224e+016 1.77e-013  9.21e-001  3.45e-011  6.50e-002  7.34e-003  2.72e-004  9.38e-004  4.36e-003  8.92e-004  1.92e-005  1.24e-004  
4.64286e+016 1.65e-013  9.15e-001  2.71e-011  6.97e-002  7.88e-003  2.93e-004  1.01e-003  4.68e-003  9.57e-004  2.07e-005  1.33e-004  
4.64396e+016 1.65e-013  9.14e-001  2.67e-011  7.02e-002  7.93e-003  2.93e-004  1.01e-003  4.70e-003  9.63e-004  2.07e-005  1.34e-004  
4.64596e+016 1.66e-013  9.14e-001  2.67e-011  7.09e-002  7.87e-003  2.93e-004  1.00e-003  4.68e-003  9.56e-004  2.06e-005  1.33e-004  
4.64933e+016 1.70e-013  9.13e-001  2.66e-011  7.19e-002  7.78e-003  2.89e-004  9.90e-004  4.63e-003  9.48e-004  2.04e-005  1.32e-004  
4.65501e+016 1.74e-013  9.12e-001  2.65e-011  7.34e-002  7.63e-003  2.86e-004  9.75e-004  4.57e-003  9.35e-004  2.01e-005  1.30e-004  
4.66259e+016 1.69e-013  9.04e-001  2.10e-011  8.04e-002  7.98e-003  3.00e-004  1.02e-003  4.80e-003  9.81e-004  2.11e-005  1.36e-004  
4.67450e+016 1.41e-013  8.74e-001  8.88e-012  1.07e-001  9.81e-003  3.72e-004  1.25e-003  5.94e-003  1.22e-003  2.62e-005  1.68e-004  
4.68726e+016 1.08e-013  8.19e-001  2.54e-012  1.55e-001  1.31e-002  5.01e-004  1.67e-003  8.01e-003  1.63e-003  3.52e-005  2.26e-004  
4.69009e+016 1.01e-013  8.03e-001  1.85e-012  1.69e-001  1.40e-002  5.39e-004  1.79e-003  8.61e-003  1.75e-003  3.78e-005  2.44e-004  
4.69024e+016 9.39e-014  7.88e-001  1.38e-012  1.82e-001  1.50e-002  5.79e-004  1.93e-003  9.26e-003  1.89e-003  4.06e-005  2.62e-004  
4.69048e+016 7.84e-014  7.46e-001  6.51e-013  2.18e-001  1.80e-002  6.94e-004  2.31e-003  1.11e-002  2.26e-003  4.86e-005  3.14e-004  
4.69090e+016 6.28e-014  6.83e-001  2.37e-013  2.72e-001  2.25e-002  8.66e-004  2.88e-003  1.38e-002  2.82e-003  6.07e-005  3.92e-004  
4.69160e+016 5.25e-014  6.19e-001  9.26e-014  3.28e-001  2.69e-002  1.04e-003  3.45e-003  1.66e-002  3.37e-003  7.26e-005  4.69e-004  
4.69279e+016 5.07e-014  6.02e-001  7.32e-014  3.43e-001  2.80e-002  1.08e-003  3.57e-003  1.72e-002  3.51e-003  7.53e-005  4.87e-004  
4.69476e+016 5.11e-014  5.99e-001  7.16e-014  3.46e-001  2.78e-002  1.07e-003  3.56e-003  1.71e-002  3.48e-003  7.51e-005  4.85e-004  
4.69806e+016 5.21e-014  5.97e-001  7.08e-014  3.49e-001  2.74e-002  1.06e-003  3.51e-003  1.70e-002  3.45e-003  7.42e-005  4.80e-004  
4.70337e+016 5.38e-014  5.93e-001  7.03e-014  3.53e-001  2.68e-002  1.05e-003  3.44e-003  1.67e-002  3.39e-003  7.29e-005  4.71e-004  
4.70622e+016 5.44e-014  5.88e-001  6.75e-014  3.59e-001  2.67e-002  1.04e-003  3.42e-003  1.66e-002  3.37e-003  7.26e-005  4.69e-004  
4.71061e+016 5.40e-014  5.72e-001  5.54e-014  3.74e-001  2.70e-002  1.06e-003  3.46e-003  1.69e-002  3.43e-003  7.39e-005  4.78e-004  
4.71746e+016 5.16e-014  5.29e-001  3.19e-014  4.14e-001  2.87e-002  1.13e-003  3.64e-003  1.80e-002  3.64e-003  7.86e-005  5.07e-004  
4.72860e+016 4.64e-014  4.29e-001  8.58e-015  5.06e-001  3.25e-002  1.29e-003  4.09e-003  2.05e-002  4.16e-003  8.96e-005  5.80e-004  
4.74240e+016 4.14e-014  2.90e-001  1.05e-015  6.35e-001  3.72e-002  1.50e-003  4.66e-003  2.38e-002  4.83e-003  1.04e-004  6.72e-004  
4.74305e+016 4.13e-014  2.83e-001  9.37e-016  6.42e-001  3.73e-002  1.50e-003  4.67e-003  2.39e-002  4.84e-003  1.04e-004  6.73e-004  
4.74313e+016 4.12e-014  2.82e-001  9.13e-016  6.43e-001  3.74e-002  1.51e-003  4.69e-003  2.40e-002  4.86e-003  1.04e-004  6.75e-004  
4.74348e+016 4.05e-014  2.69e-001  7.14e-016  6.54e-001  3.80e-002  1.54e-003  4.77e-003  2.44e-002  4.94e-003  1.06e-004  6.87e-004  
4.74406e+016 3.87e-014  2.32e-001  3.44e-016  6.88e-001  3.98e-002  1.61e-003  4.99e-003  2.56e-002  5.17e-003  1.11e-004  7.19e-004  
4.74503e+016 3.62e-014  1.75e-001  9.05e-017  7.40e-001  4.25e-002  1.72e-003  5.33e-003  2.74e-002  5.52e-003  1.19e-004  7.70e-004  
4.74676e+016 3.43e-014  1.20e-001  1.69e-017  7.89e-001  4.51e-002  1.82e-003  5.62e-003  2.89e-002  5.85e-003  1.26e-004  8.15e-004  
4.74972e+016 3.39e-014  9.03e-002  4.99e-018  8.18e-001  4.58e-002  1.86e-003  5.73e-003  2.95e-002  5.96e-003  1.29e-004  8.29e-004  
4.75283e+016 3.44e-014  8.39e-002  3.72e-018  8.25e-001  4.53e-002  1.84e-003  5.63e-003  2.93e-002  5.92e-003  1.28e-004  8.22e-004  
4.75365e+016 3.46e-014  8.32e-002  3.61e-018  8.26e-001  4.51e-002  1.84e-003  5.63e-003  2.92e-002  5.89e-003  1.27e-004  8.20e-004  
4.75556e+016 3.51e-014  8.19e-002  3.47e-018  8.28e-001  4.47e-002  1.82e-003  5.55e-003  2.90e-002  5.83e-003  1.26e-004  8.11e-004  
4.75856e+016 3.60e-014  8.04e-002  3.28e-018  8.32e-001  4.37e-002  1.79e-003  5.42e-003  2.84e-002  5.76e-003  1.24e-004  7.98e-004  
4.76342e+016 3.71e-014  7.44e-002  2.46e-018  8.39e-001  4.29e-002  1.76e-003  5.29e-003  2.81e-002  5.64e-003  1.21e-004  7.85e-004  
4.77120e+016 3.88e-014  5.93e-002  1.01e-018  8.57e-001  4.15e-002  1.72e-003  5.11e-003  2.73e-002  5.50e-003  1.18e-004  7.64e-004  
4.78339e+016 4.15e-014  3.47e-002  1.22e-019  8.85e-001  3.95e-002  1.65e-003  4.82e-003  2.63e-002  5.28e-003  1.14e-004  7.33e-004  
4.79819e+016 4.54e-014  1.48e-002  4.38e-021  9.10e-001  3.68e-002  1.57e-003  4.45e-003  2.49e-002  4.98e-003  1.07e-004  6.92e-004  
4.80101e+016 4.63e-014  1.24e-002  2.16e-021  9.14e-001  3.63e-002  1.55e-003  4.36e-003  2.44e-002  4.90e-003  1.06e-004  6.82e-004  
4.80156e+016 4.64e-014  1.19e-002  1.85e-021  9.14e-001  3.62e-002  1.55e-003  4.35e-003  2.44e-002  4.92e-003  1.06e-004  6.83e-004  
4.80288e+016 4.68e-014  1.07e-002  1.21e-021  9.16e-001  3.59e-002  1.54e-003  4.31e-003  2.43e-002  4.87e-003  1.05e-004  6.77e-004  
4.80511e+016 4.75e-014  8.74e-003  5.50e-022  9.18e-001  3.56e-002  1.53e-003  4.28e-003  2.40e-002  4.82e-003  1.04e-004  6.72e-004  
4.80875e+016 4.87e-014  6.18e-003  1.42e-022  9.23e-001  3.47e-002  1.50e-003  4.17e-003  2.36e-002  4.75e-003  1.02e-004  6.60e-004  
4.81463e+016 5.07e-014  3.69e-003  1.88e-023  9.27e-001  3.37e-002  1.46e-003  4.02e-003  2.31e-002  4.62e-003  9.94e-005  6.41e-004  
4.82445e+016 5.45e-014  1.75e-003  1.03e-024  9.33e-001  3.18e-002  1.39e-003  3.76e-003  2.20e-002  4.39e-003  9.44e-005  6.10e-004  
4.83636e+016 5.95e-014  7.26e-004  3.45e-026  9.38e-001  2.96e-002  1.31e-003  3.46e-003  2.07e-002  4.12e-003  8.86e-005  5.73e-004  
4.84912e+016 6.54e-014  2.49e-004  5.36e-028  9.43e-001  2.74e-002  1.23e-003  3.16e-003  1.94e-002  3.85e-003  8.27e-005  5.35e-004  
4.86294e+016 7.24e-014  6.66e-005  3.13e-030  9.47e-001  2.50e-002  1.15e-003  2.87e-003  1.81e-002  3.58e-003  7.69e-005  4.97e-004  
4.87591e+016 7.96e-014  1.66e-005  1.34e-032  9.51e-001  2.31e-002  1.08e-003  2.63e-003  1.68e-002  3.34e-003  7.18e-005  4.64e-004  
4.88968e+016 8.79e-014  3.21e-006  2.20e-035  9.55e-001  2.13e-002  1.01e-003  2.39e-003  1.57e-002  3.11e-003  6.92e-005  4.31e-004  
4.90444e+016 9.76e-014  4.39e-007  8.81e-039  9.58e-001  1.95e-002  9.37e-004  2.15e-003  1.47e-002  2.88e-003  7.29e-005  4.00e-004  
4.91980e+016 1.08e-013  4.22e-008  8.68e-043  9.62e-001  1.78e-002  8.74e-004  1.94e-003  1.37e-002  2.67e-003  7.81e-005  3.72e-004  
4.93317e+016 1.19e-013  4.13e-009  9.23e-047  9.65e-001  1.64e-002  8.16e-004  1.76e-003  1.27e-002  2.48e-003  8.30e-005  3.45e-004  
4.94239e+016 1.26e-013  7.06e-010  8.55e-050  9.66e-001  1.55e-002  7.86e-004  1.66e-003  1.22e-002  2.38e-003  8.79e-005  3.31e-004  
4.95192e+016 1.34e-013  9.60e-011  3.25e-053  9.68e-001  1.47e-002  7.52e-004  1.56e-003  1.17e-002  2.28e-003  9.38e-005  3.16e-004  
4.96202e+016 1.43e-013  9.90e-012  4.02e-057  9.69e-001  1.39e-002  7.18e-004  1.46e-003  1.12e-002  2.17e-003  1.00e-004  3.01e-004  
4.97297e+016 1.54e-013  6.80e-013  9.97e-062  9.71e-001  1.30e-002  6.86e-004  1.35e-003  1.06e-002  2.05e-003  1.08e-004  2.85e-004  
4.98461e+016 1.66e-013  2.86e-014  3.56e-067  9.73e-001  1.23e-002  6.53e-004  1.26e-003  1.01e-002  1.95e-003  1.19e-004  2.71e-004  
4.99670e+016 1.79e-013  7.67e-016  2.09e-073  9.74e-001  1.14e-002  6.22e-004  1.16e-003  9.58e-003  1.84e-003  1.32e-004  2.56e-004  
5.00936e+016 1.93e-013  1.08e-017  9.71e-081  9.76e-001  1.07e-002  5.92e-004  1.07e-003  9.08e-003  1.74e-003  1.49e-004  2.42e-004  
5.02240e+016 2.07e-013  7.93e-020  0.00e+000  9.77e-001  1.00e-002  5.61e-004  9.92e-004  8.66e-003  1.65e-003  1.71e-004  2.29e-004  
5.03584e+016 2.22e-013  2.85e-022  0.00e+000  9.78e-001  9.38e-003  5.37e-004  9.15e-004  8.25e-003  1.56e-003  1.99e-004  2.18e-004  
5.05026e+016 2.39e-013  2.75e-025  0.00e+000  9.80e-001  8.79e-003  5.11e-004  8.46e-004  7.83e-003  1.48e-003  2.35e-004  2.06e-004  
5.05959e+016 2.51e-013  2.75e-027  0.00e+000  9.80e-001  8.37e-003  4.94e-004  8.01e-004  7.57e-003  1.43e-003  2.61e-004  1.98e-004  
5.06957e+016 2.64e-013  1.58e-029  0.00e+000  9.81e-001  7.99e-003  4.77e-004  7.58e-004  7.31e-003  1.38e-003  2.93e-004  1.91e-004  
5.07988e+016 2.79e-013  5.99e-032  0.00e+000  9.82e-001  7.60e-003  4.59e-004  7.10e-004  7.02e-003  1.32e-003  3.28e-004  1.83e-004  
5.09058e+016 2.94e-013  2.02e-034  0.00e+000  9.83e-001  7.24e-003  4.45e-004  6.70e-004  6.77e-003  1.26e-003  3.71e-004  1.76e-004  
5.10237e+016 3.12e-013  2.77e-037  0.00e+000  9.83e-001  6.82e-003  4.26e-004  6.28e-004  6.47e-003  1.21e-003  4.16e-004  1.68e-004  
5.11496e+016 3.32e-013  2.15e-040  0.00e+000  9.84e-001  6.44e-003  4.09e-004  5.84e-004  6.20e-003  1.15e-003  4.73e-004  1.60e-004  
5.12843e+016 3.54e-013  1.02e-043  0.00e+000  9.85e-001  6.07e-003  3.92e-004  5.42e-004  5.93e-003  1.10e-003  5.33e-004  1.52e-004  
5.14296e+016 3.79e-013  1.75e-047  0.00e+000  9.86e-001  5.69e-003  3.74e-004  5.01e-004  5.64e-003  1.04e-003  5.96e-004  1.44e-004  
5.15425e+016 4.00e-013  2.77e-050  0.00e+000  9.86e-001  5.39e-003  3.60e-004  4.72e-004  5.42e-003  9.96e-004  6.34e-004  1.39e-004  
5.16792e+016 4.27e-013  1.20e-053  0.00e+000  9.87e-001  5.09e-003  3.45e-004  4.38e-004  5.18e-003  9.49e-004  6.73e-004  1.32e-004  
5.18319e+016 4.57e-013  1.45e-057  0.00e+000  9.88e-001  4.75e-003  3.28e-004  4.05e-004  4.93e-003  9.00e-004  6.96e-004  1.25e-004  
5.19950e+016 4.90e-013  3.00e-062  0.00e+000  9.88e-001  4.43e-003  3.14e-004  3.72e-004  4.68e-003  8.51e-004  7.04e-004  1.18e-004  
5.21655e+016 5.26e-013  9.38e-067  0.00e+000  9.89e-001  4.15e-003  2.99e-004  3.40e-004  4.43e-003  8.06e-004  6.94e-004  1.12e-004  
5.23457e+016 5.66e-013  1.18e-071  0.00e+000  9.90e-001  3.85e-003  2.85e-004  3.13e-004  4.21e-003  7.60e-004  6.66e-004  1.06e-004  
5.25384e+016 6.10e-013  2.31e-076  0.00e+000  9.90e-001  3.57e-003  2.71e-004  2.85e-004  3.98e-003  7.16e-004  6.28e-004  9.97e-005  
5.27451e+016 6.59e-013  1.18e-081  0.00e+000  9.91e-001  3.31e-003  2.56e-004  2.58e-004  3.76e-003  6.75e-004  5.83e-004  9.38e-005  
5.29668e+016 7.14e-013  0.00e+000  0.00e+000  9.91e-001  3.05e-003  2.44e-004  2.32e-004  3.54e-003  6.33e-004  5.35e-004  8.81e-005  
5.31993e+016 7.72e-013  0.00e+000  0.00e+000  9.92e-001  2.82e-003  2.32e-004  2.10e-004  3.34e-003  5.94e-004  4.90e-004  8.28e-005  
5.34440e+016 8.36e-013  0.00e+000  0.00e+000  9.93e-001  2.60e-003  2.20e-004  1.89e-004  3.15e-003  5.58e-004  4.45e-004  7.76e-005  
5.36995e+016 9.02e-013  0.00e+000  0.00e+000  9.93e-001  2.41e-003  2.09e-004  1.70e-004  2.97e-003  5.25e-004  4.05e-004  7.30e-005  
5.39765e+016 9.74e-013  0.00e+000  0.00e+000  9.94e-001  2.22e-003  1.99e-004  1.53e-004  2.81e-003  4.94e-004  3.66e-004  6.88e-005  
5.42627e+016 1.05e-012  0.00e+000  0.00e+000  9.94e-001  2.05e-003  1.91e-004  1.38e-004  2.66e-003  4.66e-004  3.33e-004  6.49e-005  
5.45738e+016 1.13e-012  0.00e+000  0.00e+000  9.94e-001  1.89e-003  1.82e-004  1.23e-004  2.51e-003  4.39e-004  3.01e-004  6.11e-005  
5.49079e+016 1.21e-012  0.00e+000  0.00e+000  9.95e-001  1.75e-003  1.75e-004  1.09e-004  2.38e-003  4.16e-004  2.72e-004  5.79e-005  
5.52575e+016 1.29e-012  0.00e+000  0.00e+000  9.95e-001  1.62e-003  1.64e-004  9.80e-005  2.26e-003  3.94e-004  2.46e-004  5.48e-005  
5.56155e+016 1.36e-012  0.00e+000  0.00e+000  9.95e-001  1.53e-003  1.52e-004  8.85e-005  2.17e-003  3.77e-004  2.26e-004  5.25e-005  
5.59918e+016 1.42e-012  0.00e+000  0.00e+000  9.96e-001  1.44e-003  1.43e-004  8.05e-005  2.09e-003  3.64e-004  2.08e-004  5.06e-005  
5.63913e+016 1.47e-012  0.00e+000  0.00e+000  9.96e-001  1.36e-003  1.34e-004  7.30e-005  2.03e-003  3.53e-004  1.92e-004  4.92e-005  
5.68226e+016 1.52e-012  0.00e+000  0.00e+000  9.96e-001  1.30e-003  1.26e-004  6.60e-005  1.97e-003  3.43e-004  1.76e-004  4.77e-005  
5.72780e+016 1.54e-012  0.00e+000  0.00e+000  9.96e-001  1.26e-003  1.20e-004  6.10e-005  1.93e-003  3.39e-004  1.65e-004  4.71e-005  
5.77650e+016 1.55e-012  0.00e+000  0.00e+000  9.96e-001  1.22e-003  1.16e-004  5.62e-005  1.91e-003  3.35e-004  1.54e-004  4.66e-005  
5.82707e+016 1.54e-012  0.00e+000  0.00e+000  9.96e-001  1.20e-003  1.13e-004  5.23e-005  1.91e-003  3.35e-004  1.45e-004  4.66e-005  
5.88124e+016 1.51e-012  0.00e+000  0.00e+000  9.96e-001  1.19e-003  1.10e-004  4.89e-005  1.92e-003  3.38e-004  1.38e-004  4.70e-005  
5.93801e+016 1.45e-012  0.00e+000  0.00e+000  9.96e-001  1.20e-003  1.10e-004  4.66e-005  1.97e-003  3.47e-004  1.33e-004  4.83e-005  
5.99878e+016 1.38e-012  0.00e+000  0.00e+000  9.96e-001  1.22e-003  1.11e-004  4.44e-005  2.03e-003  3.58e-004  1.29e-004  4.98e-005  
6.06254e+016 1.30e-012  0.00e+000  0.00e+000  9.96e-001  1.25e-003  1.12e-004  4.26e-005  2.11e-003  3.72e-004  1.25e-004  5.17e-005  
6.12860e+016 1.21e-012  0.00e+000  0.00e+000  9.96e-001  1.30e-003  1.15e-004  4.13e-005  2.21e-003  3.90e-004  1.23e-004  5.42e-005  
6.19772e+016 1.11e-012  0.00e+000  0.00e+000  9.95e-001  1.38e-003  1.19e-004  4.05e-005  2.33e-003  4.13e-004  1.21e-004  5.75e-005  
6.27006e+016 1.00e-012  0.00e+000  0.00e+000  9.95e-001  1.45e-003  1.25e-004  4.00e-005  2.50e-003  4.40e-004  1.21e-004  6.12e-005  
6.34752e+016 9.05e-013  0.00e+000  0.00e+000  9.95e-001  1.56e-003  1.32e-004  3.97e-005  2.69e-003  4.72e-004  1.22e-004  6.57e-005  
6.43223e+016 8.06e-013  0.00e+000  0.00e+000  9.94e-001  1.69e-003  1.40e-004  3.96e-005  2.92e-003  5.10e-004  1.22e-004  7.09e-005  
6.52408e+016 7.08e-013  0.00e+000  0.00e+000  9.94e-001  1.85e-003  1.51e-004  3.98e-005  3.20e-003  5.56e-004  1.24e-004  7.74e-005  
6.62440e+016 6.17e-013  0.00e+000  0.00e+000  9.93e-001  2.04e-003  1.65e-004  4.03e-005  3.55e-003  6.11e-004  1.27e-004  8.49e-005  
6.73219e+016 5.34e-013  0.00e+000  0.00e+000  9.92e-001  2.28e-003  1.81e-004  4.10e-005  3.95e-003  6.74e-004  1.31e-004  9.38e-005  
6.84641e+016 4.61e-013  0.00e+000  0.00e+000  9.92e-001  2.56e-003  1.99e-004  4.23e-005  4.43e-003  7.49e-004  1.35e-004  1.04e-004  
6.96945e+016 3.96e-013  0.00e+000  0.00e+000  9.91e-001  2.88e-003  2.22e-004  4.40e-005  4.98e-003  8.36e-004  1.42e-004  1.16e-004  
7.10391e+016 3.39e-013  0.00e+000  0.00e+000  9.89e-001  3.28e-003  2.48e-004  4.61e-005  5.58e-003  9.39e-004  1.50e-004  1.31e-004  
7.25155e+016 2.89e-013  0.00e+000  0.00e+000  9.88e-001  3.77e-003  2.80e-004  4.87e-005  6.29e-003  1.06e-003  1.60e-004  1.47e-004  
7.42223e+016 2.45e-013  0.00e+000  0.00e+000  9.86e-001  4.36e-003  3.19e-004  5.26e-005  7.13e-003  1.21e-003  1.74e-004  1.68e-004  
7.63108e+016 2.05e-013  0.00e+000  0.00e+000  9.84e-001  5.12e-003  3.69e-004  5.75e-005  8.14e-003  1.40e-003  1.93e-004  1.94e-004  
7.86896e+016 1.74e-013  0.00e+000  0.00e+000  9.82e-001  5.97e-003  4.25e-004  6.32e-005  9.13e-003  1.61e-003  2.14e-004  2.23e-004  
8.18150e+016 1.46e-013  0.00e+000  0.00e+000  9.79e-001  7.12e-003  4.98e-004  7.19e-005  1.03e-002  1.88e-003  2.44e-004  2.62e-004  
8.55776e+016 1.24e-013  0.00e+000  0.00e+000  9.76e-001  8.47e-003  5.83e-004  8.23e-005  1.12e-002  2.20e-003  2.81e-004  3.07e-004  
9.00548e+016 1.07e-013  0.00e+000  0.00e+000  9.73e-001  1.00e-002  6.81e-004  9.45e-005  1.20e-002  2.57e-003  3.26e-004  3.58e-004  
9.53916e+016 9.26e-014  0.00e+000  0.00e+000  9.70e-001  1.19e-002  8.05e-004  1.11e-004  1.25e-002  3.02e-003  3.87e-004  4.21e-004  
1.01535e+017 8.01e-014  0.00e+000  0.00e+000  9.66e-001  1.44e-002  9.69e-004  1.35e-004  1.30e-002  3.63e-003  4.74e-004  5.06e-004  
1.09249e+017 6.82e-014  0.00e+000  0.00e+000  9.61e-001  1.79e-002  1.22e-003  1.72e-004  1.33e-002  4.58e-003  6.20e-004  6.36e-004  
1.19176e+017 5.72e-014  0.00e+000  0.00e+000  9.52e-001  2.36e-002  1.66e-003  2.38e-004  1.36e-002  6.19e-003  9.08e-004  8.62e-004  
1.32448e+017 4.83e-014  0.00e+000  0.00e+000  9.34e-001  3.46e-002  2.57e-003  3.79e-004  1.38e-002  9.55e-003  1.62e-003  1.33e-003  
