! 0       *H + *HCO -> *CO + *H2
! 1       *H + *HCO -> *H2CO
! 2       *H + *HCO -> H2CO
! 3       *HCO + *CH3O -> *HCOOCH3
! 4       *HCO + He -> HCO + He
! 5       *HCO + H2 -> HCO + H2
! 6       *O + *HCO -> *CO + *OH
! 7       *O + *HCO -> *CO2 + *H
! 8       *CH3 + *HCO -> *CH3CHO
! 9       *HCO + *CH3O -> HCOOCH3
!            tot_rate   0          1          2          3          4          5          6          7          8          9          
1.58188e+013 5.46e-013  5.00e-001  4.95e-001  5.00e-003  4.49e-016  0.00e+000  0.00e+000  7.15e-016  7.15e-016  2.24e-011  4.53e-018  
3.50727e+014 5.46e-013  5.00e-001  4.95e-001  5.00e-003  4.49e-016  0.00e+000  0.00e+000  7.15e-016  7.15e-016  2.24e-011  4.53e-018  
5.21628e+015 5.46e-013  5.00e-001  4.95e-001  5.00e-003  4.49e-016  0.00e+000  0.00e+000  7.16e-016  7.16e-016  2.24e-011  4.53e-018  
2.67137e+016 5.52e-013  5.00e-001  4.95e-001  5.00e-003  4.53e-016  0.00e+000  0.00e+000  1.59e-015  1.59e-015  2.17e-011  4.57e-018  
3.33598e+016 5.42e-013  5.00e-001  4.95e-001  5.00e-003  8.57e-016  0.00e+000  0.00e+000  5.15e-015  5.15e-015  3.54e-011  8.66e-018  
3.42055e+016 4.38e-013  5.00e-001  4.95e-001  5.00e-003  2.26e-015  3.10e-076  0.00e+000  1.28e-014  1.28e-014  9.47e-011  2.28e-017  
3.44017e+016 4.08e-013  5.00e-001  4.95e-001  5.00e-003  3.23e-015  3.46e-069  0.00e+000  1.81e-014  1.81e-014  1.35e-010  3.26e-017  
3.46353e+016 3.68e-013  5.00e-001  4.95e-001  5.00e-003  5.60e-015  4.92e-056  0.00e+000  3.04e-014  3.04e-014  2.31e-010  5.65e-017  
3.48860e+016 3.24e-013  5.01e-001  4.94e-001  5.01e-003  1.21e-014  1.65e-048  5.72e-078  6.43e-014  6.43e-014  4.85e-010  1.22e-016  
3.51370e+016 2.77e-013  5.01e-001  4.94e-001  5.01e-003  3.35e-014  1.05e-035  1.07e-070  1.74e-013  1.74e-013  1.27e-009  3.39e-016  
3.53250e+016 2.41e-013  5.02e-001  4.93e-001  5.02e-003  8.66e-014  8.91e-028  1.20e-053  4.44e-013  4.44e-013  3.08e-009  8.75e-016  
3.55515e+016 1.98e-013  5.00e-001  4.95e-001  5.00e-003  3.71e-013  2.75e-017  1.34e-044  1.90e-012  1.90e-012  1.15e-008  3.75e-015  
3.57182e+016 1.67e-013  5.00e-001  4.95e-001  5.00e-003  1.36e-012  7.30e-013  3.44e-034  7.06e-012  7.06e-012  3.47e-008  1.38e-014  
3.58524e+016 1.44e-013  5.00e-001  4.95e-001  5.00e-003  4.57e-012  1.72e-010  5.12e-028  2.40e-011  2.40e-011  8.43e-008  4.62e-014  
3.60047e+016 1.19e-013  5.00e-001  4.95e-001  5.00e-003  2.13e-011  6.74e-009  5.42e-020  1.15e-010  1.15e-010  1.93e-007  2.15e-013  
3.61718e+016 9.50e-014  5.00e-001  4.95e-001  5.00e-003  1.46e-010  7.62e-008  4.39e-013  8.25e-010  8.25e-010  3.43e-007  1.47e-012  
3.62899e+016 8.00e-014  5.00e-001  4.95e-001  5.00e-003  6.41e-010  2.74e-007  3.34e-010  3.76e-009  3.76e-009  4.46e-007  6.47e-012  
3.63893e+016 6.90e-014  5.00e-001  4.95e-001  5.00e-003  2.39e-009  6.87e-007  1.61e-008  1.45e-008  1.45e-008  5.36e-007  2.40e-011  
3.64972e+016 5.86e-014  5.00e-001  4.95e-001  5.00e-003  1.03e-008  1.84e-006  1.35e-007  6.49e-008  6.49e-008  6.47e-007  1.04e-010  
3.66124e+016 4.90e-014  5.00e-001  4.95e-001  5.00e-003  5.10e-008  4.73e-006  7.65e-007  3.32e-007  3.32e-007  1.09e-006  5.14e-010  
3.67348e+016 4.10e-014  5.00e-001  4.95e-001  5.00e-003  3.05e-007  1.27e-005  2.98e-006  1.82e-006  1.82e-006  0.00e+000  3.10e-009  
3.68621e+016 3.66e-014  5.00e-001  4.95e-001  5.00e-003  2.73e-006  3.12e-005  9.95e-006  5.06e-006  5.06e-006  1.09e-006  2.76e-008  
3.69700e+016 3.28e-014  5.00e-001  4.94e-001  5.00e-003  1.73e-005  6.68e-005  2.56e-005  4.39e-006  4.39e-006  1.21e-006  1.75e-007  
3.70376e+016 3.03e-014  4.99e-001  4.96e-001  4.99e-003  5.45e-005  1.08e-004  4.56e-005  3.54e-006  3.54e-006  1.30e-006  5.52e-007  
3.71087e+016 2.80e-014  5.01e-001  4.94e-001  5.01e-003  1.73e-004  1.74e-004  8.23e-005  2.71e-006  2.71e-006  1.36e-006  1.74e-006  
3.71826e+016 2.61e-014  4.99e-001  4.95e-001  4.99e-003  5.33e-004  2.79e-004  1.46e-004  2.09e-006  2.09e-006  1.36e-006  5.41e-006  
3.72589e+016 2.45e-014  4.98e-001  4.94e-001  4.98e-003  1.54e-003  4.41e-004  2.56e-004  1.65e-006  1.65e-006  1.29e-006  1.56e-005  
3.73370e+016 2.31e-014  4.97e-001  4.93e-001  4.97e-003  3.85e-003  6.83e-004  4.37e-004  1.34e-006  1.34e-006  1.12e-006  3.89e-005  
3.74165e+016 2.20e-014  4.95e-001  4.90e-001  4.95e-003  7.86e-003  1.00e-003  7.17e-004  1.19e-006  1.19e-006  8.76e-007  7.90e-005  
3.74829e+016 2.07e-014  4.93e-001  4.88e-001  4.93e-003  1.23e-002  1.39e-003  1.06e-003  1.26e-006  1.26e-006  7.15e-007  1.24e-004  
3.75505e+016 1.91e-014  4.90e-001  4.85e-001  4.90e-003  1.69e-002  1.89e-003  1.59e-003  1.83e-006  1.83e-006  7.00e-007  1.70e-004  
3.76194e+016 1.70e-014  4.87e-001  4.83e-001  4.87e-003  2.00e-002  2.68e-003  2.39e-003  5.13e-006  5.13e-006  1.12e-006  2.02e-004  
3.76839e+016 1.39e-014  4.87e-001  4.82e-001  4.87e-003  1.81e-002  3.99e-003  3.85e-003  4.21e-005  4.21e-005  3.57e-006  1.82e-004  
3.76854e+016 1.38e-014  4.87e-001  4.82e-001  4.87e-003  1.79e-002  4.03e-003  3.90e-003  4.51e-005  4.51e-005  3.71e-006  1.80e-004  
3.76877e+016 1.36e-014  4.87e-001  4.82e-001  4.87e-003  1.76e-002  4.10e-003  3.97e-003  5.06e-005  5.06e-005  3.96e-006  1.78e-004  
3.76917e+016 1.33e-014  4.87e-001  4.82e-001  4.87e-003  1.71e-002  4.23e-003  4.10e-003  6.17e-005  6.17e-005  4.43e-006  1.73e-004  
3.76980e+016 1.29e-014  4.88e-001  4.82e-001  4.88e-003  1.63e-002  4.46e-003  4.35e-003  8.71e-005  8.71e-005  5.40e-006  1.64e-004  
3.77083e+016 1.20e-014  4.88e-001  4.83e-001  4.88e-003  1.46e-002  4.87e-003  4.79e-003  1.61e-004  1.61e-004  7.84e-006  1.47e-004  
3.77248e+016 1.03e-014  4.88e-001  4.83e-001  4.88e-003  1.09e-002  5.80e-003  5.76e-003  5.40e-004  5.40e-004  1.74e-005  1.10e-004  
3.77450e+016 6.80e-015  4.85e-001  4.79e-001  4.85e-003  4.88e-003  8.53e-003  8.68e-003  4.00e-003  4.00e-003  9.87e-005  4.94e-005  
3.77655e+016 2.54e-016  4.22e-001  4.18e-001  4.22e-003  1.07e-003  4.30e-002  4.49e-002  2.71e-002  2.71e-002  1.19e-002  1.08e-005  
3.77936e+016 1.63e-018  3.94e-001  3.90e-001  3.94e-003  7.84e-005  5.61e-002  5.98e-002  4.73e-002  4.73e-002  6.74e-004  7.90e-007  
3.78016e+016 8.43e-019  3.81e-001  3.77e-001  3.81e-003  6.05e-005  6.04e-002  6.46e-002  5.60e-002  5.60e-002  4.24e-004  6.11e-007  
3.78111e+016 4.19e-019  3.65e-001  3.60e-001  3.65e-003  5.25e-005  6.51e-002  7.04e-002  6.70e-002  6.70e-002  2.91e-004  5.30e-007  
3.78273e+016 1.55e-019  3.35e-001  3.32e-001  3.35e-003  5.35e-005  7.30e-002  7.94e-002  8.78e-002  8.78e-002  2.05e-004  5.41e-007  
3.78530e+016 7.99e-020  2.83e-001  2.80e-001  2.83e-003  7.12e-005  8.40e-002  9.30e-002  1.28e-001  1.28e-001  1.58e-004  7.20e-007  
3.78818e+016 7.98e-020  2.26e-001  2.23e-001  2.26e-003  1.03e-004  9.21e-002  1.04e-001  1.75e-001  1.75e-001  1.33e-004  1.04e-006  
3.79076e+016 8.69e-020  1.80e-001  1.77e-001  1.80e-003  1.38e-004  9.68e-002  1.12e-001  2.15e-001  2.15e-001  1.20e-004  1.39e-006  
3.79253e+016 9.34e-020  1.59e-001  1.56e-001  1.59e-003  1.62e-004  9.78e-002  1.15e-001  2.35e-001  2.35e-001  1.15e-004  1.63e-006  
3.79502e+016 1.04e-019  1.32e-001  1.31e-001  1.32e-003  2.02e-004  9.93e-002  1.18e-001  2.58e-001  2.58e-001  1.13e-004  2.04e-006  
3.79755e+016 1.17e-019  1.12e-001  1.10e-001  1.12e-003  2.54e-004  1.00e-001  1.21e-001  2.77e-001  2.77e-001  1.15e-004  2.57e-006  
3.79897e+016 1.25e-019  1.02e-001  1.01e-001  1.02e-003  2.90e-004  1.01e-001  1.22e-001  2.85e-001  2.85e-001  1.20e-004  2.93e-006  
3.79918e+016 1.27e-019  1.01e-001  1.00e-001  1.01e-003  2.96e-004  1.00e-001  1.22e-001  2.87e-001  2.87e-001  1.21e-004  2.99e-006  
3.79956e+016 1.29e-019  9.85e-002  9.77e-002  9.85e-004  3.07e-004  1.01e-001  1.23e-001  2.88e-001  2.88e-001  1.23e-004  3.10e-006  
3.80017e+016 1.33e-019  9.54e-002  9.39e-002  9.54e-004  3.25e-004  1.01e-001  1.24e-001  2.91e-001  2.91e-001  1.25e-004  3.29e-006  
3.80129e+016 1.41e-019  8.88e-002  8.81e-002  8.88e-004  3.65e-004  1.02e-001  1.26e-001  2.96e-001  2.96e-001  1.33e-004  3.68e-006  
3.80319e+016 1.55e-019  7.98e-002  7.92e-002  7.98e-004  4.45e-004  1.03e-001  1.29e-001  3.03e-001  3.03e-001  1.51e-004  4.50e-006  
3.80578e+016 1.78e-019  7.09e-002  6.98e-002  7.09e-004  5.96e-004  1.06e-001  1.34e-001  3.08e-001  3.08e-001  1.90e-004  6.02e-006  
3.80629e+016 1.83e-019  6.95e-002  6.84e-002  6.95e-004  6.29e-004  1.07e-001  1.35e-001  3.09e-001  3.09e-001  2.01e-004  6.35e-006  
3.80713e+016 1.91e-019  6.70e-002  6.65e-002  6.70e-004  6.97e-004  1.08e-001  1.38e-001  3.09e-001  3.09e-001  2.22e-004  7.07e-006  
3.80859e+016 2.06e-019  6.41e-002  6.31e-002  6.41e-004  8.35e-004  1.11e-001  1.42e-001  3.08e-001  3.08e-001  2.68e-004  8.45e-006  
3.81083e+016 2.30e-019  6.03e-002  5.94e-002  6.03e-004  1.13e-003  1.18e-001  1.52e-001  3.03e-001  3.03e-001  3.79e-004  1.14e-005  
3.81265e+016 2.52e-019  5.84e-002  5.76e-002  5.84e-004  1.49e-003  1.24e-001  1.63e-001  2.96e-001  2.96e-001  5.32e-004  1.51e-005  
3.81480e+016 2.78e-019  5.72e-002  5.65e-002  5.72e-004  2.17e-003  1.35e-001  1.78e-001  2.84e-001  2.84e-001  8.60e-004  2.19e-005  
3.81769e+016 3.14e-019  5.80e-002  5.74e-002  5.80e-004  3.98e-003  1.55e-001  2.06e-001  2.57e-001  2.57e-001  1.97e-003  4.01e-005  
3.81836e+016 3.22e-019  5.87e-002  5.81e-002  5.87e-004  4.69e-003  1.60e-001  2.14e-001  2.50e-001  2.50e-001  2.48e-003  4.72e-005  
3.81952e+016 3.36e-019  5.98e-002  5.92e-002  5.98e-004  6.33e-003  1.71e-001  2.29e-001  2.34e-001  2.34e-001  3.81e-003  6.39e-005  
3.82149e+016 3.59e-019  6.18e-002  6.13e-002  6.18e-004  1.09e-002  1.91e-001  2.59e-001  2.02e-001  2.02e-001  8.52e-003  1.10e-004  
3.82433e+016 3.88e-019  6.46e-002  6.41e-002  6.46e-004  2.37e-002  2.22e-001  3.04e-001  1.43e-001  1.43e-001  3.12e-002  2.40e-004  
3.82740e+016 4.15e-019  6.16e-002  6.09e-002  6.16e-004  3.71e-002  2.37e-001  3.30e-001  7.20e-002  7.20e-002  1.25e-001  3.73e-004  
3.83054e+016 4.34e-019  4.49e-002  4.44e-002  4.49e-004  2.04e-002  1.94e-001  2.69e-001  1.80e-002  1.80e-002  3.85e-001  2.06e-004  
3.83376e+016 4.47e-019  2.66e-002  2.64e-002  2.66e-004  3.67e-003  1.29e-001  1.82e-001  2.42e-003  2.42e-003  6.20e-001  3.69e-005  
3.83751e+016 4.61e-019  1.88e-002  1.86e-002  1.88e-004  4.45e-004  1.02e-001  1.46e-001  2.54e-004  2.54e-004  7.05e-001  4.49e-006  
3.84132e+016 4.97e-019  1.62e-002  1.60e-002  1.62e-004  8.03e-005  9.88e-002  1.42e-001  3.02e-005  3.02e-005  7.18e-001  8.11e-007  
3.84531e+016 5.95e-019  1.44e-002  1.43e-002  1.44e-004  3.77e-005  9.85e-002  1.43e-001  1.10e-005  1.10e-005  7.21e-001  3.82e-007  
3.84962e+016 8.46e-019  1.21e-002  1.19e-002  1.21e-004  2.27e-005  9.17e-002  1.35e-001  8.85e-006  8.85e-006  7.41e-001  2.29e-007  
3.85449e+016 1.46e-018  9.74e-003  9.67e-003  9.74e-005  1.46e-005  8.23e-002  1.21e-001  7.27e-006  7.27e-006  7.68e-001  1.48e-007  
3.85990e+016 2.61e-018  8.04e-003  7.93e-003  8.04e-005  1.17e-005  7.47e-002  1.11e-001  6.67e-006  6.67e-006  7.89e-001  1.18e-007  
3.86597e+016 3.89e-018  6.60e-003  6.52e-003  6.60e-005  1.24e-005  6.73e-002  1.02e-001  7.17e-006  7.17e-006  8.09e-001  1.25e-007  
3.87288e+016 4.14e-018  5.27e-003  5.22e-003  5.27e-005  1.59e-005  5.82e-002  8.89e-002  9.11e-006  9.11e-006  8.33e-001  1.61e-007  
3.88139e+016 2.47e-018  4.37e-003  4.33e-003  4.37e-005  2.21e-005  5.06e-002  7.77e-002  1.25e-005  1.25e-005  8.54e-001  2.23e-007  
3.89093e+016 5.90e-019  4.11e-003  4.07e-003  4.11e-005  3.36e-005  4.66e-002  7.24e-002  1.88e-005  1.88e-005  8.63e-001  3.39e-007  
3.90068e+016 5.32e-020  4.47e-003  4.42e-003  4.47e-005  5.36e-005  4.64e-002  7.27e-002  3.03e-005  3.03e-005  8.63e-001  5.41e-007  
3.91088e+016 9.28e-021  5.49e-003  5.43e-003  5.49e-005  8.66e-005  4.86e-002  7.65e-002  4.90e-005  4.90e-005  8.55e-001  8.75e-007  
3.92181e+016 1.03e-020  7.41e-003  7.34e-003  7.41e-005  1.37e-004  5.24e-002  8.25e-002  7.87e-005  7.87e-005  8.41e-001  1.39e-006  
3.93325e+016 1.18e-020  1.05e-002  1.04e-002  1.05e-004  2.05e-004  5.67e-002  8.98e-002  1.19e-004  1.19e-004  8.23e-001  2.07e-006  
3.94519e+016 1.28e-020  1.51e-002  1.50e-002  1.51e-004  2.76e-004  6.07e-002  9.52e-002  1.63e-004  1.63e-004  8.04e-001  2.79e-006  
3.95803e+016 1.33e-020  2.16e-002  2.14e-002  2.16e-004  3.35e-004  6.36e-002  1.00e-001  2.03e-004  2.03e-004  7.83e-001  3.39e-006  
3.97190e+016 1.34e-020  2.98e-002  2.95e-002  2.98e-004  3.52e-004  6.38e-002  1.00e-001  2.17e-004  2.17e-004  7.67e-001  3.56e-006  
3.98699e+016 1.31e-020  3.97e-002  3.93e-002  3.97e-004  3.23e-004  6.20e-002  9.74e-002  2.03e-004  2.03e-004  7.52e-001  3.26e-006  
4.00514e+016 1.25e-020  5.15e-002  5.11e-002  5.15e-004  2.47e-004  5.73e-002  8.86e-002  1.60e-004  1.60e-004  7.42e-001  2.51e-006  
4.02549e+016 1.17e-020  6.43e-002  6.37e-002  6.43e-004  1.61e-004  5.06e-002  7.75e-002  1.06e-004  1.06e-004  7.35e-001  1.63e-006  
4.04761e+016 1.07e-020  7.79e-002  7.71e-002  7.79e-004  9.22e-005  4.32e-002  6.49e-002  6.20e-005  6.20e-005  7.28e-001  9.31e-007  
4.07070e+016 9.59e-021  9.26e-002  9.17e-002  9.26e-004  4.93e-005  3.63e-002  5.33e-002  3.40e-005  3.40e-005  7.17e-001  4.97e-007  
4.09451e+016 8.57e-021  1.11e-001  1.10e-001  1.11e-003  2.51e-005  3.02e-002  4.35e-002  1.80e-005  1.80e-005  6.97e-001  2.53e-007  
4.11988e+016 7.58e-021  1.36e-001  1.35e-001  1.36e-003  1.22e-005  2.51e-002  3.52e-002  9.27e-006  9.27e-006  6.61e-001  1.23e-007  
4.14624e+016 6.79e-021  1.71e-001  1.69e-001  1.71e-003  5.73e-006  2.08e-002  2.81e-002  4.82e-006  4.82e-006  6.03e-001  5.79e-008  
4.17462e+016 6.27e-021  2.22e-001  2.20e-001  2.22e-003  2.47e-006  1.67e-002  2.19e-002  2.46e-006  2.46e-006  5.12e-001  2.49e-008  
4.20512e+016 6.43e-021  2.94e-001  2.91e-001  2.94e-003  8.72e-007  1.29e-002  1.60e-002  1.18e-006  1.18e-006  3.79e-001  8.82e-009  
4.23867e+016 8.39e-021  3.81e-001  3.76e-001  3.81e-003  1.99e-007  8.88e-003  1.04e-002  4.73e-007  4.73e-007  2.17e-001  2.01e-009  
4.27356e+016 1.61e-020  4.51e-001  4.47e-001  4.51e-003  2.47e-008  5.17e-003  5.71e-003  1.49e-007  1.49e-007  8.61e-002  2.50e-010  
4.30994e+016 4.63e-020  4.85e-001  4.81e-001  4.85e-003  1.89e-009  2.52e-003  2.59e-003  4.23e-008  4.23e-008  2.31e-002  1.91e-011  
4.34671e+016 1.72e-019  4.97e-001  4.92e-001  4.97e-003  5.88e-011  9.25e-004  8.85e-004  8.38e-009  8.38e-009  3.66e-003  5.94e-013  
4.38104e+016 6.63e-019  4.99e-001  4.95e-001  4.99e-003  1.13e-012  3.11e-004  2.78e-004  1.17e-009  1.17e-009  4.98e-004  1.14e-014  
4.41007e+016 2.22e-018  5.00e-001  4.95e-001  5.00e-003  3.49e-014  1.18e-004  9.81e-005  1.78e-010  1.78e-010  8.69e-005  3.52e-016  
4.42181e+016 3.68e-018  5.00e-001  4.95e-001  5.00e-003  1.19e-014  7.86e-005  6.39e-005  8.15e-011  8.15e-011  4.24e-005  1.20e-016  
4.42811e+016 4.80e-018  5.00e-001  4.95e-001  5.00e-003  8.45e-015  6.33e-005  5.10e-005  5.62e-011  5.62e-011  2.89e-005  8.53e-017  
4.43809e+016 7.45e-018  4.99e-001  4.95e-001  4.99e-003  6.44e-015  4.43e-005  3.52e-005  2.83e-011  2.83e-011  1.54e-005  6.50e-017  
4.45030e+016 1.27e-017  5.00e-001  4.95e-001  5.00e-003  6.23e-015  2.91e-005  2.24e-005  1.20e-011  1.20e-011  7.37e-006  6.29e-017  
4.45401e+016 1.49e-017  5.00e-001  4.95e-001  5.00e-003  6.32e-015  2.54e-005  1.94e-005  8.90e-012  8.90e-012  5.83e-006  6.38e-017  
4.45998e+016 1.93e-017  5.00e-001  4.95e-001  5.00e-003  6.52e-015  2.07e-005  1.56e-005  5.69e-012  5.69e-012  4.08e-006  6.63e-017  
4.46779e+016 2.70e-017  4.99e-001  4.96e-001  4.99e-003  6.88e-015  1.59e-005  1.17e-005  3.43e-012  3.43e-012  2.58e-006  6.95e-017  
4.48006e+016 4.46e-017  5.00e-001  4.95e-001  5.00e-003  7.60e-015  1.07e-005  7.75e-006  1.56e-012  1.56e-012  1.32e-006  7.69e-017  
4.48529e+016 5.56e-017  5.00e-001  4.95e-001  5.00e-003  7.92e-015  9.07e-006  6.41e-006  1.06e-012  1.06e-012  9.88e-007  8.01e-017  
4.48834e+016 6.27e-017  5.01e-001  4.94e-001  5.01e-003  8.12e-015  8.26e-006  5.80e-006  8.16e-013  8.16e-013  8.43e-007  8.20e-017  
4.49346e+016 7.59e-017  4.99e-001  4.96e-001  4.99e-003  8.42e-015  7.13e-006  5.01e-006  6.27e-013  6.27e-013  6.64e-007  8.50e-017  
4.49870e+016 9.19e-017  5.00e-001  4.95e-001  5.00e-003  8.80e-015  6.17e-006  4.32e-006  4.83e-013  4.83e-013  5.28e-007  8.88e-017  
4.50684e+016 1.22e-016  5.00e-001  4.95e-001  5.00e-003  9.43e-015  5.02e-006  3.47e-006  3.23e-013  3.23e-013  3.81e-007  9.51e-017  
4.51867e+016 1.80e-016  5.00e-001  4.95e-001  5.00e-003  1.03e-014  3.83e-006  2.56e-006  1.85e-013  1.85e-013  2.50e-007  1.05e-016  
4.51946e+016 1.87e-016  5.00e-001  4.95e-001  5.00e-003  1.04e-014  3.70e-006  2.47e-006  1.69e-013  1.69e-013  2.35e-007  1.04e-016  
4.52061e+016 1.95e-016  5.00e-001  4.95e-001  5.00e-003  1.05e-014  3.60e-006  2.40e-006  1.47e-013  1.47e-013  2.26e-007  1.06e-016  
4.52265e+016 2.06e-016  5.00e-001  4.95e-001  5.00e-003  1.07e-014  3.48e-006  2.30e-006  1.31e-013  1.31e-013  2.13e-007  1.08e-016  
4.52632e+016 2.30e-016  5.00e-001  4.95e-001  5.00e-003  1.09e-014  3.23e-006  2.12e-006  1.15e-013  1.15e-013  1.91e-007  1.11e-016  
4.53239e+016 2.75e-016  5.01e-001  4.94e-001  5.01e-003  1.15e-014  2.88e-006  1.86e-006  9.48e-014  9.48e-014  1.62e-007  1.16e-016  
4.54167e+016 3.58e-016  5.00e-001  4.95e-001  5.00e-003  1.24e-014  2.43e-006  1.55e-006  6.93e-014  6.93e-014  1.29e-007  1.25e-016  
4.55446e+016 5.08e-016  5.00e-001  4.95e-001  5.00e-003  1.36e-014  1.94e-006  1.22e-006  4.37e-014  4.37e-014  9.52e-008  1.37e-016  
4.55658e+016 5.39e-016  4.99e-001  4.96e-001  4.99e-003  1.37e-014  1.87e-006  1.17e-006  4.03e-014  4.03e-014  9.02e-008  1.39e-016  
4.55697e+016 5.50e-016  5.00e-001  4.95e-001  5.00e-003  1.37e-014  1.86e-006  1.13e-006  3.86e-014  3.86e-014  8.77e-008  1.38e-016  
4.55761e+016 5.60e-016  5.00e-001  4.95e-001  5.00e-003  1.38e-014  1.84e-006  1.11e-006  3.59e-014  3.59e-014  8.63e-008  1.40e-016  
4.55871e+016 5.76e-016  5.00e-001  4.95e-001  5.00e-003  1.40e-014  1.81e-006  1.09e-006  3.21e-014  3.21e-014  8.46e-008  1.41e-016  
4.56066e+016 6.06e-016  5.00e-001  4.95e-001  5.00e-003  1.41e-014  1.75e-006  1.06e-006  2.94e-014  2.94e-014  8.13e-008  1.43e-016  
4.56410e+016 6.61e-016  5.01e-001  4.94e-001  5.01e-003  1.45e-014  1.65e-006  1.01e-006  2.69e-014  2.69e-014  7.65e-008  1.47e-016  
4.56849e+016 7.42e-016  5.00e-001  4.95e-001  5.00e-003  1.51e-014  1.54e-006  9.38e-007  2.45e-014  2.45e-014  7.09e-008  1.54e-016  
4.57241e+016 8.20e-016  5.00e-001  4.95e-001  5.00e-003  1.56e-014  1.45e-006  8.79e-007  2.22e-014  2.22e-014  6.60e-008  1.57e-016  
4.57850e+016 9.58e-016  5.00e-001  4.95e-001  5.00e-003  1.61e-014  1.33e-006  7.92e-007  1.87e-014  1.87e-014  5.88e-008  1.63e-016  
4.58802e+016 1.23e-015  5.00e-001  4.95e-001  5.00e-003  1.72e-014  1.15e-006  6.70e-007  1.40e-014  1.40e-014  4.96e-008  1.74e-016  
4.59720e+016 1.55e-015  5.00e-001  4.95e-001  5.00e-003  1.84e-014  1.01e-006  5.75e-007  1.06e-014  1.06e-014  4.26e-008  1.86e-016  
4.59734e+016 1.56e-015  5.00e-001  4.95e-001  5.00e-003  1.82e-014  9.99e-007  5.68e-007  1.05e-014  1.05e-014  4.21e-008  1.84e-016  
4.59759e+016 1.58e-015  5.00e-001  4.95e-001  5.00e-003  1.80e-014  9.86e-007  5.61e-007  1.02e-014  1.02e-014  4.11e-008  1.82e-016  
4.59802e+016 1.61e-015  5.00e-001  4.95e-001  5.00e-003  1.82e-014  9.75e-007  5.53e-007  9.81e-015  9.81e-015  4.06e-008  1.84e-016  
4.59873e+016 1.64e-015  5.00e-001  4.95e-001  5.00e-003  1.84e-014  9.69e-007  5.47e-007  9.14e-015  9.14e-015  4.01e-008  1.86e-016  
4.59993e+016 1.69e-015  5.00e-001  4.95e-001  5.00e-003  1.86e-014  9.52e-007  5.36e-007  8.22e-015  8.22e-015  3.93e-008  1.87e-016  
4.60196e+016 1.78e-015  5.00e-001  4.95e-001  5.00e-003  1.87e-014  9.27e-007  5.19e-007  7.47e-015  7.47e-015  3.81e-008  1.89e-016  
4.60580e+016 1.96e-015  5.00e-001  4.95e-001  5.00e-003  1.92e-014  8.77e-007  4.86e-007  6.83e-015  6.83e-015  3.59e-008  1.94e-016  
4.61139e+016 2.26e-015  5.00e-001  4.95e-001  5.00e-003  1.97e-014  8.09e-007  4.47e-007  6.10e-015  6.10e-015  3.29e-008  1.99e-016  
4.61801e+016 2.66e-015  4.99e-001  4.96e-001  4.99e-003  2.05e-014  7.36e-007  4.06e-007  5.26e-015  5.26e-015  2.99e-008  2.08e-016  
4.62829e+016 3.48e-015  5.00e-001  4.95e-001  5.00e-003  2.16e-014  6.30e-007  3.45e-007  4.00e-015  4.00e-015  2.53e-008  2.19e-016  
4.63958e+016 4.66e-015  5.00e-001  4.95e-001  5.00e-003  2.25e-014  5.36e-007  2.83e-007  2.87e-015  2.87e-015  2.10e-008  2.27e-016  
4.64165e+016 4.93e-015  5.01e-001  4.94e-001  5.01e-003  2.25e-014  5.19e-007  2.72e-007  2.70e-015  2.70e-015  2.03e-008  2.27e-016  
4.64187e+016 4.98e-015  5.00e-001  4.95e-001  5.00e-003  2.23e-014  5.12e-007  2.69e-007  2.63e-015  2.63e-015  1.98e-008  2.25e-016  
4.64224e+016 5.08e-015  5.00e-001  4.95e-001  5.00e-003  2.23e-014  5.06e-007  2.62e-007  2.56e-015  2.56e-015  1.94e-008  2.25e-016  
4.64286e+016 5.18e-015  5.00e-001  4.95e-001  5.00e-003  2.24e-014  5.02e-007  2.59e-007  2.47e-015  2.47e-015  1.92e-008  2.26e-016  
4.64396e+016 5.34e-015  5.00e-001  4.95e-001  5.00e-003  2.27e-014  4.93e-007  2.53e-007  2.30e-015  2.30e-015  1.89e-008  2.29e-016  
4.64596e+016 5.62e-015  5.00e-001  4.95e-001  5.00e-003  2.30e-014  4.79e-007  2.46e-007  2.08e-015  2.08e-015  1.83e-008  2.31e-016  
4.64933e+016 6.14e-015  5.00e-001  4.95e-001  5.00e-003  2.33e-014  4.54e-007  2.33e-007  1.87e-015  1.87e-015  1.74e-008  2.35e-016  
4.65501e+016 7.07e-015  5.00e-001  4.95e-001  5.00e-003  2.34e-014  4.22e-007  2.14e-007  1.67e-015  1.67e-015  1.61e-008  2.36e-016  
4.66259e+016 8.60e-015  5.00e-001  4.95e-001  5.00e-003  2.38e-014  3.78e-007  1.86e-007  1.43e-015  1.43e-015  1.43e-008  2.41e-016  
4.67450e+016 1.17e-014  5.00e-001  4.95e-001  5.00e-003  2.41e-014  3.14e-007  1.54e-007  1.10e-015  1.10e-015  1.19e-008  2.44e-016  
4.68726e+016 1.64e-014  5.00e-001  4.95e-001  5.00e-003  2.42e-014  2.55e-007  1.23e-007  8.29e-016  8.29e-016  9.57e-009  2.44e-016  
4.69009e+016 1.77e-014  5.00e-001  4.95e-001  5.00e-003  2.42e-014  2.44e-007  1.17e-007  7.81e-016  7.81e-016  9.16e-009  2.44e-016  
4.69024e+016 1.78e-014  5.00e-001  4.95e-001  5.00e-003  2.41e-014  2.42e-007  1.16e-007  7.71e-016  7.71e-016  9.06e-009  2.43e-016  
4.69048e+016 1.79e-014  5.00e-001  4.95e-001  5.00e-003  2.38e-014  2.42e-007  1.14e-007  7.59e-016  7.59e-016  8.93e-009  2.40e-016  
4.69090e+016 1.82e-014  5.00e-001  4.95e-001  5.00e-003  2.34e-014  2.40e-007  1.11e-007  7.43e-016  7.43e-016  8.75e-009  2.37e-016  
4.69160e+016 1.87e-014  5.00e-001  4.95e-001  5.00e-003  2.33e-014  2.37e-007  1.07e-007  7.28e-016  7.28e-016  8.51e-009  2.36e-016  
4.69279e+016 1.94e-014  5.00e-001  4.95e-001  5.00e-003  2.35e-014  2.32e-007  1.04e-007  7.18e-016  7.18e-016  8.32e-009  2.37e-016  
4.69476e+016 2.04e-014  5.00e-001  4.95e-001  5.00e-003  2.35e-014  2.24e-007  1.01e-007  6.96e-016  6.96e-016  8.09e-009  2.37e-016  
4.69806e+016 2.21e-014  5.02e-001  4.93e-001  5.02e-003  2.35e-014  2.13e-007  9.63e-008  6.60e-016  6.60e-016  7.73e-009  2.38e-016  
4.70337e+016 2.53e-014  5.01e-001  4.94e-001  5.01e-003  2.35e-014  1.95e-007  8.88e-008  6.04e-016  6.04e-016  7.15e-009  2.38e-016  
4.70622e+016 2.72e-014  4.99e-001  4.96e-001  4.99e-003  2.35e-014  1.87e-007  8.48e-008  5.76e-016  5.76e-016  6.83e-009  2.37e-016  
4.71061e+016 3.04e-014  5.01e-001  4.94e-001  5.01e-003  2.32e-014  1.75e-007  7.84e-008  5.37e-016  5.37e-016  6.39e-009  2.35e-016  
4.71746e+016 3.61e-014  4.99e-001  4.96e-001  4.99e-003  2.41e-014  1.58e-007  6.90e-008  5.10e-016  5.10e-016  5.99e-009  2.43e-016  
4.72860e+016 4.81e-014  5.01e-001  4.94e-001  5.01e-003  2.55e-014  1.31e-007  5.57e-008  4.76e-016  4.76e-016  5.32e-009  2.58e-016  
4.74240e+016 6.88e-014  5.00e-001  4.95e-001  5.00e-003  2.72e-014  1.04e-007  4.27e-008  4.50e-016  4.50e-016  4.56e-009  2.73e-016  
4.74305e+016 7.01e-014  5.00e-001  4.95e-001  5.00e-003  2.71e-014  1.02e-007  4.23e-008  4.48e-016  4.48e-016  4.53e-009  2.74e-016  
4.74313e+016 7.03e-014  5.00e-001  4.95e-001  5.00e-003  2.72e-014  1.02e-007  4.21e-008  4.47e-016  4.47e-016  4.51e-009  2.73e-016  
4.74348e+016 7.09e-014  5.00e-001  4.95e-001  5.00e-003  2.71e-014  1.02e-007  4.16e-008  4.46e-016  4.46e-016  4.49e-009  2.74e-016  
4.74406e+016 7.21e-014  5.00e-001  4.95e-001  5.00e-003  2.69e-014  1.00e-007  4.07e-008  4.41e-016  4.41e-016  4.43e-009  2.72e-016  
4.74503e+016 7.46e-014  5.00e-001  4.95e-001  5.00e-003  2.67e-014  9.80e-008  3.86e-008  4.36e-016  4.36e-016  4.30e-009  2.70e-016  
4.74676e+016 7.88e-014  5.00e-001  4.95e-001  5.00e-003  2.67e-014  9.44e-008  3.67e-008  4.37e-016  4.37e-016  4.14e-009  2.70e-016  
4.74972e+016 8.54e-014  5.00e-001  4.95e-001  5.00e-003  2.68e-014  8.93e-008  3.42e-008  4.51e-016  4.51e-016  3.96e-009  2.72e-016  
4.75283e+016 9.26e-014  5.00e-001  4.95e-001  5.00e-003  2.72e-014  8.48e-008  3.20e-008  4.63e-016  4.63e-016  3.84e-009  2.74e-016  
4.75365e+016 9.45e-014  5.00e-001  4.95e-001  5.00e-003  2.73e-014  8.36e-008  3.14e-008  4.66e-016  4.66e-016  3.80e-009  2.76e-016  
4.75556e+016 9.90e-014  5.00e-001  4.95e-001  5.00e-003  2.76e-014  8.11e-008  3.05e-008  4.71e-016  4.71e-016  3.74e-009  2.79e-016  
4.75856e+016 1.07e-013  5.00e-001  4.95e-001  5.00e-003  2.79e-014  7.71e-008  2.91e-008  4.73e-016  4.73e-016  3.63e-009  2.81e-016  
4.76342e+016 1.21e-013  5.00e-001  4.95e-001  5.00e-003  2.84e-014  7.06e-008  2.66e-008  4.68e-016  4.68e-016  3.46e-009  2.87e-016  
4.77120e+016 1.48e-013  5.00e-001  4.95e-001  5.00e-003  2.95e-014  6.09e-008  2.28e-008  4.55e-016  4.55e-016  3.19e-009  2.98e-016  
4.78339e+016 2.02e-013  5.01e-001  4.94e-001  5.01e-003  2.99e-014  4.94e-008  1.76e-008  4.26e-016  4.26e-016  2.74e-009  3.02e-016  
4.79819e+016 2.97e-013  5.01e-001  4.94e-001  5.01e-003  3.08e-014  3.76e-008  1.24e-008  4.03e-016  4.03e-016  2.28e-009  3.11e-016  
4.80101e+016 3.21e-013  4.99e-001  4.96e-001  4.99e-003  3.09e-014  3.56e-008  1.16e-008  3.99e-016  3.99e-016  2.20e-009  3.12e-016  
4.80156e+016 3.26e-013  5.01e-001  4.94e-001  5.01e-003  3.10e-014  3.53e-008  1.14e-008  3.96e-016  3.96e-016  2.18e-009  3.13e-016  
4.80288e+016 3.37e-013  4.99e-001  4.96e-001  4.99e-003  3.09e-014  3.45e-008  1.11e-008  3.95e-016  3.95e-016  2.14e-009  3.12e-016  
4.80511e+016 3.58e-013  5.00e-001  4.95e-001  5.00e-003  3.10e-014  3.30e-008  1.05e-008  3.91e-016  3.91e-016  2.07e-009  3.13e-016  
4.80875e+016 3.94e-013  5.00e-001  4.95e-001  5.00e-003  3.12e-014  3.07e-008  9.52e-009  3.88e-016  3.88e-016  1.98e-009  3.15e-016  
4.81463e+016 4.64e-013  5.00e-001  4.95e-001  5.00e-003  3.12e-014  2.71e-008  8.12e-009  3.81e-016  3.81e-016  1.81e-009  3.17e-016  
4.82445e+016 6.00e-013  5.00e-001  4.95e-001  5.00e-003  3.13e-014  2.23e-008  6.43e-009  3.72e-016  3.72e-016  1.58e-009  3.17e-016  
4.83636e+016 8.28e-013  5.00e-001  4.95e-001  5.00e-003  3.19e-014  1.74e-008  4.77e-009  3.57e-016  3.57e-016  1.34e-009  3.22e-016  
4.84912e+016 1.18e-012  5.00e-001  4.95e-001  5.00e-003  3.23e-014  1.31e-008  3.38e-009  3.37e-016  3.37e-016  1.12e-009  3.27e-016  
4.86294e+016 1.72e-012  5.00e-001  4.95e-001  5.00e-003  3.25e-014  9.64e-009  2.29e-009  3.10e-016  3.10e-016  9.11e-010  3.28e-016  
4.87591e+016 2.47e-012  5.02e-001  4.93e-001  5.02e-003  3.29e-014  7.12e-009  1.55e-009  2.87e-016  2.87e-016  7.48e-010  3.32e-016  
4.88968e+016 3.64e-012  5.00e-001  4.95e-001  5.00e-003  3.27e-014  5.11e-009  9.90e-010  2.56e-016  2.56e-016  6.02e-010  3.30e-016  
4.90444e+016 5.54e-012  5.00e-001  4.95e-001  5.00e-003  3.29e-014  3.52e-009  5.89e-010  2.24e-016  2.24e-016  4.73e-010  3.30e-016  
4.91980e+016 8.59e-012  5.00e-001  4.95e-001  5.00e-003  3.25e-014  2.32e-009  3.29e-010  1.89e-016  1.89e-016  3.65e-010  3.28e-016  
4.93317e+016 1.26e-011  5.00e-001  4.95e-001  5.00e-003  3.22e-014  1.57e-009  1.90e-010  1.60e-016  1.60e-016  2.90e-010  3.26e-016  
4.94239e+016 1.65e-011  5.00e-001  4.95e-001  5.00e-003  3.22e-014  1.16e-009  1.24e-010  1.42e-016  1.42e-016  2.48e-010  3.26e-016  
4.95192e+016 2.16e-011  5.00e-001  4.95e-001  5.00e-003  3.15e-014  8.56e-010  7.82e-011  1.23e-016  1.23e-016  2.08e-010  3.18e-016  
4.96202e+016 2.86e-011  4.99e-001  4.96e-001  4.99e-003  3.07e-014  6.21e-010  4.78e-011  1.05e-016  1.05e-016  1.73e-010  3.10e-016  
4.97297e+016 3.86e-011  5.00e-001  4.95e-001  5.00e-003  2.98e-014  4.28e-010  2.67e-011  8.84e-017  8.84e-017  1.42e-010  3.03e-016  
4.98461e+016 5.26e-011  5.00e-001  4.95e-001  5.00e-003  2.83e-014  2.80e-010  1.33e-011  7.17e-017  7.17e-017  1.14e-010  2.87e-016  
4.99670e+016 7.17e-011  5.00e-001  4.95e-001  5.00e-003  2.69e-014  1.73e-010  5.99e-012  5.82e-017  5.82e-017  9.14e-011  2.72e-016  
5.00936e+016 9.80e-011  5.00e-001  4.95e-001  5.00e-003  2.48e-014  9.72e-011  2.39e-012  4.55e-017  4.55e-017  7.15e-011  2.51e-016  
5.02240e+016 1.33e-010  5.00e-001  4.95e-001  5.00e-003  2.26e-014  4.93e-011  8.80e-013  3.53e-017  3.53e-017  5.57e-011  2.28e-016  
5.03584e+016 1.79e-010  5.00e-001  4.95e-001  5.00e-003  2.00e-014  2.33e-011  3.05e-013  2.69e-017  2.69e-017  4.29e-011  2.02e-016  
5.05026e+016 2.38e-010  5.00e-001  4.95e-001  5.00e-003  1.72e-014  1.07e-011  7.56e-014  1.99e-017  1.99e-017  3.24e-011  1.74e-016  
5.05959e+016 2.84e-010  4.99e-001  4.96e-001  4.99e-003  1.56e-014  6.29e-012  2.84e-014  1.67e-017  1.67e-017  2.74e-011  1.58e-016  
5.06957e+016 3.38e-010  5.00e-001  4.95e-001  5.00e-003  1.38e-014  3.29e-012  8.97e-015  1.36e-017  1.36e-017  2.27e-011  1.39e-016  
5.07988e+016 4.00e-010  5.00e-001  4.95e-001  5.00e-003  1.21e-014  1.53e-012  3.02e-015  1.11e-017  1.11e-017  1.89e-011  1.23e-016  
5.09058e+016 4.73e-010  5.01e-001  4.94e-001  5.01e-003  1.07e-014  6.42e-013  8.85e-016  9.08e-018  9.08e-018  1.58e-011  1.08e-016  
5.10237e+016 5.62e-010  5.00e-001  4.95e-001  5.00e-003  9.11e-015  2.28e-013  2.03e-016  7.19e-018  7.19e-018  1.28e-011  9.20e-017  
5.11496e+016 6.69e-010  5.00e-001  4.95e-001  5.00e-003  7.69e-015  6.81e-014  3.73e-017  5.66e-018  5.66e-018  1.04e-011  7.77e-017  
5.12843e+016 8.02e-010  5.00e-001  4.95e-001  5.00e-003  6.48e-015  1.81e-014  4.86e-018  4.44e-018  4.44e-018  8.35e-012  6.55e-017  
5.14296e+016 9.71e-010  5.00e-001  4.95e-001  5.00e-003  5.33e-015  4.55e-015  5.35e-019  3.36e-018  3.36e-018  6.57e-012  5.38e-017  
5.15425e+016 1.12e-009  5.00e-001  4.95e-001  5.00e-003  4.64e-015  1.89e-015  1.70e-019  2.77e-018  2.77e-018  5.56e-012  4.69e-017  
5.16792e+016 1.32e-009  5.00e-001  4.95e-001  5.00e-003  3.91e-015  4.13e-016  1.86e-020  2.17e-018  2.17e-018  4.53e-012  3.95e-017  
5.18319e+016 1.57e-009  5.00e-001  4.95e-001  5.00e-003  3.19e-015  6.35e-017  1.29e-021  1.66e-018  1.66e-018  3.61e-012  3.23e-017  
5.19950e+016 1.87e-009  5.00e-001  4.95e-001  5.00e-003  2.59e-015  7.59e-018  5.99e-023  1.26e-018  1.26e-018  2.87e-012  2.61e-017  
5.21655e+016 2.21e-009  5.02e-001  4.93e-001  5.02e-003  2.04e-015  6.20e-019  2.14e-024  9.36e-019  9.36e-019  2.24e-012  2.07e-017  
5.23457e+016 2.60e-009  4.99e-001  4.96e-001  4.99e-003  1.61e-015  4.23e-020  9.53e-026  6.95e-019  6.95e-019  1.76e-012  1.63e-017  
5.25384e+016 3.07e-009  4.99e-001  4.96e-001  4.99e-003  1.23e-015  2.81e-021  9.10e-027  5.02e-019  5.02e-019  1.36e-012  1.24e-017  
5.27451e+016 3.58e-009  5.00e-001  4.95e-001  5.00e-003  9.31e-016  1.49e-022  1.82e-028  3.63e-019  3.63e-019  1.05e-012  9.42e-018  
5.29668e+016 4.18e-009  5.00e-001  4.95e-001  5.00e-003  6.84e-016  5.00e-024  1.45e-030  2.56e-019  2.56e-019  7.94e-013  6.91e-018  
5.31993e+016 4.84e-009  5.00e-001  4.95e-001  5.00e-003  5.00e-016  8.53e-026  3.43e-033  1.79e-019  1.79e-019  6.01e-013  5.04e-018  
5.34440e+016 5.57e-009  4.99e-001  4.96e-001  4.99e-003  3.57e-016  7.92e-027  6.23e-034  1.24e-019  1.24e-019  4.53e-013  3.61e-018  
5.36995e+016 6.35e-009  5.01e-001  4.94e-001  5.01e-003  2.55e-016  2.82e-029  2.79e-036  8.56e-020  8.56e-020  3.42e-013  2.58e-018  
5.39765e+016 7.22e-009  5.00e-001  4.95e-001  5.00e-003  1.77e-016  1.75e-031  1.12e-039  5.76e-020  5.76e-020  2.54e-013  1.79e-018  
5.42627e+016 8.12e-009  5.00e-001  4.95e-001  5.00e-003  1.24e-016  1.14e-032  2.29e-040  3.95e-020  3.95e-020  1.91e-013  1.26e-018  
5.45738e+016 9.11e-009  5.00e-001  4.95e-001  5.00e-003  8.35e-017  1.13e-035  1.45e-043  2.58e-020  2.58e-020  1.39e-013  8.43e-019  
5.49079e+016 1.01e-008  5.00e-001  4.95e-001  5.00e-003  5.71e-017  6.68e-037  5.43e-045  1.73e-020  1.73e-020  1.04e-013  5.76e-019  
5.52575e+016 1.12e-008  5.00e-001  4.95e-001  5.00e-003  3.84e-017  2.57e-040  1.92e-048  1.14e-020  1.14e-020  7.62e-014  3.89e-019  
5.56155e+016 1.22e-008  5.00e-001  4.95e-001  5.00e-003  2.62e-017  5.38e-042  3.69e-050  7.64e-021  7.64e-021  5.68e-014  2.66e-019  
5.59918e+016 1.32e-008  5.00e-001  4.95e-001  5.00e-003  1.82e-017  2.36e-045  4.52e-054  5.22e-021  5.22e-021  4.31e-014  1.85e-019  
5.63913e+016 1.41e-008  5.00e-001  4.95e-001  5.00e-003  1.27e-017  1.77e-047  3.99e-055  3.59e-021  3.59e-021  3.28e-014  1.29e-019  
5.68226e+016 1.49e-008  5.00e-001  4.95e-001  5.00e-003  8.90e-018  5.61e-051  1.34e-059  2.48e-021  2.48e-021  2.51e-014  8.97e-020  
5.72780e+016 1.57e-008  5.00e-001  4.95e-001  5.00e-003  6.27e-018  4.62e-053  2.44e-061  1.74e-021  1.74e-021  1.93e-014  6.33e-020  
5.77650e+016 1.63e-008  5.00e-001  4.95e-001  5.00e-003  4.55e-018  8.36e-058  9.59e-066  1.26e-021  1.26e-021  1.51e-014  4.59e-020  
5.82707e+016 1.67e-008  5.00e-001  4.95e-001  5.00e-003  3.40e-018  1.01e-059  3.36e-067  9.47e-022  9.47e-022  1.21e-014  3.43e-020  
5.88124e+016 1.69e-008  5.00e-001  4.95e-001  5.00e-003  2.56e-018  1.78e-064  1.01e-072  7.21e-022  7.21e-022  9.75e-015  2.58e-020  
5.93801e+016 1.69e-008  5.00e-001  4.95e-001  5.00e-003  2.01e-018  3.81e-066  3.57e-074  5.75e-022  5.75e-022  8.09e-015  2.04e-020  
5.99878e+016 1.68e-008  5.00e-001  4.95e-001  5.00e-003  1.60e-018  4.34e-072  3.15e-080  4.69e-022  4.69e-022  6.73e-015  1.62e-020  
6.06254e+016 1.64e-008  5.00e-001  4.95e-001  5.00e-003  1.33e-018  9.73e-074  1.68e-081  4.00e-022  4.00e-022  5.77e-015  1.34e-020  
6.12860e+016 1.59e-008  5.00e-001  4.95e-001  5.00e-003  1.14e-018  1.22e-075  4.99e-083  3.59e-022  3.59e-022  5.09e-015  1.15e-020  
6.19772e+016 1.53e-008  5.00e-001  4.95e-001  5.00e-003  9.99e-019  8.36e-082  0.00e+000  3.29e-022  3.29e-022  4.52e-015  1.01e-020  
6.27006e+016 1.46e-008  5.00e-001  4.95e-001  5.00e-003  9.00e-019  2.14e-083  0.00e+000  3.12e-022  3.12e-022  4.11e-015  9.13e-021  
6.34752e+016 1.37e-008  5.00e-001  4.95e-001  5.00e-003  8.38e-019  0.00e+000  0.00e+000  3.08e-022  3.08e-022  3.81e-015  8.46e-021  
6.43223e+016 1.28e-008  5.00e-001  4.95e-001  5.00e-003  7.99e-019  0.00e+000  0.00e+000  3.15e-022  3.15e-022  3.61e-015  8.07e-021  
6.52408e+016 1.17e-008  5.00e-001  4.95e-001  5.00e-003  7.85e-019  0.00e+000  0.00e+000  3.36e-022  3.36e-022  3.52e-015  7.92e-021  
6.62440e+016 1.06e-008  5.00e-001  4.95e-001  5.00e-003  7.86e-019  0.00e+000  0.00e+000  3.71e-022  3.71e-022  3.49e-015  7.94e-021  
6.73219e+016 9.54e-009  5.00e-001  4.95e-001  5.00e-003  8.05e-019  0.00e+000  0.00e+000  4.24e-022  4.24e-022  3.54e-015  8.14e-021  
6.84641e+016 8.44e-009  5.00e-001  4.95e-001  5.00e-003  8.49e-019  0.00e+000  0.00e+000  5.03e-022  5.03e-022  3.72e-015  8.58e-021  
6.96945e+016 7.39e-009  5.00e-001  4.95e-001  5.00e-003  9.19e-019  0.00e+000  0.00e+000  6.24e-022  6.24e-022  4.03e-015  9.29e-021  
7.10391e+016 6.35e-009  5.01e-001  4.94e-001  5.01e-003  1.03e-018  0.00e+000  0.00e+000  8.14e-022  8.14e-022  4.55e-015  1.04e-020  
7.25155e+016 5.36e-009  5.00e-001  4.95e-001  5.00e-003  1.18e-018  0.00e+000  0.00e+000  1.11e-021  1.11e-021  5.40e-015  1.19e-020  
7.42223e+016 4.38e-009  5.00e-001  4.95e-001  5.00e-003  1.42e-018  0.00e+000  0.00e+000  1.65e-021  1.65e-021  6.78e-015  1.43e-020  
7.63108e+016 3.42e-009  5.00e-001  4.95e-001  5.00e-003  1.80e-018  0.00e+000  0.00e+000  2.72e-021  2.72e-021  9.39e-015  1.82e-020  
7.86896e+016 2.56e-009  4.99e-001  4.96e-001  4.99e-003  2.42e-018  0.00e+000  0.00e+000  4.96e-021  4.96e-021  1.42e-014  2.45e-020  
8.18150e+016 1.74e-009  5.00e-001  4.95e-001  5.00e-003  3.67e-018  0.00e+000  0.00e+000  1.13e-020  1.13e-020  2.61e-014  3.71e-020  
8.55776e+016 1.09e-009  5.00e-001  4.95e-001  5.00e-003  6.18e-018  0.00e+000  0.00e+000  3.12e-020  3.12e-020  5.70e-014  6.24e-020  
9.00548e+016 6.28e-010  5.00e-001  4.95e-001  5.00e-003  1.17e-017  0.00e+000  0.00e+000  1.05e-019  1.05e-019  1.51e-013  1.18e-019  
9.53916e+016 3.27e-010  4.99e-001  4.96e-001  4.99e-003  2.54e-017  0.00e+000  0.00e+000  4.50e-019  4.50e-019  5.02e-013  2.57e-019  
1.01535e+017 1.58e-010  5.00e-001  4.95e-001  5.00e-003  6.18e-017  0.00e+000  0.00e+000  2.28e-018  2.28e-018  1.98e-012  6.24e-019  
1.09249e+017 6.90e-011  5.00e-001  4.95e-001  5.00e-003  1.78e-016  0.00e+000  0.00e+000  1.51e-017  1.51e-017  1.01e-011  1.80e-018  
1.19176e+017 2.97e-011  5.01e-001  4.94e-001  5.01e-003  5.34e-016  0.00e+000  0.00e+000  1.08e-016  1.08e-016  5.45e-011  5.41e-018  
1.32448e+017 1.58e-011  5.00e-001  4.95e-001  5.00e-003  1.18e-015  0.00e+000  0.00e+000  4.90e-016  4.90e-016  1.81e-010  1.19e-017  
