! 0       *H2 + *H2 -> *H2 + H2
! 1       *H2 + GRAIN -> H2 + GRAIN
! 2       *H2 + H2 -> H2 + H2
! 3       *H2 + He -> H2 + He
! 4       *H2 + CO -> H2 + CO
! 5       *H2 + *OH -> *H2O + *H
! 6       *H2 + CRP -> H2
! 7       *H2 + *CN -> *HCN + *H
! 8       *H2 + *C -> *CH2
! 9       *H2 + CRPhoton -> H2
!            tot_rate   0          1          2          3          4          5          6          7          8          9          
1.58188e+013 2.54e-009  1.00e+000  1.00e-013  1.24e-081  1.29e-082  9.33e-088  6.69e-013  6.81e-016  4.37e-015  2.57e-016  1.02e-018  
3.50727e+014 2.54e-009  1.00e+000  1.00e-013  1.24e-081  1.29e-082  9.61e-088  6.69e-013  6.81e-016  4.37e-015  2.57e-016  1.02e-018  
5.21628e+015 2.54e-009  1.00e+000  1.00e-013  1.34e-081  1.50e-082  2.25e-087  6.73e-013  6.81e-016  4.37e-015  2.56e-016  1.02e-018  
2.67137e+016 3.16e-009  1.00e+000  9.18e-014  1.03e-073  5.06e-071  7.97e-058  1.09e-012  6.14e-016  4.02e-015  1.40e-016  9.18e-019  
3.33598e+016 3.82e-009  1.00e+000  1.60e-013  1.15e-044  2.03e-033  6.02e-017  1.50e-012  5.65e-016  3.93e-015  5.55e-017  8.48e-019  
3.42055e+016 2.90e-009  1.00e+000  4.07e-013  2.29e-034  6.97e-023  1.04e-015  1.34e-012  6.52e-016  5.55e-015  4.14e-017  9.79e-019  
3.44017e+016 2.64e-009  1.00e+000  5.80e-013  1.23e-031  1.78e-020  1.88e-015  1.24e-012  6.86e-016  6.25e-015  3.70e-017  1.03e-018  
3.46353e+016 2.32e-009  1.00e+000  9.87e-013  9.48e-027  9.31e-018  3.88e-015  1.04e-012  7.33e-016  7.37e-015  3.10e-017  1.10e-018  
3.48860e+016 1.97e-009  1.00e+000  2.12e-012  1.66e-022  1.81e-015  8.53e-015  7.46e-013  8.02e-016  9.09e-015  2.38e-017  1.20e-018  
3.51370e+016 1.63e-009  1.00e+000  5.79e-012  1.36e-019  2.50e-013  1.90e-014  4.20e-013  8.83e-016  1.17e-014  1.64e-017  1.33e-018  
3.53250e+016 1.39e-009  1.00e+000  1.47e-011  2.88e-016  1.96e-012  3.56e-014  2.27e-013  9.57e-016  1.46e-014  1.15e-017  1.44e-018  
3.55515e+016 1.11e-009  1.00e+000  6.21e-011  1.39e-013  1.27e-011  7.86e-014  8.23e-014  1.08e-015  2.01e-014  6.64e-018  1.63e-018  
3.57182e+016 9.29e-010  1.00e+000  2.24e-010  3.29e-012  3.83e-011  1.43e-013  3.21e-014  1.19e-015  2.60e-014  3.97e-018  1.79e-018  
3.58524e+016 7.91e-010  1.00e+000  7.41e-010  2.47e-011  8.62e-011  2.40e-013  1.34e-014  1.30e-015  3.31e-014  2.47e-018  1.95e-018  
3.60047e+016 6.49e-010  1.00e+000  3.41e-009  1.24e-010  2.08e-010  3.13e-013  4.58e-015  1.45e-015  4.45e-014  1.33e-018  2.17e-018  
3.61718e+016 5.11e-010  1.00e+000  2.31e-008  5.05e-010  5.28e-010  4.32e-013  1.11e-015  1.65e-015  6.38e-014  6.14e-019  2.47e-018  
3.62899e+016 4.26e-010  1.00e+000  1.00e-007  1.24e-009  1.01e-009  5.70e-013  3.90e-016  1.83e-015  8.43e-014  3.40e-019  2.75e-018  
3.63893e+016 3.63e-010  1.00e+000  3.72e-007  2.50e-009  1.71e-009  7.47e-013  1.54e-016  2.00e-015  1.07e-013  2.01e-019  3.00e-018  
3.64972e+016 3.03e-010  1.00e+000  1.58e-006  5.05e-009  3.05e-009  1.03e-012  5.54e-017  2.20e-015  1.42e-013  1.13e-019  3.30e-018  
3.66124e+016 2.48e-010  1.00e+000  7.78e-006  1.06e-008  5.48e-009  1.54e-012  0.00e+000  2.47e-015  1.93e-013  5.97e-020  3.70e-018  
3.67348e+016 1.99e-010  1.00e+000  4.72e-005  2.20e-008  1.03e-008  2.53e-012  0.00e+000  2.80e-015  2.67e-013  2.98e-020  4.21e-018  
3.68621e+016 1.57e-010  1.00e+000  4.72e-004  4.67e-008  1.92e-008  4.62e-012  8.28e-019  3.24e-015  3.51e-013  1.14e-020  4.86e-018  
3.69700e+016 1.28e-010  9.97e-001  2.65e-003  6.93e-008  2.62e-008  6.71e-012  1.66e-019  2.98e-015  3.57e-013  4.19e-021  4.46e-018  
3.70376e+016 1.13e-010  9.93e-001  7.30e-003  8.30e-008  2.99e-008  8.38e-012  6.24e-020  2.68e-015  3.41e-013  2.14e-021  4.02e-018  
3.71087e+016 9.93e-011  9.79e-001  2.05e-002  1.00e-007  3.42e-008  1.11e-011  2.36e-020  2.42e-015  3.18e-013  1.08e-021  3.62e-018  
3.71826e+016 8.69e-011  9.41e-001  5.87e-002  1.20e-007  3.95e-008  1.54e-011  9.10e-021  2.19e-015  2.84e-013  5.34e-022  3.28e-018  
3.72589e+016 7.60e-011  8.37e-001  1.63e-001  1.42e-007  4.49e-008  2.25e-011  3.63e-021  1.96e-015  2.30e-013  2.62e-022  2.93e-018  
3.73370e+016 6.68e-011  5.93e-001  4.07e-001  1.54e-007  4.73e-008  3.14e-011  1.47e-021  1.63e-015  1.54e-013  1.19e-022  2.46e-018  
3.74165e+016 5.91e-011  2.40e-001  7.60e-001  1.32e-007  3.93e-008  3.50e-011  5.62e-022  1.09e-015  6.77e-014  4.45e-023  1.64e-018  
3.74829e+016 5.39e-011  6.17e-002  9.38e-001  8.83e-008  2.60e-008  2.87e-011  2.39e-022  6.04e-016  2.17e-014  1.59e-023  9.07e-019  
3.75505e+016 4.96e-011  1.14e-002  9.89e-001  5.31e-008  1.53e-008  2.02e-011  1.29e-022  3.01e-016  4.74e-015  6.07e-024  4.52e-019  
3.76194e+016 4.59e-011  1.74e-003  9.98e-001  3.14e-008  8.98e-009  1.35e-011  1.29e-022  1.51e-016  7.13e-016  2.44e-024  2.27e-019  
3.76839e+016 4.30e-011  2.22e-004  1.00e+000  2.02e-008  5.70e-009  9.58e-012  4.58e-022  8.35e-017  7.91e-017  6.81e-025  1.25e-019  
3.76854e+016 4.30e-011  2.10e-004  1.00e+000  2.00e-008  5.63e-009  9.51e-012  4.84e-022  8.23e-017  7.46e-017  6.70e-025  1.23e-019  
3.76877e+016 4.29e-011  1.93e-004  1.00e+000  1.97e-008  5.55e-009  9.42e-012  5.34e-022  8.09e-017  6.78e-017  6.50e-025  1.21e-019  
3.76917e+016 4.28e-011  1.65e-004  1.00e+000  1.92e-008  5.42e-009  9.23e-012  6.33e-022  7.80e-017  5.79e-017  6.24e-025  1.17e-019  
3.76980e+016 4.25e-011  1.28e-004  1.00e+000  1.85e-008  5.22e-009  8.99e-012  8.66e-022  7.43e-017  4.45e-017  5.88e-025  1.11e-019  
3.77083e+016 4.22e-011  8.06e-005  1.00e+000  1.73e-008  4.88e-009  8.58e-012  1.60e-021  6.80e-017  2.75e-017  5.45e-025  1.02e-019  
3.77248e+016 4.16e-011  3.27e-005  1.00e+000  1.56e-008  4.40e-009  7.96e-012  6.56e-021  5.94e-017  1.10e-017  5.05e-025  8.89e-020  
3.77450e+016 3.98e-011  6.00e-006  1.00e+000  1.38e-008  3.87e-009  7.26e-012  1.59e-019  5.03e-017  1.99e-018  5.38e-025  7.56e-020  
3.77655e+016 4.03e-011  3.13e-007  1.00e+000  1.23e-008  3.45e-009  6.48e-012  7.99e-019  4.32e-017  9.38e-020  2.75e-024  6.48e-020  
3.77936e+016 3.95e-011  2.10e-007  1.00e+000  1.05e-008  2.94e-009  5.49e-012  3.34e-019  3.49e-017  1.37e-020  1.53e-024  5.24e-020  
3.78016e+016 3.93e-011  1.87e-007  1.00e+000  1.01e-008  2.80e-009  5.24e-012  2.95e-019  3.28e-017  1.21e-020  1.17e-024  4.94e-020  
3.78111e+016 3.91e-011  1.64e-007  1.00e+000  9.54e-009  2.66e-009  4.96e-012  2.58e-019  3.07e-017  1.08e-020  8.85e-025  4.60e-020  
3.78273e+016 3.87e-011  1.34e-007  1.00e+000  8.81e-009  2.44e-009  4.57e-012  2.10e-019  2.74e-017  9.07e-021  6.07e-025  4.13e-020  
3.78530e+016 3.81e-011  9.66e-008  1.00e+000  7.74e-009  2.15e-009  4.02e-012  1.50e-019  2.31e-017  6.82e-021  3.73e-025  3.46e-020  
3.78818e+016 3.76e-011  6.76e-008  1.00e+000  6.70e-009  1.85e-009  3.46e-012  1.02e-019  1.91e-017  4.68e-021  2.33e-025  2.87e-020  
3.79076e+016 3.71e-011  5.04e-008  1.00e+000  6.01e-009  1.65e-009  3.07e-012  7.25e-020  1.64e-017  3.23e-021  1.56e-025  2.46e-020  
3.79253e+016 3.68e-011  4.16e-008  1.00e+000  5.57e-009  1.53e-009  2.85e-012  5.87e-020  1.48e-017  2.40e-021  1.21e-025  2.22e-020  
3.79502e+016 3.65e-011  3.15e-008  1.00e+000  4.99e-009  1.37e-009  2.55e-012  4.36e-020  1.28e-017  1.51e-021  8.41e-026  1.92e-020  
3.79755e+016 3.62e-011  2.44e-008  1.00e+000  4.50e-009  1.24e-009  2.30e-012  3.34e-020  1.12e-017  9.03e-022  6.05e-026  1.68e-020  
3.79897e+016 3.60e-011  2.13e-008  1.00e+000  4.28e-009  1.18e-009  2.18e-012  2.89e-020  1.04e-017  6.61e-022  5.08e-026  1.57e-020  
3.79918e+016 3.60e-011  2.09e-008  1.00e+000  4.25e-009  1.17e-009  2.16e-012  2.83e-020  1.03e-017  6.28e-022  4.94e-026  1.55e-020  
3.79956e+016 3.60e-011  2.01e-008  1.00e+000  4.19e-009  1.15e-009  2.13e-012  2.74e-020  1.01e-017  5.75e-022  4.72e-026  1.52e-020  
3.80017e+016 3.59e-011  1.90e-008  1.00e+000  4.09e-009  1.13e-009  2.08e-012  2.58e-020  9.83e-018  4.96e-022  4.37e-026  1.47e-020  
3.80129e+016 3.58e-011  1.71e-008  1.00e+000  3.94e-009  1.08e-009  2.00e-012  2.33e-020  9.30e-018  3.77e-022  3.80e-026  1.39e-020  
3.80319e+016 3.57e-011  1.43e-008  1.00e+000  3.67e-009  1.00e-009  1.86e-012  1.96e-020  8.46e-018  2.25e-022  3.00e-026  1.27e-020  
3.80578e+016 3.55e-011  1.14e-008  1.00e+000  3.35e-009  9.18e-010  1.70e-012  1.59e-020  7.49e-018  1.06e-022  2.23e-026  1.12e-020  
3.80629e+016 3.55e-011  1.09e-008  1.00e+000  3.30e-009  9.01e-010  1.67e-012  1.54e-020  7.32e-018  9.13e-023  2.10e-026  1.10e-020  
3.80713e+016 3.54e-011  1.02e-008  1.00e+000  3.22e-009  8.81e-010  1.63e-012  1.45e-020  7.09e-018  7.06e-023  1.92e-026  1.06e-020  
3.80859e+016 3.54e-011  9.01e-009  1.00e+000  3.08e-009  8.39e-010  1.55e-012  1.32e-020  6.67e-018  4.49e-023  1.64e-026  9.97e-021  
3.81083e+016 3.53e-011  7.56e-009  1.00e+000  2.89e-009  7.85e-010  1.44e-012  1.14e-020  6.06e-018  2.31e-023  1.29e-026  9.09e-021  
3.81265e+016 3.53e-011  6.54e-009  1.00e+000  2.73e-009  7.39e-010  1.37e-012  1.00e-020  5.64e-018  1.45e-023  1.06e-026  8.44e-021  
3.81480e+016 3.52e-011  5.57e-009  1.00e+000  2.56e-009  6.96e-010  1.28e-012  8.61e-021  5.17e-018  9.66e-024  8.41e-027  7.76e-021  
3.81769e+016 3.52e-011  4.55e-009  1.00e+000  2.38e-009  6.45e-010  1.19e-012  6.82e-021  4.66e-018  7.07e-024  6.28e-027  6.99e-021  
3.81836e+016 3.52e-011  4.37e-009  1.00e+000  2.34e-009  6.34e-010  1.17e-012  6.42e-021  4.57e-018  6.73e-024  5.88e-027  6.85e-021  
3.81952e+016 3.52e-011  4.03e-009  1.00e+000  2.27e-009  6.16e-010  1.13e-012  5.74e-021  4.40e-018  6.28e-024  5.23e-027  6.59e-021  
3.82149e+016 3.53e-011  3.57e-009  1.00e+000  2.17e-009  5.86e-010  1.08e-012  4.56e-021  4.11e-018  5.67e-024  4.22e-027  6.15e-021  
3.82433e+016 3.54e-011  2.97e-009  1.00e+000  2.03e-009  5.48e-010  1.01e-012  3.05e-021  3.73e-018  5.03e-024  3.08e-027  5.62e-021  
3.82740e+016 3.55e-011  2.48e-009  1.00e+000  1.89e-009  5.10e-010  9.35e-013  1.73e-021  3.41e-018  4.23e-024  2.12e-027  5.10e-021  
3.83054e+016 3.56e-011  2.09e-009  1.00e+000  1.77e-009  4.78e-010  8.76e-013  8.29e-022  3.12e-018  2.84e-024  1.40e-027  4.66e-021  
3.83376e+016 3.59e-011  1.77e-009  1.00e+000  1.67e-009  4.48e-010  8.22e-013  3.43e-022  2.87e-018  1.61e-024  8.69e-028  4.29e-021  
3.83751e+016 3.61e-011  1.49e-009  1.00e+000  1.57e-009  4.21e-010  7.70e-013  1.34e-022  2.61e-018  1.12e-024  4.52e-028  3.93e-021  
3.84132e+016 3.65e-011  1.25e-009  1.00e+000  1.46e-009  3.92e-010  7.18e-013  1.02e-022  2.39e-018  8.08e-025  2.19e-028  3.59e-021  
3.84531e+016 3.69e-011  1.05e-009  1.00e+000  1.37e-009  3.69e-010  6.72e-013  1.37e-022  2.18e-018  6.61e-025  1.04e-028  3.28e-021  
3.84962e+016 3.74e-011  8.96e-010  1.00e+000  1.29e-009  3.45e-010  6.34e-013  1.84e-022  2.01e-018  6.39e-025  4.87e-029  3.02e-021  
3.85449e+016 3.80e-011  7.61e-010  1.00e+000  1.22e-009  3.26e-010  5.97e-013  1.82e-022  1.85e-018  7.84e-025  2.20e-029  2.76e-021  
3.85990e+016 3.88e-011  6.42e-010  1.00e+000  1.14e-009  3.07e-010  5.59e-013  1.00e-022  1.70e-018  1.18e-024  1.29e-029  2.54e-021  
3.86597e+016 3.97e-011  5.42e-010  1.00e+000  1.08e-009  2.87e-010  5.26e-013  4.23e-023  1.55e-018  2.01e-024  2.09e-029  2.33e-021  
3.87288e+016 4.09e-011  4.55e-010  1.00e+000  1.01e-009  2.69e-010  4.91e-013  4.21e-023  1.42e-018  3.45e-024  6.97e-029  2.13e-021  
3.88139e+016 4.26e-011  3.87e-010  1.00e+000  9.48e-010  2.51e-010  4.65e-013  6.20e-023  1.30e-018  5.82e-024  2.84e-028  1.95e-021  
3.89093e+016 4.47e-011  3.31e-010  1.00e+000  8.95e-010  2.37e-010  4.38e-013  9.82e-023  1.20e-018  9.40e-024  9.57e-028  1.80e-021  
3.90068e+016 4.70e-011  2.91e-010  1.00e+000  8.55e-010  2.26e-010  4.19e-013  1.50e-022  1.12e-018  1.43e-023  2.32e-027  1.68e-021  
3.91088e+016 4.96e-011  2.64e-010  1.00e+000  8.23e-010  2.18e-010  4.03e-013  2.18e-022  1.06e-018  2.10e-023  4.46e-027  1.59e-021  
3.92181e+016 5.28e-011  2.44e-010  1.00e+000  7.95e-010  2.10e-010  3.90e-013  3.03e-022  1.01e-018  2.99e-023  7.16e-027  1.52e-021  
3.93325e+016 5.63e-011  2.31e-010  1.00e+000  7.80e-010  2.06e-010  3.82e-013  3.98e-022  9.82e-019  4.10e-023  1.01e-026  1.47e-021  
3.94519e+016 6.05e-011  2.25e-010  1.00e+000  7.67e-010  2.03e-010  3.77e-013  4.93e-022  9.62e-019  5.31e-023  1.29e-026  1.44e-021  
3.95803e+016 6.54e-011  2.26e-010  1.00e+000  7.65e-010  2.02e-010  3.75e-013  5.83e-022  9.54e-019  6.59e-023  1.57e-026  1.43e-021  
3.97190e+016 7.12e-011  2.33e-010  1.00e+000  7.70e-010  2.04e-010  3.79e-013  6.57e-022  9.61e-019  7.75e-023  1.84e-026  1.43e-021  
3.98699e+016 7.83e-011  2.49e-010  1.00e+000  7.84e-010  2.08e-010  3.87e-013  7.08e-022  9.83e-019  8.68e-023  2.12e-026  1.47e-021  
4.00514e+016 8.81e-011  2.80e-010  1.00e+000  8.12e-010  2.15e-010  4.03e-013  7.31e-022  1.03e-018  9.34e-023  2.45e-026  1.53e-021  
4.02549e+016 1.01e-010  3.34e-010  1.00e+000  8.54e-010  2.27e-010  4.27e-013  7.26e-022  1.10e-018  9.66e-023  2.87e-026  1.64e-021  
4.04761e+016 1.17e-010  4.22e-010  1.00e+000  9.23e-010  2.44e-010  4.63e-013  7.07e-022  1.21e-018  9.74e-023  3.44e-026  1.81e-021  
4.07070e+016 1.37e-010  5.61e-010  1.00e+000  1.01e-009  2.68e-010  5.10e-013  6.82e-022  1.36e-018  9.71e-023  4.15e-026  2.04e-021  
4.09451e+016 1.63e-010  7.91e-010  1.00e+000  1.12e-009  2.99e-010  5.72e-013  6.69e-022  1.58e-018  9.63e-023  5.14e-026  2.36e-021  
4.11988e+016 1.96e-010  1.20e-009  1.00e+000  1.29e-009  3.42e-010  6.58e-013  6.79e-022  1.89e-018  9.44e-023  6.43e-026  2.82e-021  
4.14624e+016 2.38e-010  1.94e-009  1.00e+000  1.50e-009  4.01e-010  7.77e-013  7.23e-022  2.33e-018  9.08e-023  7.86e-026  3.48e-021  
4.17462e+016 2.94e-010  3.44e-009  1.00e+000  1.82e-009  4.86e-010  9.49e-013  8.40e-022  3.01e-018  8.54e-023  9.39e-026  4.49e-021  
4.20512e+016 3.72e-010  6.75e-009  1.00e+000  2.28e-009  6.13e-010  1.20e-012  1.09e-021  4.06e-018  7.58e-023  1.05e-025  6.08e-021  
4.23867e+016 4.84e-010  1.50e-008  1.00e+000  2.98e-009  8.08e-010  1.59e-012  1.61e-021  5.83e-018  6.26e-023  1.07e-025  8.70e-021  
4.27356e+016 6.38e-010  3.73e-008  1.00e+000  4.06e-009  1.11e-009  2.18e-012  2.66e-021  8.82e-018  5.08e-023  9.92e-026  1.32e-020  
4.30994e+016 8.55e-010  1.03e-007  1.00e+000  5.78e-009  1.59e-009  3.16e-012  4.87e-021  1.42e-017  5.12e-023  9.13e-026  2.11e-020  
4.34671e+016 1.15e-009  3.14e-007  1.00e+000  8.50e-009  2.36e-009  4.72e-012  9.39e-021  2.37e-017  5.69e-023  1.00e-025  3.54e-020  
4.38104e+016 1.53e-009  9.35e-007  1.00e+000  1.24e-008  3.48e-009  7.06e-012  1.37e-020  3.96e-017  6.19e-023  1.50e-025  5.90e-020  
4.41007e+016 1.94e-009  2.49e-006  1.00e+000  1.75e-008  4.97e-009  1.02e-011  1.56e-020  6.29e-017  6.80e-023  2.79e-025  9.38e-020  
4.42181e+016 2.14e-009  3.73e-006  1.00e+000  2.01e-008  5.75e-009  1.18e-011  1.58e-020  7.62e-017  7.15e-023  3.69e-025  1.14e-019  
4.42811e+016 2.26e-009  4.60e-006  1.00e+000  2.16e-008  6.19e-009  1.27e-011  1.60e-020  8.45e-017  7.48e-023  4.10e-025  1.26e-019  
4.43809e+016 2.45e-009  6.65e-006  1.00e+000  2.47e-008  7.10e-009  1.47e-011  1.73e-020  1.01e-016  7.18e-023  5.43e-025  1.50e-019  
4.45030e+016 2.72e-009  1.03e-005  1.00e+000  2.86e-008  8.31e-009  1.72e-011  1.80e-020  1.24e-016  6.54e-023  7.76e-025  1.85e-019  
4.45401e+016 2.80e-009  1.18e-005  1.00e+000  3.01e-008  8.75e-009  1.82e-011  1.74e-020  1.32e-016  6.14e-023  8.86e-025  1.97e-019  
4.45998e+016 2.95e-009  1.47e-005  1.00e+000  3.24e-008  9.46e-009  1.97e-011  1.72e-020  1.47e-016  5.80e-023  1.08e-024  2.19e-019  
4.46779e+016 3.15e-009  1.96e-005  1.00e+000  3.59e-008  1.05e-008  2.20e-011  1.79e-020  1.69e-016  5.65e-023  1.23e-024  2.52e-019  
4.48006e+016 3.49e-009  3.09e-005  1.00e+000  4.21e-008  1.24e-008  2.60e-011  1.83e-020  2.11e-016  5.36e-023  1.58e-024  3.15e-019  
4.48529e+016 3.64e-009  3.82e-005  1.00e+000  4.53e-008  1.34e-008  2.83e-011  1.71e-020  2.34e-016  4.86e-023  1.84e-024  3.49e-019  
4.48834e+016 3.74e-009  4.30e-005  1.00e+000  4.71e-008  1.40e-008  2.97e-011  1.64e-020  2.48e-016  4.79e-023  2.20e-024  3.69e-019  
4.49346e+016 3.90e-009  5.23e-005  1.00e+000  5.05e-008  1.51e-008  3.20e-011  1.73e-020  2.72e-016  4.92e-023  2.45e-024  4.05e-019  
4.49870e+016 4.08e-009  6.40e-005  1.00e+000  5.42e-008  1.62e-008  3.43e-011  1.81e-020  2.99e-016  5.05e-023  2.62e-024  4.46e-019  
4.50684e+016 4.37e-009  8.74e-005  1.00e+000  6.04e-008  1.81e-008  3.87e-011  1.90e-020  3.48e-016  5.19e-023  3.11e-024  5.19e-019  
4.51867e+016 4.83e-009  1.38e-004  1.00e+000  7.08e-008  2.13e-008  4.62e-011  2.03e-020  4.35e-016  5.47e-023  4.29e-024  6.50e-019  
4.51946e+016 4.87e-009  1.47e-004  1.00e+000  7.23e-008  2.20e-008  4.74e-011  1.90e-020  4.50e-016  4.95e-023  4.54e-024  6.69e-019  
4.52061e+016 4.91e-009  1.55e-004  1.00e+000  7.37e-008  2.24e-008  4.85e-011  1.76e-020  4.60e-016  4.83e-023  5.09e-024  6.86e-019  
4.52265e+016 5.00e-009  1.67e-004  1.00e+000  7.58e-008  2.30e-008  4.98e-011  1.80e-020  4.78e-016  4.96e-023  5.82e-024  7.14e-019  
4.52632e+016 5.16e-009  1.93e-004  1.00e+000  7.94e-008  2.42e-008  5.25e-011  1.91e-020  5.13e-016  5.23e-023  6.70e-024  7.63e-019  
4.53239e+016 5.43e-009  2.43e-004  1.00e+000  8.60e-008  2.63e-008  5.73e-011  2.12e-020  5.74e-016  5.74e-023  7.77e-024  8.56e-019  
4.54167e+016 5.87e-009  3.49e-004  1.00e+000  9.72e-008  3.00e-008  6.54e-011  2.37e-020  6.83e-016  6.39e-023  9.88e-024  1.02e-018  
4.55446e+016 6.53e-009  5.97e-004  9.99e-001  1.18e-007  3.64e-008  8.07e-011  2.75e-020  8.91e-016  7.39e-023  1.55e-023  1.33e-018  
4.55658e+016 6.65e-009  6.57e-004  9.99e-001  1.21e-007  3.79e-008  8.37e-011  2.81e-020  9.33e-016  7.50e-023  1.68e-023  1.39e-018  
4.55697e+016 6.68e-009  6.82e-004  9.99e-001  1.23e-007  3.86e-008  8.54e-011  2.65e-020  9.53e-016  6.72e-023  1.75e-023  1.42e-018  
4.55761e+016 6.71e-009  7.06e-004  9.99e-001  1.24e-007  3.90e-008  8.67e-011  2.41e-020  9.70e-016  6.31e-023  1.88e-023  1.45e-018  
4.55871e+016 6.77e-009  7.37e-004  9.99e-001  1.26e-007  3.97e-008  8.81e-011  2.36e-020  9.90e-016  6.45e-023  2.07e-023  1.48e-018  
4.56066e+016 6.89e-009  7.96e-004  9.99e-001  1.30e-007  4.08e-008  9.06e-011  2.45e-020  1.03e-015  6.71e-023  2.37e-023  1.54e-018  
4.56410e+016 7.09e-009  9.09e-004  9.99e-001  1.36e-007  4.26e-008  9.51e-011  2.64e-020  1.10e-015  7.20e-023  2.82e-023  1.64e-018  
4.56849e+016 7.36e-009  1.08e-003  9.99e-001  1.44e-007  4.51e-008  1.01e-010  2.88e-020  1.19e-015  7.87e-023  3.32e-023  1.77e-018  
4.57241e+016 7.60e-009  1.27e-003  9.99e-001  1.51e-007  4.79e-008  1.08e-010  3.13e-020  1.29e-015  8.50e-023  3.78e-023  1.92e-018  
4.57850e+016 7.99e-009  1.64e-003  9.98e-001  1.66e-007  5.28e-008  1.19e-010  3.48e-020  1.46e-015  9.42e-023  4.62e-023  2.19e-018  
4.58802e+016 8.66e-009  2.46e-003  9.98e-001  1.91e-007  6.10e-008  1.39e-010  3.96e-020  1.79e-015  1.07e-022  6.59e-023  2.67e-018  
4.59720e+016 9.35e-009  3.59e-003  9.96e-001  2.16e-007  6.98e-008  1.60e-010  4.42e-020  2.16e-015  1.19e-022  9.60e-023  3.22e-018  
4.59734e+016 9.36e-009  3.66e-003  9.96e-001  2.18e-007  7.05e-008  1.62e-010  4.41e-020  2.18e-015  1.17e-022  9.72e-023  3.25e-018  
4.59759e+016 9.39e-009  3.80e-003  9.96e-001  2.21e-007  7.18e-008  1.65e-010  4.23e-020  2.23e-015  1.06e-022  1.00e-022  3.32e-018  
4.59802e+016 9.43e-009  3.91e-003  9.96e-001  2.23e-007  7.26e-008  1.68e-010  3.84e-020  2.26e-015  9.43e-023  1.04e-022  3.37e-018  
4.59873e+016 9.48e-009  4.04e-003  9.96e-001  2.26e-007  7.34e-008  1.70e-010  3.59e-020  2.30e-015  9.38e-023  1.11e-022  3.43e-018  
4.59993e+016 9.57e-009  4.25e-003  9.96e-001  2.30e-007  7.48e-008  1.73e-010  3.58e-020  2.36e-015  9.65e-023  1.22e-022  3.51e-018  
4.60196e+016 9.74e-009  4.63e-003  9.95e-001  2.36e-007  7.72e-008  1.79e-010  3.75e-020  2.46e-015  1.01e-022  1.40e-022  3.67e-018  
4.60580e+016 1.01e-008  5.44e-003  9.95e-001  2.50e-007  8.18e-008  1.90e-010  4.13e-020  2.67e-015  1.11e-022  1.74e-022  3.97e-018  
4.61139e+016 1.06e-008  6.83e-003  9.93e-001  2.69e-007  8.83e-008  2.05e-010  4.70e-020  2.97e-015  1.27e-022  2.23e-022  4.43e-018  
4.61801e+016 1.11e-008  9.01e-003  9.91e-001  2.97e-007  9.73e-008  2.30e-010  5.37e-020  3.42e-015  1.44e-022  2.90e-022  5.10e-018  
4.62829e+016 1.21e-008  1.41e-002  9.86e-001  3.45e-007  1.14e-007  2.72e-010  6.27e-020  4.28e-015  1.67e-022  4.39e-022  6.37e-018  
4.63958e+016 1.33e-008  2.30e-002  9.77e-001  4.05e-007  1.36e-007  3.27e-010  7.20e-020  5.45e-015  1.91e-022  7.12e-022  8.12e-018  
4.64165e+016 1.35e-008  2.52e-002  9.75e-001  4.17e-007  1.40e-007  3.39e-010  7.37e-020  5.71e-015  1.94e-022  7.83e-022  8.49e-018  
4.64187e+016 1.36e-008  2.61e-002  9.74e-001  4.23e-007  1.43e-007  3.46e-010  7.25e-020  5.83e-015  1.81e-022  7.97e-022  8.71e-018  
4.64224e+016 1.36e-008  2.72e-002  9.73e-001  4.30e-007  1.46e-007  3.54e-010  6.65e-020  5.97e-015  1.54e-022  8.25e-022  8.92e-018  
4.64286e+016 1.37e-008  2.80e-002  9.72e-001  4.32e-007  1.47e-007  3.57e-010  5.88e-020  6.04e-015  1.38e-022  8.62e-022  8.99e-018  
4.64396e+016 1.38e-008  2.92e-002  9.71e-001  4.38e-007  1.49e-007  3.63e-010  5.54e-020  6.18e-015  1.40e-022  9.27e-022  9.20e-018  
4.64596e+016 1.40e-008  3.15e-002  9.68e-001  4.49e-007  1.53e-007  3.73e-010  5.69e-020  6.42e-015  1.47e-022  1.05e-021  9.54e-018  
4.64933e+016 1.44e-008  3.61e-002  9.64e-001  4.69e-007  1.60e-007  3.92e-010  6.18e-020  6.86e-015  1.61e-022  1.27e-021  1.02e-017  
4.65501e+016 1.51e-008  4.57e-002  9.54e-001  5.07e-007  1.74e-007  4.27e-010  7.16e-020  7.75e-015  1.87e-022  1.68e-021  1.15e-017  
4.66259e+016 1.61e-008  6.19e-002  9.38e-001  5.56e-007  1.93e-007  4.76e-010  8.32e-020  9.01e-015  2.19e-022  2.33e-021  1.34e-017  
4.67450e+016 1.77e-008  9.81e-002  9.02e-001  6.43e-007  2.23e-007  5.60e-010  9.64e-020  1.13e-014  2.56e-022  3.78e-021  1.68e-017  
4.68726e+016 1.97e-008  1.57e-001  8.43e-001  7.36e-007  2.58e-007  6.65e-010  1.07e-019  1.44e-014  2.95e-022  6.35e-021  2.14e-017  
4.69009e+016 2.02e-008  1.73e-001  8.27e-001  7.52e-007  2.66e-007  6.83e-010  1.08e-019  1.51e-014  3.03e-022  7.03e-021  2.25e-017  
4.69024e+016 2.02e-008  1.75e-001  8.25e-001  7.56e-007  2.67e-007  6.87e-010  1.08e-019  1.52e-014  3.02e-022  7.11e-021  2.26e-017  
4.69048e+016 2.02e-008  1.79e-001  8.21e-001  7.62e-007  2.71e-007  6.97e-010  1.06e-019  1.54e-014  2.88e-022  7.22e-021  2.29e-017  
4.69090e+016 2.04e-008  1.84e-001  8.16e-001  7.67e-007  2.74e-007  7.08e-010  9.88e-020  1.57e-014  2.56e-022  7.42e-021  2.33e-017  
4.69160e+016 2.05e-008  1.91e-001  8.09e-001  7.65e-007  2.78e-007  7.21e-010  8.67e-020  1.59e-014  2.23e-022  7.70e-021  2.38e-017  
4.69279e+016 2.07e-008  1.99e-001  8.01e-001  7.72e-007  2.81e-007  7.29e-010  7.72e-020  1.63e-014  2.16e-022  8.16e-021  2.42e-017  
4.69476e+016 2.10e-008  2.11e-001  7.89e-001  7.85e-007  2.85e-007  7.42e-010  7.66e-020  1.67e-014  2.29e-022  8.94e-021  2.50e-017  
4.69806e+016 2.16e-008  2.31e-001  7.69e-001  8.06e-007  2.91e-007  7.60e-010  8.11e-020  1.76e-014  2.53e-022  1.03e-020  2.61e-017  
4.70337e+016 2.25e-008  2.67e-001  7.33e-001  8.31e-007  3.01e-007  7.95e-010  8.97e-020  1.89e-014  2.99e-022  1.26e-020  2.81e-017  
4.70622e+016 2.30e-008  2.88e-001  7.12e-001  8.47e-007  3.06e-007  8.12e-010  9.42e-020  1.96e-014  3.25e-022  1.40e-020  2.93e-017  
4.71061e+016 2.39e-008  3.19e-001  6.81e-001  8.60e-007  3.12e-007  8.31e-010  9.94e-020  2.06e-014  3.63e-022  1.62e-020  3.08e-017  
4.71746e+016 2.52e-008  3.58e-001  6.42e-001  8.52e-007  3.13e-007  8.40e-010  1.02e-019  2.17e-014  4.16e-022  1.95e-020  3.24e-017  
4.72860e+016 2.77e-008  4.22e-001  5.78e-001  8.27e-007  3.07e-007  8.34e-010  9.93e-020  2.32e-014  5.20e-022  2.57e-020  3.46e-017  
4.74240e+016 3.09e-008  5.05e-001  4.95e-001  7.86e-007  2.96e-007  8.25e-010  9.42e-020  2.51e-014  7.18e-022  3.56e-020  3.75e-017  
4.74305e+016 3.11e-008  5.08e-001  4.92e-001  7.85e-007  2.95e-007  8.23e-010  9.39e-020  2.51e-014  7.27e-022  3.60e-020  3.76e-017  
4.74313e+016 3.11e-008  5.08e-001  4.92e-001  7.85e-007  2.95e-007  8.23e-010  9.39e-020  2.52e-014  7.30e-022  3.60e-020  3.76e-017  
4.74348e+016 3.11e-008  5.11e-001  4.89e-001  7.85e-007  2.96e-007  8.26e-010  9.39e-020  2.53e-014  7.36e-022  3.67e-020  3.76e-017  
4.74406e+016 3.13e-008  5.18e-001  4.82e-001  7.80e-007  2.96e-007  8.27e-010  9.20e-020  2.54e-014  7.38e-022  3.71e-020  3.80e-017  
4.74503e+016 3.15e-008  5.27e-001  4.73e-001  7.75e-007  2.97e-007  8.38e-010  8.67e-020  2.58e-014  7.40e-022  3.81e-020  3.84e-017  
4.74676e+016 3.21e-008  5.42e-001  4.58e-001  7.63e-007  2.95e-007  8.38e-010  7.76e-020  2.60e-014  7.60e-022  3.96e-020  3.89e-017  
4.74972e+016 3.28e-008  5.61e-001  4.39e-001  7.53e-007  2.93e-007  8.38e-010  7.23e-020  2.65e-014  8.23e-022  4.27e-020  3.96e-017  
4.75283e+016 3.36e-008  5.77e-001  4.23e-001  7.41e-007  2.89e-007  8.30e-010  7.29e-020  2.69e-014  9.02e-022  4.58e-020  4.02e-017  
4.75365e+016 3.38e-008  5.83e-001  4.17e-001  7.37e-007  2.88e-007  8.28e-010  7.34e-020  2.70e-014  9.23e-022  4.67e-020  4.02e-017  
4.75556e+016 3.43e-008  5.92e-001  4.08e-001  7.32e-007  2.86e-007  8.22e-010  7.49e-020  2.71e-014  9.77e-022  4.84e-020  4.05e-017  
4.75856e+016 3.51e-008  6.07e-001  3.93e-001  7.21e-007  2.81e-007  8.12e-010  7.72e-020  2.74e-014  1.06e-021  5.16e-020  4.07e-017  
4.76342e+016 3.66e-008  6.31e-001  3.69e-001  6.99e-007  2.73e-007  7.95e-010  8.03e-020  2.76e-014  1.20e-021  5.60e-020  4.13e-017  
4.77120e+016 3.90e-008  6.67e-001  3.33e-001  6.62e-007  2.59e-007  7.69e-010  8.38e-020  2.82e-014  1.47e-021  6.33e-020  4.21e-017  
4.78339e+016 4.28e-008  7.24e-001  2.76e-001  6.10e-007  2.43e-007  7.31e-010  8.97e-020  2.92e-014  1.95e-021  7.64e-020  4.37e-017  
4.79819e+016 4.83e-008  7.83e-001  2.17e-001  5.32e-007  2.17e-007  6.75e-010  9.71e-020  3.00e-014  2.65e-021  9.17e-020  4.47e-017  
4.80101e+016 4.93e-008  7.93e-001  2.07e-001  5.19e-007  2.13e-007  6.65e-010  9.92e-020  3.02e-014  2.82e-021  9.49e-020  4.50e-017  
4.80156e+016 4.95e-008  7.96e-001  2.04e-001  5.17e-007  2.12e-007  6.65e-010  9.98e-020  3.03e-014  2.85e-021  9.56e-020  4.51e-017  
4.80288e+016 5.00e-008  8.00e-001  2.00e-001  5.10e-007  2.10e-007  6.60e-010  1.01e-019  3.04e-014  2.92e-021  9.68e-020  4.52e-017  
4.80511e+016 5.09e-008  8.07e-001  1.93e-001  4.99e-007  2.06e-007  6.50e-010  1.02e-019  3.05e-014  3.05e-021  9.92e-020  4.54e-017  
4.80875e+016 5.24e-008  8.19e-001  1.81e-001  4.81e-007  2.01e-007  6.38e-010  1.05e-019  3.06e-014  3.27e-021  1.03e-019  4.56e-017  
4.81463e+016 5.49e-008  8.38e-001  1.62e-001  4.52e-007  1.91e-007  6.16e-010  1.11e-019  3.10e-014  3.65e-021  1.09e-019  4.61e-017  
4.82445e+016 5.93e-008  8.66e-001  1.34e-001  4.12e-007  1.75e-007  5.79e-010  1.23e-019  3.14e-014  4.32e-021  1.18e-019  4.67e-017  
4.83636e+016 6.50e-008  8.92e-001  1.08e-001  3.63e-007  1.57e-007  5.34e-010  1.40e-019  3.17e-014  5.26e-021  1.28e-019  4.72e-017  
4.84912e+016 7.17e-008  9.16e-001  8.42e-002  3.14e-007  1.39e-007  4.88e-010  1.62e-019  3.21e-014  6.37e-021  1.37e-019  4.77e-017  
4.86294e+016 7.98e-008  9.36e-001  6.36e-002  2.67e-007  1.21e-007  4.41e-010  1.91e-019  3.23e-014  7.76e-021  1.45e-019  4.81e-017  
4.87591e+016 8.80e-008  9.51e-001  4.89e-002  2.26e-007  1.05e-007  3.99e-010  2.23e-019  3.26e-014  9.22e-021  1.52e-019  4.85e-017  
4.88968e+016 9.76e-008  9.64e-001  3.63e-002  1.88e-007  9.10e-008  3.59e-010  2.63e-019  3.29e-014  1.10e-020  1.60e-019  4.91e-017  
4.90444e+016 1.09e-007  9.74e-001  2.64e-002  1.53e-007  7.71e-008  3.20e-010  3.15e-019  3.33e-014  1.31e-020  1.66e-019  4.95e-017  
4.91980e+016 1.22e-007  9.81e-001  1.86e-002  1.22e-007  6.42e-008  2.81e-010  3.80e-019  3.35e-014  1.56e-020  1.73e-019  4.99e-017  
4.93317e+016 1.35e-007  9.86e-001  1.36e-002  9.94e-008  5.44e-008  2.51e-010  4.49e-019  3.37e-014  1.82e-020  1.79e-019  5.04e-017  
4.94239e+016 1.44e-007  9.89e-001  1.11e-002  8.50e-008  4.85e-008  2.33e-010  5.05e-019  3.41e-014  2.03e-020  1.85e-019  5.08e-017  
4.95192e+016 1.53e-007  9.91e-001  8.80e-003  7.24e-008  4.29e-008  2.16e-010  5.73e-019  3.44e-014  2.27e-020  1.90e-019  5.14e-017  
4.96202e+016 1.65e-007  9.93e-001  6.60e-003  5.80e-008  3.60e-008  1.90e-010  6.24e-019  3.32e-014  2.44e-020  1.85e-019  4.95e-017  
4.97297e+016 1.78e-007  9.95e-001  4.87e-003  4.53e-008  2.98e-008  1.65e-010  6.92e-019  3.20e-014  2.65e-020  1.82e-019  4.77e-017  
4.98461e+016 1.93e-007  9.97e-001  3.44e-003  3.42e-008  2.41e-008  1.41e-010  7.68e-019  3.07e-014  2.89e-020  1.78e-019  4.58e-017  
4.99670e+016 2.09e-007  9.98e-001  2.43e-003  2.51e-008  1.92e-008  1.21e-010  8.63e-019  2.95e-014  3.19e-020  1.74e-019  4.40e-017  
5.00936e+016 2.25e-007  9.98e-001  1.66e-003  1.79e-008  1.50e-008  1.03e-010  9.81e-019  2.84e-014  3.55e-020  1.69e-019  4.23e-017  
5.02240e+016 2.44e-007  9.99e-001  1.12e-003  1.26e-008  1.15e-008  8.72e-011  1.11e-018  2.72e-014  3.95e-020  1.65e-019  4.06e-017  
5.03584e+016 2.65e-007  9.99e-001  7.39e-004  8.52e-009  8.52e-009  7.28e-011  1.26e-018  2.60e-014  4.41e-020  1.60e-019  3.88e-017  
5.05026e+016 2.87e-007  1.00e+000  4.74e-004  5.40e-009  6.30e-009  5.99e-011  1.44e-018  2.49e-014  4.91e-020  1.55e-019  3.69e-017  
5.05959e+016 3.03e-007  1.00e+000  3.66e-004  3.96e-009  5.18e-009  5.31e-011  1.56e-018  2.42e-014  5.28e-020  1.51e-019  3.60e-017  
5.06957e+016 3.21e-007  1.00e+000  2.70e-004  2.81e-009  4.17e-009  4.70e-011  1.69e-018  2.35e-014  5.61e-020  1.48e-019  3.49e-017  
5.07988e+016 3.40e-007  1.00e+000  2.01e-004  1.99e-009  3.29e-009  4.15e-011  1.84e-018  2.28e-014  5.94e-020  1.44e-019  3.41e-017  
5.09058e+016 3.61e-007  1.00e+000  1.50e-004  1.38e-009  2.55e-009  3.63e-011  1.99e-018  2.21e-014  6.26e-020  1.41e-019  3.30e-017  
5.10237e+016 3.85e-007  1.00e+000  1.06e-004  9.04e-010  1.90e-009  3.12e-011  2.18e-018  2.14e-014  6.54e-020  1.37e-019  3.19e-017  
5.11496e+016 4.12e-007  1.00e+000  7.52e-005  5.58e-010  1.37e-009  2.65e-011  2.38e-018  2.07e-014  6.80e-020  1.33e-019  3.08e-017  
5.12843e+016 4.42e-007  1.00e+000  4.66e-005  2.92e-010  8.60e-010  1.99e-011  2.60e-018  1.78e-014  7.01e-020  1.29e-019  2.65e-017  
5.14296e+016 4.75e-007  1.00e+000  2.76e-005  1.40e-010  5.22e-010  1.46e-011  2.86e-018  1.52e-014  7.16e-020  1.24e-019  2.25e-017  
5.15425e+016 5.03e-007  1.00e+000  1.88e-005  8.27e-011  3.56e-010  1.16e-011  3.08e-018  1.35e-014  7.24e-020  1.21e-019  2.01e-017  
5.16792e+016 5.38e-007  1.00e+000  1.18e-005  4.11e-011  2.16e-010  8.75e-012  3.35e-018  1.17e-014  7.25e-020  1.17e-019  1.74e-017  
5.18319e+016 5.79e-007  1.00e+000  7.01e-006  1.80e-011  1.21e-010  6.41e-012  3.66e-018  1.00e-014  7.20e-020  1.13e-019  1.49e-017  
5.19950e+016 6.25e-007  1.00e+000  4.10e-006  6.94e-012  6.32e-011  4.61e-012  4.02e-018  8.51e-015  7.06e-020  1.09e-019  1.27e-017  
5.21655e+016 6.75e-007  1.00e+000  2.34e-006  2.52e-012  3.07e-011  3.29e-012  4.43e-018  7.24e-015  6.83e-020  1.05e-019  1.08e-017  
5.23457e+016 7.30e-007  1.00e+000  1.32e-006  8.32e-013  1.36e-011  2.30e-012  4.88e-018  6.15e-015  6.56e-020  1.01e-019  9.18e-018  
5.25384e+016 7.92e-007  1.00e+000  7.22e-007  2.92e-013  5.64e-012  1.60e-012  5.38e-018  5.20e-015  6.24e-020  9.62e-020  7.75e-018  
5.27451e+016 8.62e-007  1.00e+000  3.86e-007  8.10e-014  2.25e-012  1.08e-012  5.95e-018  4.37e-015  5.90e-020  9.14e-020  6.52e-018  
5.29668e+016 9.40e-007  1.00e+000  2.01e-007  1.80e-014  8.16e-013  7.06e-013  6.62e-018  3.67e-015  5.59e-020  8.67e-020  5.47e-018  
5.31993e+016 1.03e-006  1.00e+000  1.03e-007  3.12e-015  2.41e-013  4.48e-013  7.31e-018  3.06e-015  5.28e-020  8.16e-020  4.56e-018  
5.34440e+016 1.12e-006  1.00e+000  5.21e-008  9.02e-016  6.70e-014  2.86e-013  8.14e-018  2.57e-015  5.06e-020  7.71e-020  3.84e-018  
5.36995e+016 1.22e-006  1.00e+000  2.65e-008  1.64e-016  1.52e-014  1.80e-013  9.02e-018  2.16e-015  4.90e-020  7.26e-020  3.23e-018  
5.39765e+016 1.33e-006  1.00e+000  1.29e-008  1.60e-017  3.25e-015  1.06e-013  1.01e-017  1.81e-015  4.80e-020  6.84e-020  2.71e-018  
5.42627e+016 1.45e-006  1.00e+000  6.43e-009  4.26e-018  6.35e-016  6.25e-014  1.12e-017  1.52e-015  4.77e-020  6.43e-020  2.28e-018  
5.45738e+016 1.58e-006  1.00e+000  3.03e-009  3.87e-019  9.56e-017  3.47e-014  1.24e-017  1.28e-015  4.80e-020  6.08e-020  1.91e-018  
5.49079e+016 1.73e-006  1.00e+000  1.44e-009  5.63e-020  1.39e-017  1.79e-014  1.37e-017  1.07e-015  4.89e-020  5.75e-020  1.60e-018  
5.52575e+016 1.88e-006  1.00e+000  6.81e-010  4.59e-021  1.56e-018  8.94e-015  1.51e-017  8.99e-016  5.08e-020  5.53e-020  1.34e-018  
5.56155e+016 2.03e-006  1.00e+000  3.29e-010  4.05e-022  1.30e-019  4.06e-015  1.66e-017  7.64e-016  5.37e-020  5.37e-020  1.14e-018  
5.59918e+016 2.18e-006  1.00e+000  1.63e-010  3.27e-023  1.65e-020  1.72e-015  1.81e-017  6.56e-016  5.73e-020  5.28e-020  9.77e-019  
5.63913e+016 2.34e-006  1.00e+000  8.12e-011  4.24e-024  1.09e-021  6.32e-016  1.96e-017  5.60e-016  6.20e-020  5.30e-020  8.38e-019  
5.68226e+016 2.51e-006  1.00e+000  4.02e-011  2.04e-025  8.49e-023  1.67e-016  2.11e-017  4.82e-016  6.81e-020  5.34e-020  7.21e-019  
5.72780e+016 2.66e-006  1.00e+000  2.03e-011  1.23e-026  4.89e-024  3.98e-017  2.26e-017  4.17e-016  7.56e-020  5.53e-020  6.24e-019  
5.77650e+016 2.82e-006  1.00e+000  1.05e-011  6.60e-028  1.78e-025  7.06e-018  2.39e-017  3.65e-016  8.48e-020  5.78e-020  5.46e-019  
5.82707e+016 2.96e-006  1.00e+000  5.74e-012  7.26e-029  1.19e-026  8.07e-019  2.51e-017  3.22e-016  9.59e-020  6.08e-020  4.80e-019  
5.88124e+016 3.10e-006  1.00e+000  3.16e-012  1.20e-030  2.79e-028  4.81e-020  2.61e-017  2.86e-016  1.09e-019  6.45e-020  4.26e-019  
5.93801e+016 3.21e-006  1.00e+000  1.85e-012  1.27e-031  2.45e-029  2.45e-021  2.71e-017  2.57e-016  1.25e-019  6.92e-020  3.83e-019  
5.99878e+016 3.32e-006  1.00e+000  1.10e-012  1.23e-033  2.25e-031  6.87e-023  2.79e-017  2.32e-016  1.44e-019  7.41e-020  3.46e-019  
6.06254e+016 3.40e-006  1.00e+000  6.94e-013  1.77e-034  2.08e-032  3.26e-024  2.89e-017  2.12e-016  1.66e-019  7.97e-020  3.18e-019  
6.12860e+016 3.47e-006  1.00e+000  4.64e-013  1.35e-035  1.03e-033  7.03e-026  3.00e-017  1.96e-016  1.92e-019  8.59e-020  2.94e-019  
6.19772e+016 3.52e-006  1.00e+000  3.21e-013  1.61e-037  1.03e-035  6.65e-028  3.12e-017  1.83e-016  2.22e-019  9.23e-020  2.74e-019  
6.27006e+016 3.55e-006  1.00e+000  2.30e-013  2.32e-038  9.04e-037  1.06e-029  3.30e-017  1.72e-016  2.57e-019  9.97e-020  2.58e-019  
6.34752e+016 3.58e-006  1.00e+000  1.70e-013  9.33e-041  2.71e-039  3.27e-032  3.52e-017  1.63e-016  2.99e-019  1.08e-019  2.44e-019  
6.43223e+016 3.59e-006  1.00e+000  1.31e-013  1.57e-041  2.42e-040  7.72e-034  3.82e-017  1.55e-016  3.48e-019  1.17e-019  2.32e-019  
6.52408e+016 3.59e-006  1.00e+000  1.04e-013  1.21e-042  1.42e-041  7.24e-036  4.21e-017  1.48e-016  4.12e-019  1.27e-019  2.22e-019  
6.62440e+016 3.59e-006  1.00e+000  8.36e-014  4.74e-045  4.04e-044  4.12e-039  4.74e-017  1.43e-016  4.90e-019  1.39e-019  2.13e-019  
6.73219e+016 3.58e-006  1.00e+000  6.87e-014  5.87e-046  3.04e-045  6.03e-041  5.39e-017  1.38e-016  5.87e-019  1.53e-019  2.06e-019  
6.84641e+016 3.57e-006  1.00e+000  5.83e-014  9.02e-049  3.33e-048  1.29e-044  6.25e-017  1.33e-016  7.03e-019  1.69e-019  2.00e-019  
6.96945e+016 3.56e-006  1.00e+000  5.06e-014  1.47e-049  3.71e-049  1.56e-046  7.33e-017  1.30e-016  8.54e-019  1.88e-019  1.94e-019  
7.10391e+016 3.55e-006  1.00e+000  4.45e-014  3.35e-052  5.58e-052  3.89e-050  8.82e-017  1.26e-016  1.05e-018  2.12e-019  1.89e-019  
7.25155e+016 3.53e-006  1.00e+000  3.99e-014  2.19e-053  2.53e-053  2.62e-052  1.08e-016  1.24e-016  1.32e-018  2.43e-019  1.85e-019  
7.42223e+016 3.52e-006  1.00e+000  3.61e-014  7.47e-055  5.51e-055  4.80e-055  1.38e-016  1.20e-016  1.71e-018  2.84e-019  1.81e-019  
7.63108e+016 3.49e-006  1.00e+000  3.27e-014  1.34e-057  6.96e-058  1.01e-058  1.87e-016  1.18e-016  2.35e-018  3.50e-019  1.77e-019  
7.86896e+016 3.47e-006  1.00e+000  2.97e-014  2.54e-061  9.25e-062  1.84e-063  2.66e-016  1.15e-016  3.37e-018  4.50e-019  1.73e-019  
8.18150e+016 3.43e-006  1.00e+000  2.69e-014  2.14e-062  5.16e-063  1.00e-065  4.26e-016  1.13e-016  5.45e-018  6.33e-019  1.69e-019  
8.55776e+016 3.38e-006  1.00e+000  2.46e-014  3.31e-066  5.80e-067  1.75e-070  7.49e-016  1.10e-016  9.70e-018  9.73e-019  1.65e-019  
9.00548e+016 3.32e-006  1.00e+000  2.25e-014  1.74e-070  2.41e-071  1.48e-075  1.46e-015  1.08e-016  1.92e-017  1.64e-018  1.62e-019  
9.53916e+016 3.25e-006  1.00e+000  2.08e-014  4.12e-075  4.89e-076  8.55e-081  3.20e-015  1.06e-016  4.25e-017  3.08e-018  1.59e-019  
1.01535e+017 3.18e-006  1.00e+000  1.93e-014  4.47e-080  4.87e-081  3.55e-086  7.61e-015  1.04e-016  9.72e-017  6.64e-018  1.56e-019  
1.09249e+017 3.10e-006  1.00e+000  1.80e-014  7.74e-081  8.10e-082  3.29e-087  2.06e-014  1.03e-016  2.36e-016  1.94e-017  1.54e-019  
1.19176e+017 3.03e-006  1.00e+000  1.69e-014  6.07e-086  6.20e-087  0.00e+000  5.61e-014  1.01e-016  6.37e-016  6.50e-017  1.51e-019  
1.32448e+017 2.95e-006  1.00e+000  1.60e-014  0.00e+000  0.00e+000  0.00e+000  1.23e-013  9.97e-017  1.38e-015  1.12e-016  1.49e-019  
