! 0       HCO + H2 -> CO + H + H2
! 1       H + HCO -> CO + H2
! 2       OH + HCO -> CO + H2O
! 3       CH3 + HCO -> CO + CH4
! 4       HCO + GRAIN -> *HCO + GRAIN
! 5       O + HCO -> CO + OH
! 6       O + HCO -> CO2 + H
! 7       N + HCO -> HCN + O
! 8       N + HCO -> OCN + H
! 9       CH3O + HCO -> CH3OH + CO
!            tot_rate   0          1          2          3          4          5          6          7          8          9          
1.58188e+013 4.72e-015  0.00e+000  9.22e-001  1.84e-003  1.41e-005  1.92e-004  2.71e-002  2.71e-002  8.86e-003  5.22e-003  1.63e-006  
3.50727e+014 4.72e-015  0.00e+000  9.22e-001  1.84e-003  1.41e-005  1.92e-004  2.71e-002  2.71e-002  8.86e-003  5.22e-003  1.63e-006  
5.21628e+015 4.72e-015  0.00e+000  9.22e-001  1.84e-003  1.41e-005  1.93e-004  2.71e-002  2.71e-002  8.86e-003  5.22e-003  1.63e-006  
2.67137e+016 4.55e-015  0.00e+000  9.24e-001  1.84e-003  1.41e-005  6.12e-004  2.73e-002  2.73e-002  8.89e-003  5.24e-003  1.65e-006  
3.33598e+016 4.39e-015  0.00e+000  9.25e-001  1.84e-003  1.38e-005  1.10e-003  2.74e-002  2.74e-002  8.89e-003  5.22e-003  1.67e-006  
3.42055e+016 4.32e-015  0.00e+000  9.26e-001  1.84e-003  1.38e-005  8.33e-004  2.73e-002  2.73e-002  8.91e-003  5.23e-003  1.68e-006  
3.44017e+016 4.31e-015  0.00e+000  9.26e-001  1.84e-003  1.38e-005  7.55e-004  2.72e-002  2.72e-002  8.89e-003  5.22e-003  1.68e-006  
3.46353e+016 4.28e-015  0.00e+000  9.26e-001  1.84e-003  1.38e-005  6.64e-004  2.74e-002  2.74e-002  8.91e-003  5.24e-003  1.68e-006  
3.48860e+016 4.24e-015  0.00e+000  9.26e-001  1.84e-003  1.38e-005  5.63e-004  2.73e-002  2.73e-002  8.91e-003  5.23e-003  1.68e-006  
3.51370e+016 4.21e-015  0.00e+000  9.27e-001  1.84e-003  1.37e-005  4.66e-004  2.73e-002  2.73e-002  8.89e-003  5.23e-003  1.68e-006  
3.53250e+016 4.18e-015  0.00e+000  9.27e-001  1.84e-003  1.37e-005  3.95e-004  2.73e-002  2.73e-002  8.91e-003  5.24e-003  1.68e-006  
3.55515e+016 4.13e-015  0.00e+000  9.27e-001  1.84e-003  1.37e-005  3.17e-004  2.73e-002  2.73e-002  8.90e-003  5.25e-003  1.68e-006  
3.57182e+016 4.10e-015  0.00e+000  9.27e-001  1.84e-003  1.38e-005  2.63e-004  2.73e-002  2.73e-002  8.90e-003  5.24e-003  1.68e-006  
3.58524e+016 4.08e-015  0.00e+000  9.27e-001  1.84e-003  1.37e-005  2.25e-004  2.72e-002  2.72e-002  8.90e-003  5.25e-003  1.68e-006  
3.60047e+016 4.04e-015  0.00e+000  9.27e-001  1.84e-003  1.38e-005  1.84e-004  2.72e-002  2.72e-002  8.90e-003  5.24e-003  1.68e-006  
3.61718e+016 4.01e-015  0.00e+000  9.27e-001  1.84e-003  1.38e-005  1.45e-004  2.74e-002  2.74e-002  8.90e-003  5.23e-003  1.68e-006  
3.62899e+016 3.99e-015  0.00e+000  9.27e-001  1.84e-003  1.38e-005  1.21e-004  2.73e-002  2.73e-002  8.90e-003  5.24e-003  1.68e-006  
3.63893e+016 3.97e-015  0.00e+000  9.27e-001  1.84e-003  1.38e-005  1.03e-004  2.72e-002  2.72e-002  8.92e-003  5.24e-003  1.68e-006  
3.64972e+016 3.95e-015  0.00e+000  9.27e-001  1.84e-003  1.38e-005  8.61e-005  2.74e-002  2.74e-002  8.92e-003  5.24e-003  1.68e-006  
3.66124e+016 3.92e-015  0.00e+000  9.27e-001  1.84e-003  1.38e-005  7.08e-005  2.73e-002  2.73e-002  8.92e-003  5.25e-003  1.68e-006  
3.67348e+016 3.90e-015  0.00e+000  9.27e-001  1.84e-003  1.38e-005  5.69e-005  2.74e-002  2.74e-002  8.91e-003  5.25e-003  1.68e-006  
3.68621e+016 3.88e-015  1.09e-074  9.27e-001  1.84e-003  1.38e-005  4.53e-005  2.73e-002  2.73e-002  8.91e-003  5.25e-003  1.68e-006  
3.69700e+016 3.87e-015  1.00e-057  9.27e-001  1.84e-003  1.38e-005  3.72e-005  2.74e-002  2.74e-002  8.91e-003  5.24e-003  1.68e-006  
3.70376e+016 3.86e-015  5.67e-048  9.27e-001  1.84e-003  1.39e-005  3.29e-005  2.75e-002  2.75e-002  8.91e-003  5.23e-003  1.68e-006  
3.71087e+016 3.86e-015  1.17e-038  9.28e-001  1.84e-003  1.39e-005  2.90e-005  2.72e-002  2.72e-002  8.91e-003  5.23e-003  1.68e-006  
3.71826e+016 3.86e-015  3.65e-030  9.28e-001  1.84e-003  1.39e-005  2.54e-005  2.72e-002  2.72e-002  8.89e-003  5.23e-003  1.68e-006  
3.72589e+016 3.86e-015  7.85e-023  9.28e-001  1.84e-003  1.39e-005  2.25e-005  2.72e-002  2.72e-002  8.89e-003  5.23e-003  1.68e-006  
3.73370e+016 3.86e-015  6.97e-017  9.28e-001  1.84e-003  1.40e-005  2.00e-005  2.72e-002  2.72e-002  8.91e-003  5.23e-003  1.68e-006  
3.74165e+016 3.87e-015  2.45e-012  9.27e-001  1.84e-003  1.40e-005  1.79e-005  2.74e-002  2.74e-002  8.91e-003  5.24e-003  1.67e-006  
3.74829e+016 3.89e-015  1.78e-009  9.27e-001  1.84e-003  1.41e-005  1.65e-005  2.72e-002  2.72e-002  8.89e-003  5.24e-003  1.67e-006  
3.75505e+016 3.92e-015  3.29e-007  9.27e-001  1.84e-003  1.42e-005  1.53e-005  2.73e-002  2.73e-002  8.91e-003  5.24e-003  1.67e-006  
3.76194e+016 3.97e-015  2.35e-005  9.27e-001  1.83e-003  1.43e-005  1.44e-005  2.72e-002  2.72e-002  8.89e-003  5.24e-003  1.67e-006  
3.76839e+016 4.09e-015  6.89e-004  9.26e-001  1.82e-003  1.43e-005  1.37e-005  2.71e-002  2.71e-002  8.90e-003  5.23e-003  1.68e-006  
3.76854e+016 4.09e-015  7.38e-004  9.26e-001  1.82e-003  1.44e-005  1.37e-005  2.74e-002  2.74e-002  8.89e-003  5.23e-003  1.68e-006  
3.76877e+016 4.10e-015  8.28e-004  9.26e-001  1.82e-003  1.44e-005  1.37e-005  2.73e-002  2.73e-002  8.89e-003  5.21e-003  1.68e-006  
3.76917e+016 4.12e-015  9.99e-004  9.26e-001  1.82e-003  1.44e-005  1.36e-005  2.72e-002  2.72e-002  8.89e-003  5.22e-003  1.68e-006  
3.76980e+016 4.14e-015  1.35e-003  9.25e-001  1.82e-003  1.44e-005  1.36e-005  2.73e-002  2.73e-002  8.87e-003  5.22e-003  1.68e-006  
3.77083e+016 4.18e-015  2.18e-003  9.24e-001  1.82e-003  1.44e-005  1.35e-005  2.73e-002  2.73e-002  8.89e-003  5.22e-003  1.69e-006  
3.77248e+016 4.26e-015  4.58e-003  9.22e-001  1.82e-003  1.44e-005  1.33e-005  2.72e-002  2.72e-002  8.85e-003  5.21e-003  1.70e-006  
3.77450e+016 4.41e-015  1.08e-002  9.17e-001  1.82e-003  1.44e-005  1.31e-005  2.70e-002  2.70e-002  8.80e-003  5.17e-003  1.72e-006  
3.77655e+016 4.64e-015  2.35e-002  9.05e-001  1.82e-003  1.42e-005  1.28e-005  2.65e-002  2.65e-002  8.68e-003  5.11e-003  1.75e-006  
3.77936e+016 5.06e-015  4.66e-002  8.83e-001  1.85e-003  1.40e-005  1.23e-005  2.59e-002  2.59e-002  8.48e-003  4.98e-003  1.81e-006  
3.78016e+016 5.20e-015  5.65e-002  8.74e-001  1.86e-003  1.39e-005  1.22e-005  2.56e-002  2.56e-002  8.40e-003  4.94e-003  1.83e-006  
3.78111e+016 5.41e-015  7.04e-002  8.61e-001  1.87e-003  1.38e-005  1.20e-005  2.53e-002  2.53e-002  8.28e-003  4.86e-003  1.84e-006  
3.78273e+016 5.85e-015  1.01e-001  8.32e-001  1.90e-003  1.34e-005  1.15e-005  2.44e-002  2.44e-002  8.00e-003  4.70e-003  1.86e-006  
3.78530e+016 6.88e-015  1.73e-001  7.66e-001  1.90e-003  1.25e-005  1.05e-005  2.22e-002  2.22e-002  7.34e-003  4.32e-003  1.86e-006  
3.78818e+016 8.83e-015  2.89e-001  6.59e-001  1.90e-003  1.10e-005  8.94e-006  1.90e-002  1.90e-002  6.31e-003  3.71e-003  1.78e-006  
3.79076e+016 1.19e-014  4.16e-001  5.41e-001  1.86e-003  9.33e-006  7.30e-006  1.55e-002  1.55e-002  5.17e-003  3.04e-003  1.62e-006  
3.79253e+016 1.52e-014  5.07e-001  4.56e-001  1.81e-003  8.11e-006  6.14e-006  1.30e-002  1.30e-002  4.36e-003  2.56e-003  1.48e-006  
3.79502e+016 2.25e-014  6.28e-001  3.45e-001  1.69e-003  6.50e-006  4.63e-006  9.66e-003  9.66e-003  3.29e-003  1.94e-003  1.26e-006  
3.79755e+016 3.48e-014  7.29e-001  2.51e-001  1.56e-003  5.14e-006  3.36e-006  6.86e-003  6.86e-003  2.39e-003  1.41e-003  1.02e-006  
3.79897e+016 4.51e-014  7.75e-001  2.08e-001  1.48e-003  4.52e-006  2.77e-006  5.58e-003  5.58e-003  1.98e-003  1.16e-003  9.02e-007  
3.79918e+016 4.70e-014  7.82e-001  2.02e-001  1.47e-003  4.43e-006  2.70e-006  5.41e-003  5.41e-003  1.92e-003  1.13e-003  8.86e-007  
3.79956e+016 5.03e-014  7.92e-001  1.93e-001  1.44e-003  4.30e-006  2.57e-006  5.13e-003  5.13e-003  1.83e-003  1.08e-003  8.56e-007  
3.80017e+016 5.63e-014  8.08e-001  1.77e-001  1.41e-003  4.09e-006  2.36e-006  4.67e-003  4.67e-003  1.69e-003  9.91e-004  8.08e-007  
3.80129e+016 6.91e-014  8.34e-001  1.53e-001  1.35e-003  3.73e-006  2.04e-006  3.96e-003  3.96e-003  1.45e-003  8.53e-004  7.26e-007  
3.80319e+016 9.84e-014  8.72e-001  1.19e-001  1.24e-003  3.24e-006  1.57e-006  2.96e-003  2.96e-003  1.13e-003  6.61e-004  5.99e-007  
3.80578e+016 1.60e-013  9.09e-001  8.46e-002  1.08e-003  2.76e-006  1.12e-006  1.96e-003  1.96e-003  7.90e-004  4.66e-004  4.48e-007  
3.80629e+016 1.74e-013  9.14e-001  7.99e-002  1.06e-003  2.70e-006  1.05e-006  1.81e-003  1.81e-003  7.47e-004  4.39e-004  4.25e-007  
3.80713e+016 2.02e-013  9.23e-001  7.19e-002  1.02e-003  2.61e-006  9.47e-007  1.59e-003  1.59e-003  6.70e-004  3.95e-004  3.86e-007  
3.80859e+016 2.59e-013  9.35e-001  6.06e-002  9.42e-004  2.49e-006  7.96e-007  1.26e-003  1.26e-003  5.64e-004  3.31e-004  3.25e-007  
3.81083e+016 3.79e-013  9.50e-001  4.67e-002  8.15e-004  2.35e-006  6.09e-007  8.65e-004  8.65e-004  4.30e-004  2.52e-004  2.43e-007  
3.81265e+016 5.10e-013  9.59e-001  3.82e-002  7.14e-004  2.33e-006  4.94e-007  6.30e-004  6.30e-004  3.47e-004  2.04e-004  1.89e-007  
3.81480e+016 6.99e-013  9.67e-001  3.10e-002  6.05e-004  2.45e-006  3.98e-007  4.32e-004  4.32e-004  2.79e-004  1.63e-004  1.42e-007  
3.81769e+016 1.06e-012  9.75e-001  2.36e-002  4.53e-004  2.90e-006  2.97e-007  2.44e-004  2.44e-004  2.06e-004  1.21e-004  9.56e-008  
3.81836e+016 1.16e-012  9.77e-001  2.21e-002  4.19e-004  3.09e-006  2.78e-007  2.13e-004  2.13e-004  1.93e-004  1.13e-004  8.82e-008  
3.81952e+016 1.34e-012  9.79e-001  2.00e-002  3.66e-004  3.54e-006  2.51e-007  1.66e-004  1.66e-004  1.73e-004  1.02e-004  7.70e-008  
3.82149e+016 1.70e-012  9.82e-001  1.70e-002  2.79e-004  4.71e-006  2.11e-007  1.05e-004  1.05e-004  1.45e-004  8.47e-005  6.29e-008  
3.82433e+016 2.32e-012  9.86e-001  1.36e-002  1.75e-004  7.92e-006  1.67e-007  4.95e-005  4.95e-005  1.13e-004  6.63e-005  5.08e-008  
3.82740e+016 3.11e-012  9.89e-001  1.09e-002  9.28e-005  1.43e-005  1.33e-007  1.92e-005  1.92e-005  8.76e-005  5.14e-005  4.43e-008  
3.83054e+016 4.02e-012  9.91e-001  8.79e-003  4.13e-005  2.48e-005  1.08e-007  5.95e-006  5.95e-006  6.85e-005  4.03e-005  4.11e-008  
3.83376e+016 5.00e-012  9.93e-001  7.22e-003  1.58e-005  3.74e-005  8.93e-008  1.41e-006  1.41e-006  5.38e-005  3.16e-005  3.86e-008  
3.83751e+016 6.29e-012  9.94e-001  5.88e-003  5.55e-006  4.58e-005  7.33e-008  1.81e-007  1.81e-007  4.04e-005  2.37e-005  3.32e-008  
3.84132e+016 8.05e-012  9.95e-001  4.89e-003  3.83e-006  4.35e-005  6.17e-008  1.89e-008  1.89e-008  2.96e-005  1.74e-005  2.32e-008  
3.84531e+016 1.12e-011  9.96e-001  4.15e-003  4.69e-006  4.03e-005  5.29e-008  5.71e-009  5.71e-009  2.05e-005  1.21e-005  1.22e-008  
3.84962e+016 1.86e-011  9.96e-001  3.54e-003  5.76e-006  4.24e-005  4.56e-008  4.39e-009  4.39e-009  1.33e-005  7.81e-006  4.86e-009  
3.85449e+016 3.66e-011  9.97e-001  3.09e-003  5.19e-006  4.78e-005  3.99e-008  3.77e-009  3.77e-009  8.38e-006  4.94e-006  1.56e-009  
3.85990e+016 7.39e-011  9.97e-001  2.71e-003  2.62e-006  5.14e-005  3.53e-008  3.50e-009  3.50e-009  5.17e-006  3.04e-006  2.68e-010  
3.86597e+016 1.22e-010  9.97e-001  2.43e-003  1.03e-006  5.67e-005  3.19e-008  3.91e-009  3.91e-009  3.11e-006  1.82e-006  1.15e-011  
3.87288e+016 1.42e-010  9.98e-001  2.23e-003  9.63e-007  6.86e-005  2.91e-008  5.63e-009  5.63e-009  1.81e-006  1.06e-006  1.10e-012  
3.88139e+016 9.19e-011  9.98e-001  2.13e-003  1.32e-006  8.38e-005  2.69e-008  8.88e-009  8.88e-009  1.05e-006  6.19e-007  7.69e-013  
3.89093e+016 2.31e-011  9.98e-001  2.18e-003  1.96e-006  9.24e-005  2.56e-008  1.39e-008  1.39e-008  8.76e-007  5.16e-007  5.81e-013  
3.90068e+016 2.15e-012  9.97e-001  2.40e-003  2.84e-006  9.14e-005  2.48e-008  2.05e-008  2.05e-008  1.29e-006  7.55e-007  4.51e-013  
3.91088e+016 3.78e-013  9.97e-001  2.83e-003  3.94e-006  8.38e-005  2.45e-008  2.83e-008  2.83e-008  2.31e-006  1.36e-006  3.57e-013  
3.92181e+016 4.19e-013  9.96e-001  3.56e-003  5.26e-006  7.36e-005  2.46e-008  3.73e-008  3.73e-008  3.97e-006  2.33e-006  2.91e-013  
3.93325e+016 4.73e-013  9.95e-001  4.63e-003  6.66e-006  6.40e-005  2.49e-008  4.59e-008  4.59e-008  6.02e-006  3.55e-006  2.43e-013  
3.94519e+016 5.00e-013  9.94e-001  6.12e-003  8.04e-006  5.60e-005  2.56e-008  5.32e-008  5.32e-008  8.24e-006  4.84e-006  2.10e-013  
3.95803e+016 5.01e-013  9.92e-001  8.10e-003  9.30e-006  5.01e-005  2.65e-008  5.81e-008  5.81e-008  1.03e-005  6.09e-006  1.85e-013  
3.97190e+016 4.81e-013  9.89e-001  1.06e-002  1.03e-005  4.61e-005  2.78e-008  5.96e-008  5.96e-008  1.20e-005  7.09e-006  1.66e-013  
3.98699e+016 4.44e-013  9.86e-001  1.37e-002  1.10e-005  4.44e-005  2.95e-008  5.76e-008  5.76e-008  1.31e-005  7.72e-006  1.50e-013  
4.00514e+016 3.91e-013  9.82e-001  1.77e-002  1.13e-005  4.48e-005  3.20e-008  5.17e-008  5.17e-008  1.35e-005  7.90e-006  1.35e-013  
4.02549e+016 3.31e-013  9.78e-001  2.21e-002  1.12e-005  4.68e-005  3.50e-008  4.29e-008  4.29e-008  1.29e-005  7.54e-006  1.19e-013  
4.04761e+016 2.71e-013  9.73e-001  2.68e-002  1.08e-005  5.12e-005  3.91e-008  3.35e-008  3.35e-008  1.15e-005  6.78e-006  1.02e-013  
4.07070e+016 2.17e-013  9.68e-001  3.15e-002  1.03e-005  5.72e-005  4.41e-008  2.52e-008  2.52e-008  9.73e-006  5.72e-006  8.62e-014  
4.09451e+016 1.70e-013  9.64e-001  3.60e-002  9.76e-006  6.46e-005  5.00e-008  1.86e-008  1.86e-008  7.82e-006  4.60e-006  7.11e-014  
4.11988e+016 1.30e-013  9.59e-001  4.07e-002  9.21e-006  7.44e-005  5.75e-008  1.35e-008  1.35e-008  5.85e-006  3.44e-006  5.68e-014  
4.14624e+016 9.89e-014  9.54e-001  4.56e-002  8.79e-006  8.46e-005  6.68e-008  9.79e-009  9.79e-009  3.97e-006  2.34e-006  4.43e-014  
4.17462e+016 7.42e-014  9.49e-001  5.10e-002  8.63e-006  9.50e-005  7.91e-008  7.31e-009  7.31e-009  2.36e-006  1.39e-006  3.36e-014  
4.20512e+016 5.60e-014  9.42e-001  5.75e-002  8.78e-006  1.03e-004  9.60e-008  5.82e-009  5.82e-009  1.17e-006  6.85e-007  2.45e-014  
4.23867e+016 4.31e-014  9.34e-001  6.56e-002  9.39e-006  1.07e-004  1.20e-007  5.15e-009  5.15e-009  4.40e-007  2.60e-007  1.74e-014  
4.27356e+016 3.52e-014  9.24e-001  7.62e-002  1.05e-005  1.05e-004  1.55e-007  5.17e-009  5.17e-009  1.28e-007  7.56e-008  1.28e-014  
4.30994e+016 3.08e-014  9.10e-001  9.00e-002  1.22e-005  9.98e-005  2.05e-007  6.89e-009  6.89e-009  3.06e-008  1.80e-008  1.06e-014  
4.34671e+016 2.93e-014  8.92e-001  1.08e-001  1.46e-005  9.84e-005  2.77e-007  1.10e-008  1.10e-008  7.65e-009  4.51e-009  1.10e-014  
4.38104e+016 2.77e-014  8.69e-001  1.31e-001  1.42e-005  1.05e-004  3.75e-007  1.45e-008  1.45e-008  2.71e-009  1.59e-009  1.48e-014  
4.41007e+016 2.57e-014  8.44e-001  1.56e-001  1.21e-005  1.18e-004  4.94e-007  1.62e-008  1.62e-008  2.16e-009  1.27e-009  2.34e-014  
4.42181e+016 2.50e-014  8.31e-001  1.69e-001  1.13e-005  1.26e-004  5.55e-007  1.71e-008  1.71e-008  2.17e-009  1.27e-009  2.92e-014  
4.42811e+016 2.47e-014  8.21e-001  1.78e-001  1.12e-005  1.33e-004  5.99e-007  1.86e-008  1.86e-008  2.21e-009  1.29e-009  3.48e-014  
4.43809e+016 2.47e-014  8.13e-001  1.87e-001  1.12e-005  1.38e-004  6.51e-007  1.91e-008  1.91e-008  2.21e-009  1.30e-009  4.09e-014  
4.45030e+016 2.45e-014  7.99e-001  2.01e-001  1.10e-005  1.48e-004  7.26e-007  1.92e-008  1.92e-008  2.30e-009  1.35e-009  4.93e-014  
4.45401e+016 2.38e-014  7.85e-001  2.15e-001  1.10e-005  1.58e-004  7.89e-007  1.95e-008  1.95e-008  2.45e-009  1.44e-009  5.58e-014  
4.45998e+016 2.39e-014  7.74e-001  2.26e-001  1.09e-005  1.66e-004  8.45e-007  1.92e-008  1.92e-008  2.57e-009  1.51e-009  6.48e-014  
4.46779e+016 2.40e-014  7.70e-001  2.30e-001  1.08e-005  1.69e-004  8.82e-007  1.91e-008  1.91e-008  2.63e-009  1.55e-009  7.12e-014  
4.48006e+016 2.38e-014  7.52e-001  2.48e-001  1.07e-005  1.82e-004  9.92e-007  1.92e-008  1.92e-008  2.90e-009  1.70e-009  8.49e-014  
4.48529e+016 2.22e-014  7.20e-001  2.80e-001  1.07e-005  2.06e-004  1.14e-006  2.03e-008  2.03e-008  3.35e-009  1.97e-009  1.03e-013  
4.48834e+016 2.30e-014  7.13e-001  2.87e-001  1.03e-005  2.10e-004  1.18e-006  1.90e-008  1.90e-008  3.53e-009  2.07e-009  1.12e-013  
4.49346e+016 2.31e-014  7.14e-001  2.86e-001  1.02e-005  2.10e-004  1.20e-006  1.89e-008  1.89e-008  3.68e-009  2.17e-009  1.18e-013  
4.49870e+016 2.31e-014  7.10e-001  2.90e-001  1.03e-005  2.13e-004  1.23e-006  1.90e-008  1.90e-008  3.87e-009  2.27e-009  1.24e-013  
4.50684e+016 2.29e-014  6.97e-001  3.02e-001  1.02e-005  2.22e-004  1.32e-006  1.90e-008  1.90e-008  4.25e-009  2.50e-009  1.37e-013  
4.51867e+016 2.27e-014  6.73e-001  3.27e-001  9.90e-006  2.40e-004  1.49e-006  1.88e-008  1.88e-008  5.06e-009  2.97e-009  1.62e-013  
4.51946e+016 2.08e-014  6.34e-001  3.66e-001  1.01e-005  2.69e-004  1.67e-006  2.06e-008  2.06e-008  5.71e-009  3.36e-009  1.89e-013  
4.52061e+016 2.15e-014  6.27e-001  3.73e-001  9.38e-006  2.75e-004  1.71e-006  1.91e-008  1.91e-008  5.95e-009  3.48e-009  2.00e-013  
4.52265e+016 2.20e-014  6.27e-001  3.73e-001  9.31e-006  2.75e-004  1.72e-006  1.82e-008  1.82e-008  6.13e-009  3.61e-009  2.05e-013  
4.52632e+016 2.20e-014  6.26e-001  3.73e-001  9.30e-006  2.75e-004  1.75e-006  1.82e-008  1.82e-008  6.49e-009  3.82e-009  2.11e-013  
4.53239e+016 2.21e-014  6.26e-001  3.74e-001  9.29e-006  2.76e-004  1.79e-006  1.81e-008  1.81e-008  7.03e-009  4.14e-009  2.19e-013  
4.54167e+016 2.18e-014  6.10e-001  3.90e-001  9.13e-006  2.88e-004  1.92e-006  1.81e-008  1.81e-008  8.16e-009  4.82e-009  2.43e-013  
4.55446e+016 2.15e-014  5.78e-001  4.22e-001  8.72e-006  3.12e-004  2.17e-006  1.77e-008  1.77e-008  1.03e-008  6.01e-009  2.88e-013  
4.55658e+016 2.09e-014  5.61e-001  4.39e-001  8.82e-006  3.25e-004  2.27e-006  1.81e-008  1.81e-008  1.09e-008  6.42e-009  3.05e-013  
4.55697e+016 1.94e-014  5.20e-001  4.79e-001  8.91e-006  3.55e-004  2.48e-006  1.96e-008  1.96e-008  1.21e-008  7.06e-009  3.48e-013  
4.55761e+016 1.97e-014  5.09e-001  4.91e-001  8.19e-006  3.64e-004  2.55e-006  1.90e-008  1.90e-008  1.25e-008  7.33e-009  3.75e-013  
4.55871e+016 2.03e-014  5.08e-001  4.92e-001  7.84e-006  3.65e-004  2.56e-006  1.75e-008  1.75e-008  1.27e-008  7.50e-009  3.82e-013  
4.56066e+016 2.06e-014  5.10e-001  4.90e-001  7.76e-006  3.65e-004  2.58e-006  1.66e-008  1.66e-008  1.32e-008  7.72e-009  3.88e-013  
4.56410e+016 2.06e-014  5.10e-001  4.90e-001  7.81e-006  3.66e-004  2.61e-006  1.65e-008  1.65e-008  1.39e-008  8.20e-009  3.97e-013  
4.56849e+016 2.06e-014  5.10e-001  4.90e-001  7.81e-006  3.66e-004  2.65e-006  1.65e-008  1.65e-008  1.49e-008  8.78e-009  4.07e-013  
4.57241e+016 2.06e-014  5.05e-001  4.95e-001  7.76e-006  3.68e-004  2.70e-006  1.65e-008  1.65e-008  1.59e-008  9.32e-009  4.17e-013  
4.57850e+016 2.05e-014  4.92e-001  5.07e-001  7.61e-006  3.77e-004  2.82e-006  1.64e-008  1.64e-008  1.76e-008  1.04e-008  4.44e-013  
4.58802e+016 2.02e-014  4.66e-001  5.33e-001  7.26e-006  3.98e-004  3.07e-006  1.61e-008  1.61e-008  2.10e-008  1.24e-008  5.04e-013  
4.59720e+016 1.99e-014  4.37e-001  5.63e-001  6.88e-006  4.22e-004  3.35e-006  1.56e-008  1.56e-008  2.51e-008  1.48e-008  5.78e-013  
4.59734e+016 1.93e-014  4.18e-001  5.82e-001  7.01e-006  4.37e-004  3.47e-006  1.61e-008  1.61e-008  2.60e-008  1.53e-008  6.02e-013  
4.59759e+016 1.82e-014  3.77e-001  6.22e-001  7.05e-006  4.68e-004  3.71e-006  1.72e-008  1.72e-008  2.80e-008  1.65e-008  6.72e-013  
4.59802e+016 1.81e-014  3.60e-001  6.40e-001  6.45e-006  4.80e-004  3.81e-006  1.73e-008  1.73e-008  2.88e-008  1.70e-008  7.34e-013  
4.59873e+016 1.86e-014  3.59e-001  6.40e-001  5.92e-006  4.81e-004  3.82e-006  1.63e-008  1.63e-008  2.93e-008  1.72e-008  7.64e-013  
4.59993e+016 1.90e-014  3.58e-001  6.41e-001  5.73e-006  4.81e-004  3.84e-006  1.50e-008  1.50e-008  2.97e-008  1.75e-008  7.78e-013  
4.60196e+016 1.92e-014  3.59e-001  6.41e-001  5.73e-006  4.82e-004  3.86e-006  1.42e-008  1.42e-008  3.07e-008  1.81e-008  7.92e-013  
4.60580e+016 1.92e-014  3.59e-001  6.40e-001  5.73e-006  4.84e-004  3.92e-006  1.40e-008  1.40e-008  3.25e-008  1.92e-008  8.12e-013  
4.61139e+016 1.92e-014  3.59e-001  6.41e-001  5.73e-006  4.85e-004  4.01e-006  1.40e-008  1.40e-008  3.53e-008  2.08e-008  8.39e-013  
4.61801e+016 1.92e-014  3.48e-001  6.52e-001  5.58e-006  4.93e-004  4.15e-006  1.39e-008  1.39e-008  3.91e-008  2.30e-008  8.92e-013  
4.62829e+016 1.90e-014  3.21e-001  6.79e-001  5.17e-006  5.14e-004  4.47e-006  1.34e-008  1.34e-008  4.64e-008  2.73e-008  1.02e-012  
4.63958e+016 1.86e-014  2.86e-001  7.14e-001  4.66e-006  5.47e-004  4.91e-006  1.28e-008  1.28e-008  5.64e-008  3.31e-008  1.22e-012  
4.64165e+016 1.85e-014  2.74e-001  7.25e-001  4.58e-006  5.52e-004  5.02e-006  1.27e-008  1.27e-008  5.85e-008  3.45e-008  1.28e-012  
4.64187e+016 1.76e-014  2.39e-001  7.60e-001  4.63e-006  5.84e-004  5.27e-006  1.34e-008  1.34e-008  6.18e-008  3.63e-008  1.37e-012  
4.64224e+016 1.72e-014  2.09e-001  7.90e-001  4.28e-006  6.04e-004  5.47e-006  1.38e-008  1.38e-008  6.45e-008  3.78e-008  1.50e-012  
4.64286e+016 1.74e-014  2.01e-001  7.98e-001  3.72e-006  6.09e-004  5.53e-006  1.37e-008  1.37e-008  6.55e-008  3.84e-008  1.63e-012  
4.64396e+016 1.77e-014  2.01e-001  7.98e-001  3.41e-006  6.11e-004  5.56e-006  1.29e-008  1.29e-008  6.62e-008  3.91e-008  1.72e-012  
4.64596e+016 1.79e-014  2.01e-001  7.99e-001  3.33e-006  6.14e-004  5.59e-006  1.19e-008  1.19e-008  6.82e-008  4.01e-008  1.77e-012  
4.64933e+016 1.80e-014  2.00e-001  7.99e-001  3.32e-006  6.10e-004  5.66e-006  1.13e-008  1.13e-008  7.10e-008  4.17e-008  1.82e-012  
4.65501e+016 1.80e-014  2.01e-001  7.99e-001  3.33e-006  6.16e-004  5.77e-006  1.11e-008  1.11e-008  7.65e-008  4.49e-008  1.91e-012  
4.66259e+016 1.81e-014  1.93e-001  8.06e-001  3.22e-006  6.24e-004  5.96e-006  1.11e-008  1.11e-008  8.39e-008  4.94e-008  2.05e-012  
4.67450e+016 1.80e-014  1.69e-001  8.30e-001  2.87e-006  6.46e-004  6.41e-006  1.09e-008  1.09e-008  9.97e-008  5.85e-008  2.44e-012  
4.68726e+016 1.78e-014  1.39e-001  8.60e-001  2.38e-006  6.75e-004  6.97e-006  1.06e-008  1.06e-008  1.19e-007  6.97e-008  3.01e-012  
4.69009e+016 1.78e-014  1.32e-001  8.67e-001  2.28e-006  6.82e-004  7.10e-006  1.05e-008  1.05e-008  1.23e-007  7.27e-008  3.17e-012  
4.69024e+016 1.76e-014  1.26e-001  8.73e-001  2.27e-006  6.86e-004  7.15e-006  1.06e-008  1.06e-008  1.24e-007  7.32e-008  3.20e-012  
4.69048e+016 1.73e-014  1.11e-001  8.88e-001  2.23e-006  6.98e-004  7.27e-006  1.08e-008  1.08e-008  1.27e-007  7.44e-008  3.30e-012  
4.69090e+016 1.71e-014  9.40e-002  9.05e-001  2.04e-006  7.07e-004  7.36e-006  1.10e-008  1.10e-008  1.29e-007  7.59e-008  3.46e-012  
4.69160e+016 1.70e-014  8.07e-002  9.19e-001  1.73e-006  7.18e-004  7.48e-006  1.14e-008  1.14e-008  1.32e-007  7.77e-008  3.73e-012  
4.69279e+016 1.69e-014  7.80e-002  9.21e-001  1.46e-006  7.21e-004  7.56e-006  1.16e-008  1.16e-008  1.35e-007  7.91e-008  4.02e-012  
4.69476e+016 1.70e-014  7.80e-002  9.21e-001  1.37e-006  7.22e-004  7.63e-006  1.15e-008  1.15e-008  1.38e-007  8.10e-008  4.22e-012  
4.69806e+016 1.73e-014  7.77e-002  9.22e-001  1.36e-006  7.25e-004  7.65e-006  1.14e-008  1.14e-008  1.42e-007  8.35e-008  4.41e-012  
4.70337e+016 1.74e-014  7.78e-002  9.21e-001  1.36e-006  7.26e-004  7.83e-006  1.13e-008  1.13e-008  1.51e-007  8.87e-008  4.71e-012  
4.70622e+016 1.75e-014  7.73e-002  9.22e-001  1.36e-006  7.27e-004  7.96e-006  1.12e-008  1.12e-008  1.56e-007  9.16e-008  4.86e-012  
4.71061e+016 1.75e-014  7.48e-002  9.24e-001  1.32e-006  7.30e-004  8.05e-006  1.12e-008  1.12e-008  1.63e-007  9.59e-008  5.11e-012  
4.71746e+016 1.74e-014  6.84e-002  9.31e-001  1.22e-006  7.35e-004  8.33e-006  1.14e-008  1.14e-008  1.77e-007  1.04e-007  5.60e-012  
4.72860e+016 1.72e-014  5.56e-002  9.44e-001  1.01e-006  7.51e-004  8.74e-006  1.19e-008  1.19e-008  2.00e-007  1.18e-007  6.58e-012  
4.74240e+016 1.69e-014  4.04e-002  9.59e-001  7.52e-007  7.69e-004  9.35e-006  1.34e-008  1.34e-008  2.34e-007  1.37e-007  7.99e-012  
4.74305e+016 1.69e-014  3.97e-002  9.59e-001  7.46e-007  7.70e-004  9.36e-006  1.35e-008  1.35e-008  2.35e-007  1.39e-007  8.05e-012  
4.74313e+016 1.69e-014  3.96e-002  9.60e-001  7.40e-007  7.70e-004  9.36e-006  1.35e-008  1.35e-008  2.36e-007  1.39e-007  8.12e-012  
4.74348e+016 1.69e-014  3.81e-002  9.61e-001  7.36e-007  7.71e-004  9.37e-006  1.36e-008  1.36e-008  2.37e-007  1.39e-007  8.13e-012  
4.74406e+016 1.68e-014  3.40e-002  9.65e-001  7.03e-007  7.75e-004  9.41e-006  1.38e-008  1.38e-008  2.38e-007  1.40e-007  8.22e-012  
4.74503e+016 1.65e-014  2.79e-002  9.71e-001  6.19e-007  7.83e-004  9.53e-006  1.43e-008  1.43e-008  2.43e-007  1.43e-007  8.44e-012  
4.74676e+016 1.62e-014  2.16e-002  9.78e-001  4.86e-007  7.86e-004  9.65e-006  1.53e-008  1.53e-008  2.48e-007  1.46e-007  8.60e-012  
4.74972e+016 1.60e-014  1.80e-002  9.81e-001  3.79e-007  7.87e-004  9.75e-006  1.72e-008  1.72e-008  2.56e-007  1.51e-007  8.81e-012  
4.75283e+016 1.61e-014  1.73e-002  9.82e-001  3.51e-007  7.89e-004  9.88e-006  1.88e-008  1.88e-008  2.65e-007  1.56e-007  9.20e-012  
4.75365e+016 1.62e-014  1.72e-002  9.82e-001  3.48e-007  7.91e-004  9.88e-006  1.91e-008  1.91e-008  2.66e-007  1.57e-007  9.26e-012  
4.75556e+016 1.63e-014  1.71e-002  9.82e-001  3.45e-007  7.92e-004  9.94e-006  1.99e-008  1.99e-008  2.72e-007  1.60e-007  9.58e-012  
4.75856e+016 1.66e-014  1.69e-002  9.82e-001  3.42e-007  7.89e-004  1.00e-005  2.07e-008  2.07e-008  2.78e-007  1.64e-007  9.94e-012  
4.76342e+016 1.69e-014  1.63e-002  9.83e-001  3.33e-007  7.93e-004  1.02e-005  2.18e-008  2.18e-008  2.92e-007  1.72e-007  1.07e-011  
4.77120e+016 1.73e-014  1.43e-002  9.85e-001  3.01e-007  7.94e-004  1.05e-005  2.33e-008  2.33e-008  3.15e-007  1.85e-007  1.18e-011  
4.78339e+016 1.77e-014  1.05e-002  9.89e-001  2.37e-007  8.02e-004  1.10e-005  2.64e-008  2.64e-008  3.54e-007  2.08e-007  1.34e-011  
4.79819e+016 1.85e-014  6.42e-003  9.93e-001  1.67e-007  8.09e-004  1.16e-005  3.25e-008  3.25e-008  4.04e-007  2.37e-007  1.52e-011  
4.80101e+016 1.87e-014  5.82e-003  9.93e-001  1.56e-007  8.06e-004  1.17e-005  3.40e-008  3.40e-008  4.14e-007  2.44e-007  1.55e-011  
4.80156e+016 1.87e-014  5.66e-003  9.93e-001  1.55e-007  8.12e-004  1.18e-005  3.44e-008  3.44e-008  4.17e-007  2.45e-007  1.56e-011  
4.80288e+016 1.88e-014  5.31e-003  9.94e-001  1.50e-007  8.08e-004  1.18e-005  3.51e-008  3.51e-008  4.21e-007  2.48e-007  1.57e-011  
4.80511e+016 1.89e-014  4.75e-003  9.94e-001  1.41e-007  8.15e-004  1.19e-005  3.65e-008  3.65e-008  4.30e-007  2.53e-007  1.59e-011  
4.80875e+016 1.91e-014  3.89e-003  9.95e-001  1.27e-007  8.12e-004  1.20e-005  3.92e-008  3.92e-008  4.44e-007  2.61e-007  1.61e-011  
4.81463e+016 1.96e-014  2.89e-003  9.96e-001  1.11e-007  8.17e-004  1.23e-005  4.41e-008  4.41e-008  4.67e-007  2.75e-007  1.66e-011  
4.82445e+016 2.11e-014  1.89e-003  9.97e-001  9.64e-008  8.17e-004  1.27e-005  5.32e-008  5.32e-008  5.08e-007  2.98e-007  1.76e-011  
4.83636e+016 2.35e-014  1.14e-003  9.98e-001  8.96e-008  8.20e-004  1.32e-005  6.63e-008  6.63e-008  5.56e-007  3.27e-007  1.93e-011  
4.84912e+016 2.68e-014  6.18e-004  9.99e-001  8.98e-008  8.20e-004  1.38e-005  8.20e-008  8.20e-008  6.15e-007  3.61e-007  2.13e-011  
4.86294e+016 3.15e-014  2.90e-004  9.99e-001  9.80e-008  8.21e-004  1.44e-005  1.03e-007  1.03e-007  6.79e-007  4.00e-007  2.39e-011  
4.87591e+016 3.73e-014  1.30e-004  9.99e-001  1.14e-007  8.22e-004  1.50e-005  1.26e-007  1.26e-007  7.42e-007  4.37e-007  2.71e-011  
4.88968e+016 4.54e-014  5.02e-005  9.99e-001  1.41e-007  8.23e-004  1.57e-005  1.55e-007  1.55e-007  8.12e-007  4.78e-007  3.17e-011  
4.90444e+016 5.72e-014  1.57e-005  9.99e-001  1.84e-007  8.21e-004  1.64e-005  1.91e-007  1.91e-007  8.89e-007  5.23e-007  3.90e-011  
4.91980e+016 7.44e-014  4.01e-006  9.99e-001  2.51e-007  8.20e-004  1.72e-005  2.30e-007  2.30e-007  9.71e-007  5.72e-007  5.12e-011  
4.93317e+016 9.55e-014  1.03e-006  9.99e-001  3.36e-007  8.21e-004  1.79e-005  2.67e-007  2.67e-007  1.05e-006  6.15e-007  6.82e-011  
4.94239e+016 1.15e-013  3.68e-007  9.99e-001  4.14e-007  8.21e-004  1.84e-005  2.94e-007  2.94e-007  1.09e-006  6.46e-007  8.49e-011  
4.95192e+016 1.41e-013  1.13e-007  9.99e-001  5.15e-007  8.15e-004  1.88e-005  3.20e-007  3.20e-007  1.15e-006  6.75e-007  1.08e-010  
4.96202e+016 1.75e-013  3.00e-008  9.99e-001  6.51e-007  8.22e-004  1.95e-005  3.51e-007  3.51e-007  1.21e-006  7.14e-007  1.41e-010  
4.97297e+016 2.25e-013  6.22e-009  9.99e-001  8.30e-007  8.17e-004  2.00e-005  3.83e-007  3.83e-007  1.27e-006  7.46e-007  1.90e-010  
4.98461e+016 2.94e-013  9.65e-010  9.99e-001  1.07e-006  8.19e-004  2.07e-005  4.18e-007  4.18e-007  1.34e-006  7.88e-007  2.64e-010  
4.99670e+016 3.90e-013  1.15e-010  9.99e-001  1.37e-006  8.20e-004  2.14e-005  4.53e-007  4.53e-007  1.40e-006  8.22e-007  3.71e-010  
5.00936e+016 5.23e-013  9.32e-012  9.99e-001  1.73e-006  8.18e-004  2.20e-005  4.91e-007  4.91e-007  1.43e-006  8.41e-007  5.31e-010  
5.02240e+016 7.02e-013  5.10e-013  9.99e-001  2.15e-006  8.18e-004  2.27e-005  5.30e-007  5.30e-007  1.44e-006  8.49e-007  7.68e-010  
5.03584e+016 9.37e-013  1.83e-014  9.99e-001  2.62e-006  8.17e-004  2.34e-005  5.69e-007  5.69e-007  1.45e-006  8.51e-007  1.12e-009  
5.05026e+016 1.25e-012  3.01e-016  9.99e-001  3.15e-006  8.15e-004  2.40e-005  6.09e-007  6.09e-007  1.45e-006  8.47e-007  1.66e-009  
5.05959e+016 1.48e-012  1.98e-017  9.99e-001  3.52e-006  8.17e-004  2.46e-005  6.37e-007  6.37e-007  1.45e-006  8.51e-007  2.13e-009  
5.06957e+016 1.76e-012  9.37e-019  9.99e-001  3.92e-006  8.17e-004  2.52e-005  6.64e-007  6.64e-007  1.45e-006  8.52e-007  2.76e-009  
5.07988e+016 2.09e-012  3.46e-020  9.99e-001  4.32e-006  8.13e-004  2.57e-005  6.93e-007  6.93e-007  1.44e-006  8.51e-007  3.58e-009  
5.09058e+016 2.46e-012  1.19e-021  9.99e-001  4.75e-006  8.16e-004  2.64e-005  7.23e-007  7.23e-007  1.45e-006  8.53e-007  4.67e-009  
5.10237e+016 2.93e-012  2.42e-023  9.99e-001  5.25e-006  8.15e-004  2.71e-005  7.54e-007  7.54e-007  1.45e-006  8.53e-007  6.14e-009  
5.11496e+016 3.48e-012  3.50e-025  9.99e-001  5.80e-006  8.15e-004  2.79e-005  7.90e-007  7.90e-007  1.45e-006  8.53e-007  8.27e-009  
5.12843e+016 4.17e-012  3.79e-027  9.99e-001  6.37e-006  8.15e-004  2.88e-005  8.22e-007  8.22e-007  1.45e-006  8.53e-007  1.12e-008  
5.14296e+016 5.05e-012  2.24e-029  9.99e-001  7.00e-006  8.13e-004  2.97e-005  8.59e-007  8.59e-007  1.45e-006  8.53e-007  1.57e-008  
5.15425e+016 5.84e-012  4.94e-031  9.99e-001  7.51e-006  8.12e-004  3.03e-005  8.84e-007  8.84e-007  1.45e-006  8.52e-007  2.02e-008  
5.16792e+016 6.88e-012  5.03e-033  9.99e-001  8.13e-006  8.13e-004  3.13e-005  9.18e-007  9.18e-007  1.45e-006  8.52e-007  2.71e-008  
5.18319e+016 8.19e-012  2.42e-035  9.99e-001  8.83e-006  8.12e-004  3.22e-005  9.51e-007  9.51e-007  1.45e-006  8.53e-007  3.71e-008  
5.19950e+016 9.74e-012  4.09e-038  9.99e-001  9.59e-006  8.11e-004  3.34e-005  9.87e-007  9.87e-007  1.45e-006  8.53e-007  5.25e-008  
5.21655e+016 1.15e-011  8.77e-041  9.99e-001  1.04e-005  8.11e-004  3.46e-005  1.03e-006  1.03e-006  1.45e-006  8.53e-007  7.43e-008  
5.23457e+016 1.36e-011  1.10e-043  9.99e-001  1.12e-005  8.08e-004  3.56e-005  1.05e-006  1.05e-006  1.45e-006  8.52e-007  1.04e-007  
5.25384e+016 1.59e-011  1.82e-046  9.99e-001  1.23e-005  8.11e-004  3.72e-005  1.09e-006  1.09e-006  1.45e-006  8.55e-007  1.47e-007  
5.27451e+016 1.87e-011  1.34e-049  9.99e-001  1.33e-005  8.07e-004  3.85e-005  1.12e-006  1.12e-006  1.44e-006  8.50e-007  2.06e-007  
5.29668e+016 2.18e-011  1.63e-052  9.99e-001  1.43e-005  8.07e-004  4.00e-005  1.15e-006  1.15e-006  1.44e-006  8.48e-007  2.89e-007  
5.31993e+016 2.52e-011  8.13e-056  9.99e-001  1.56e-005  8.09e-004  4.16e-005  1.19e-006  1.19e-006  1.44e-006  8.48e-007  4.00e-007  
5.34440e+016 2.90e-011  1.11e-058  9.99e-001  1.68e-005  8.06e-004  4.34e-005  1.21e-006  1.21e-006  1.44e-006  8.44e-007  5.51e-007  
5.36995e+016 3.31e-011  4.89e-062  9.99e-001  1.81e-005  8.06e-004  4.50e-005  1.24e-006  1.24e-006  1.43e-006  8.42e-007  7.46e-007  
5.39765e+016 3.76e-011  6.43e-065  9.99e-001  1.95e-005  8.05e-004  4.70e-005  1.26e-006  1.26e-006  1.42e-006  8.37e-007  1.00e-006  
5.42627e+016 4.23e-011  4.35e-068  9.99e-001  2.08e-005  8.03e-004  4.89e-005  1.28e-006  1.28e-006  1.42e-006  8.34e-007  1.33e-006  
5.45738e+016 4.75e-011  1.70e-071  9.99e-001  2.23e-005  8.01e-004  5.07e-005  1.29e-006  1.29e-006  1.41e-006  8.27e-007  1.75e-006  
5.49079e+016 5.29e-011  1.43e-074  9.99e-001  2.36e-005  8.01e-004  5.29e-005  1.30e-006  1.30e-006  1.39e-006  8.20e-007  2.30e-006  
5.52575e+016 5.84e-011  7.47e-078  9.99e-001  2.50e-005  8.00e-004  5.48e-005  1.31e-006  1.31e-006  1.38e-006  8.12e-007  2.96e-006  
5.56155e+016 6.37e-011  2.06e-081  9.99e-001  2.61e-005  7.98e-004  5.67e-005  1.31e-006  1.31e-006  1.37e-006  8.06e-007  3.75e-006  
5.59918e+016 6.88e-011  2.20e-084  9.99e-001  2.70e-005  7.96e-004  5.86e-005  1.31e-006  1.31e-006  1.36e-006  7.97e-007  4.68e-006  
5.63913e+016 7.36e-011  0.00e+000  9.99e-001  2.79e-005  7.94e-004  6.04e-005  1.31e-006  1.31e-006  1.34e-006  7.91e-007  5.76e-006  
5.68226e+016 7.81e-011  0.00e+000  9.99e-001  2.84e-005  7.92e-004  6.20e-005  1.32e-006  1.32e-006  1.33e-006  7.85e-007  7.06e-006  
5.72780e+016 8.20e-011  0.00e+000  9.99e-001  2.87e-005  7.89e-004  6.33e-005  1.32e-006  1.32e-006  1.33e-006  7.80e-007  8.51e-006  
5.77650e+016 8.51e-011  0.00e+000  9.99e-001  2.86e-005  7.86e-004  6.45e-005  1.33e-006  1.33e-006  1.32e-006  7.78e-007  1.02e-005  
5.82707e+016 8.73e-011  0.00e+000  9.99e-001  2.81e-005  7.84e-004  6.53e-005  1.34e-006  1.34e-006  1.33e-006  7.78e-007  1.19e-005  
5.88124e+016 8.85e-011  0.00e+000  9.99e-001  2.74e-005  7.81e-004  6.60e-005  1.37e-006  1.37e-006  1.33e-006  7.84e-007  1.39e-005  
5.93801e+016 8.87e-011  0.00e+000  9.99e-001  2.64e-005  7.79e-004  6.63e-005  1.40e-006  1.40e-006  1.35e-006  7.95e-007  1.59e-005  
5.99878e+016 8.79e-011  0.00e+000  9.99e-001  2.53e-005  7.77e-004  6.62e-005  1.45e-006  1.45e-006  1.38e-006  8.12e-007  1.81e-005  
6.06254e+016 8.61e-011  0.00e+000  9.99e-001  2.42e-005  7.76e-004  6.60e-005  1.51e-006  1.51e-006  1.43e-006  8.39e-007  2.04e-005  
6.12860e+016 8.36e-011  0.00e+000  9.99e-001  2.31e-005  7.77e-004  6.55e-005  1.58e-006  1.58e-006  1.48e-006  8.72e-007  2.27e-005  
6.19772e+016 8.03e-011  0.00e+000  9.99e-001  2.22e-005  7.79e-004  6.48e-005  1.68e-006  1.68e-006  1.56e-006  9.17e-007  2.52e-005  
6.27006e+016 7.64e-011  0.00e+000  9.99e-001  2.16e-005  7.83e-004  6.42e-005  1.81e-006  1.81e-006  1.66e-006  9.76e-007  2.76e-005  
6.34752e+016 7.20e-011  0.00e+000  9.99e-001  2.14e-005  7.91e-004  6.34e-005  1.96e-006  1.96e-006  1.78e-006  1.05e-006  3.03e-005  
6.43223e+016 6.71e-011  0.00e+000  9.99e-001  2.15e-005  8.01e-004  6.26e-005  2.15e-006  2.15e-006  1.95e-006  1.15e-006  3.33e-005  
6.52408e+016 6.18e-011  0.00e+000  9.99e-001  2.20e-005  8.16e-004  6.19e-005  2.40e-006  2.40e-006  2.15e-006  1.27e-006  3.64e-005  
6.62440e+016 5.62e-011  0.00e+000  9.99e-001  2.33e-005  8.35e-004  6.16e-005  2.71e-006  2.71e-006  2.44e-006  1.43e-006  4.01e-005  
6.73219e+016 5.05e-011  0.00e+000  9.99e-001  2.52e-005  8.62e-004  6.16e-005  3.11e-006  3.11e-006  2.77e-006  1.64e-006  4.40e-005  
6.84641e+016 4.48e-011  0.00e+000  9.99e-001  2.81e-005  8.96e-004  6.20e-005  3.63e-006  3.63e-006  3.23e-006  1.90e-006  4.82e-005  
6.96945e+016 3.94e-011  0.00e+000  9.99e-001  3.19e-005  9.41e-004  6.31e-005  4.28e-006  4.28e-006  3.80e-006  2.24e-006  5.30e-005  
7.10391e+016 3.41e-011  0.00e+000  9.99e-001  3.75e-005  9.96e-004  6.53e-005  5.18e-006  5.18e-006  4.60e-006  2.70e-006  5.86e-005  
7.25155e+016 2.90e-011  0.00e+000  9.99e-001  4.55e-005  1.07e-003  6.89e-005  6.41e-006  6.41e-006  5.65e-006  3.32e-006  6.51e-005  
7.42223e+016 2.40e-011  0.00e+000  9.99e-001  5.78e-005  1.17e-003  7.49e-005  8.20e-006  8.20e-006  7.16e-006  4.20e-006  7.32e-005  
7.63108e+016 1.91e-011  0.00e+000  9.98e-001  7.84e-005  1.31e-003  8.47e-005  1.11e-005  1.11e-005  9.62e-006  5.65e-006  8.36e-005  
7.86896e+016 1.48e-011  0.00e+000  9.98e-001  1.12e-004  1.50e-003  1.00e-004  1.56e-005  1.56e-005  1.34e-005  7.89e-006  9.64e-005  
8.18150e+016 1.07e-011  0.00e+000  9.98e-001  1.79e-004  1.81e-003  1.31e-004  2.43e-005  2.43e-005  2.06e-005  1.21e-005  1.16e-004  
8.55776e+016 7.46e-012  0.00e+000  9.97e-001  3.12e-004  2.29e-003  1.89e-004  4.13e-005  4.13e-005  3.44e-005  2.02e-005  1.42e-004  
9.00548e+016 5.18e-012  0.00e+000  9.96e-001  5.92e-004  3.05e-003  2.99e-004  7.60e-005  7.60e-005  6.19e-005  3.65e-005  1.77e-004  
9.53916e+016 3.74e-012  0.00e+000  9.93e-001  1.24e-003  4.28e-003  5.19e-004  1.52e-004  1.52e-004  1.22e-004  7.17e-005  2.25e-004  
1.01535e+017 2.95e-012  0.00e+000  9.88e-001  2.76e-003  6.16e-003  9.58e-004  3.23e-004  3.23e-004  2.52e-004  1.48e-004  2.83e-004  
1.09249e+017 2.56e-012  0.00e+000  9.79e-001  6.90e-003  9.08e-003  1.91e-003  7.49e-004  7.49e-004  5.65e-004  3.31e-004  3.49e-004  
1.19176e+017 2.38e-012  0.00e+000  9.59e-001  1.81e-002  1.21e-002  3.73e-003  1.72e-003  1.72e-003  1.22e-003  7.19e-004  3.80e-004  
1.32448e+017 2.09e-012  0.00e+000  9.26e-001  4.33e-002  1.14e-002  5.73e-003  3.17e-003  3.17e-003  2.05e-003  1.21e-003  2.88e-004  
