! 0       CH3OCH3 + H2 -> CH3O + CH3 + H2
! 1       CH3OCH3 + GRAIN -> *CH3OCH3 + GRAIN
! 2       CH3OCH3 + H3O+ -> H2O + CH3OCH4+
! 3       CH3OCH3 + H -> CH3OCH2 + H2
! 4       CH3OCH3 + H3+ -> H2 + CH3OCH4+
! 5       CH3OCH3 + OH -> CH3OCH2 + H2O
! 6      CH3OCH3 + He+ -> H2CO + He + H + CH3+
! 7       CH3OCH3 + CRPhoton -> H2CO + CH4
! 8       CH3OCH3 + HCO+ -> CO + CH3OCH4+
! 9       CH3OCH3 + CRPhoton -> CH3OCH3+ + e-
! 10      CH3OCH3 + C+ -> C + CH3OCH3+
! 11      CH3OCH3 + H+ -> H + CH3OCH3+
! 12      CH3OCH3 + O -> CH3OCH2 + OH
!            tot_rate   0          1          2          3          4          5          6          7          8          9          10         11         12         
1.58188e+013 7.66e-021  0.00e+000  1.32e-002  1.29e-001  1.12e-040  1.54e-001  2.17e-003  5.42e-002  9.36e-003  2.95e-001  6.11e-003  3.00e-001  3.00e-002  9.76e-049  
3.50727e+014 7.66e-021  0.00e+000  1.32e-002  1.29e-001  1.12e-040  1.54e-001  2.17e-003  5.42e-002  9.36e-003  2.95e-001  6.11e-003  3.00e-001  3.00e-002  9.76e-049  
5.21628e+015 7.66e-021  0.00e+000  1.33e-002  1.28e-001  1.13e-040  1.54e-001  2.17e-003  5.42e-002  9.37e-003  2.95e-001  6.11e-003  3.00e-001  3.00e-002  9.76e-049  
2.67137e+016 4.34e-021  0.00e+000  9.12e-002  1.00e-001  2.20e-040  1.95e-001  3.85e-003  5.81e-002  1.66e-002  2.18e-001  1.08e-002  2.60e-001  4.10e-002  1.97e-048  
3.33598e+016 2.35e-021  0.00e+000  3.10e-001  5.75e-002  2.75e-039  1.30e-001  7.15e-003  2.84e-002  3.08e-002  1.45e-001  2.01e-002  2.33e-001  3.33e-002  4.85e-047  
3.42055e+016 1.99e-021  0.00e+000  2.78e-001  5.24e-002  1.90e-038  1.18e-001  8.46e-003  2.45e-002  3.64e-002  1.36e-001  2.38e-002  2.81e-001  3.80e-002  6.24e-046  
3.44017e+016 1.90e-021  0.00e+000  2.65e-001  5.12e-002  3.88e-038  1.15e-001  8.85e-003  2.37e-002  3.82e-002  1.34e-001  2.49e-002  2.96e-001  4.03e-002  1.61e-045  
3.46353e+016 1.79e-021  0.00e+000  2.46e-001  4.98e-002  1.13e-037  1.11e-001  9.39e-003  2.26e-002  4.05e-002  1.31e-001  2.64e-002  3.16e-001  4.32e-002  6.65e-045  
3.48860e+016 1.67e-021  0.00e+000  2.24e-001  4.84e-002  5.01e-037  1.07e-001  1.00e-002  2.15e-002  4.33e-002  1.29e-001  2.83e-002  3.39e-001  4.70e-002  4.86e-044  
3.51370e+016 1.53e-021  0.00e+000  2.02e-001  4.76e-002  3.74e-036  1.04e-001  1.10e-002  2.07e-002  4.73e-002  1.27e-001  3.09e-002  3.54e-001  5.20e-002  7.11e-043  
3.53250e+016 1.39e-021  0.00e+000  1.91e-001  4.87e-002  2.75e-035  1.05e-001  1.22e-002  2.09e-002  5.27e-002  1.31e-001  3.44e-002  3.39e-001  5.85e-002  1.00e-041  
3.55515e+016 1.12e-021  0.00e+000  1.96e-001  5.58e-002  6.88e-034  1.20e-001  1.55e-002  2.36e-002  6.72e-002  1.51e-001  4.39e-002  2.38e-001  7.57e-002  6.92e-040  
3.57182e+016 9.34e-022  0.00e+000  2.08e-001  6.53e-002  1.49e-032  1.39e-001  1.98e-002  2.71e-002  8.56e-002  1.78e-001  5.59e-002  1.01e-001  9.76e-002  3.93e-038  
3.58524e+016 8.83e-022  0.00e+000  2.05e-001  7.06e-002  2.81e-031  1.48e-001  2.31e-002  2.90e-002  9.97e-002  1.94e-001  6.51e-002  2.37e-002  1.14e-001  1.89e-036  
3.60047e+016 9.24e-022  0.00e+000  1.86e-001  7.15e-002  1.43e-029  1.49e-001  2.56e-002  2.89e-002  1.10e-001  1.97e-001  7.20e-002  2.28e-003  1.29e-001  3.40e-034  
3.61718e+016 1.00e-021  0.00e+000  1.61e-001  7.09e-002  2.74e-027  1.46e-001  2.80e-002  2.82e-002  1.21e-001  1.96e-001  7.90e-002  8.35e-004  1.43e-001  3.50e-031  
3.62899e+016 1.09e-021  0.00e+000  1.43e-001  6.99e-002  2.24e-025  1.43e-001  2.97e-002  2.73e-002  1.29e-001  1.94e-001  8.38e-002  7.64e-004  1.54e-001  1.12e-028  
3.63893e+016 1.20e-021  0.00e+000  1.28e-001  6.89e-002  1.44e-023  1.39e-001  3.13e-002  2.67e-002  1.35e-001  1.92e-001  8.84e-002  8.12e-004  1.63e-001  2.57e-026  
3.64972e+016 1.76e-021  0.00e+000  1.11e-001  6.64e-002  2.09e-021  1.33e-001  3.25e-002  2.55e-002  1.41e-001  2.00e-001  9.19e-002  8.57e-004  1.73e-001  1.60e-023  
3.66124e+016 4.36e-021  0.00e+000  9.37e-002  6.72e-002  6.53e-019  1.25e-001  3.35e-002  2.38e-002  1.45e-001  2.12e-001  9.44e-002  9.01e-004  1.81e-001  2.48e-020  
3.67348e+016 1.43e-020  0.00e+000  7.68e-002  7.12e-002  4.09e-016  1.15e-001  3.40e-002  2.19e-002  1.47e-001  2.24e-001  9.57e-002  9.50e-004  1.88e-001  8.03e-017  
3.68621e+016 4.59e-020  0.00e+000  6.15e-002  7.52e-002  3.64e-013  1.04e-001  3.42e-002  1.98e-002  1.48e-001  2.38e-001  9.68e-002  1.01e-003  1.95e-001  3.20e-013  
3.69700e+016 1.15e-019  0.00e+000  5.05e-002  7.89e-002  9.92e-011  9.48e-002  3.44e-002  1.81e-002  1.49e-001  2.50e-001  9.66e-002  1.09e-003  2.01e-001  2.34e-010  
3.70376e+016 2.01e-019  0.00e+000  4.45e-002  8.11e-002  2.86e-009  8.95e-002  3.42e-002  1.70e-002  1.48e-001  2.57e-001  9.65e-002  1.16e-003  2.04e-001  1.03e-008  
3.71087e+016 3.61e-019  0.00e+000  3.88e-002  8.37e-002  8.06e-008  8.31e-002  3.38e-002  1.71e-002  1.47e-001  2.66e-001  9.56e-002  1.27e-003  2.07e-001  3.82e-007  
3.71826e+016 6.64e-019  0.00e+000  3.36e-002  8.60e-002  2.00e-006  8.23e-002  3.33e-002  1.70e-002  1.44e-001  2.73e-001  9.40e-002  1.40e-003  2.08e-001  1.02e-005  
3.72589e+016 1.24e-018  1.39e-062  2.91e-002  8.84e-002  3.95e-005  8.12e-002  3.26e-002  1.70e-002  1.41e-001  2.82e-001  9.16e-002  1.60e-003  2.07e-001  1.73e-004  
3.73370e+016 2.37e-018  3.24e-046  2.51e-002  9.16e-002  5.57e-004  7.85e-002  3.18e-002  1.66e-002  1.37e-001  2.93e-001  8.95e-002  1.86e-003  2.04e-001  1.70e-003  
3.74165e+016 4.59e-018  1.04e-033  2.17e-002  9.50e-002  5.27e-003  7.39e-002  3.05e-002  1.58e-002  1.32e-001  3.03e-001  8.61e-002  2.14e-003  1.96e-001  9.59e-003  
3.74829e+016 8.20e-018  7.43e-026  1.88e-002  9.58e-002  2.49e-002  6.68e-002  3.18e-002  1.46e-002  1.24e-001  3.04e-001  8.10e-002  2.28e-003  1.80e-001  2.74e-002  
3.75505e+016 1.58e-017  1.15e-019  1.54e-002  9.17e-002  9.11e-002  5.54e-002  3.51e-002  1.24e-002  1.09e-001  2.85e-001  7.09e-002  2.15e-003  1.48e-001  5.80e-002  
3.76194e+016 3.53e-017  1.09e-014  1.09e-002  7.70e-002  2.55e-001  3.88e-002  3.40e-002  8.97e-003  8.18e-002  2.31e-001  5.35e-002  1.64e-003  9.74e-002  9.00e-002  
3.76839e+016 9.21e-017  7.45e-011  6.40e-003  5.38e-002  5.15e-001  2.19e-002  2.73e-002  5.29e-003  5.05e-002  1.52e-001  3.29e-002  9.80e-004  4.79e-002  7.31e-002  
3.76854e+016 9.42e-017  8.91e-011  6.32e-003  5.33e-002  5.21e-001  2.17e-002  2.71e-002  5.21e-003  4.99e-002  1.50e-001  3.26e-002  9.66e-004  4.69e-002  7.22e-002  
3.76877e+016 9.81e-017  1.19e-010  6.16e-003  5.23e-002  5.32e-001  2.11e-002  2.67e-002  5.09e-003  4.87e-002  1.47e-001  3.18e-002  9.43e-004  4.54e-002  7.05e-002  
3.76917e+016 1.05e-016  1.93e-010  5.90e-003  5.07e-002  5.49e-001  2.01e-002  2.61e-002  4.88e-003  4.68e-002  1.42e-001  3.06e-002  9.04e-004  4.28e-002  6.78e-002  
3.76980e+016 1.18e-016  4.14e-010  5.51e-003  4.81e-002  5.78e-001  1.86e-002  2.51e-002  4.54e-003  4.38e-002  1.34e-001  2.86e-002  8.41e-004  3.89e-002  6.35e-002  
3.77083e+016 1.42e-016  1.38e-009  4.89e-003  4.39e-002  6.22e-001  1.64e-002  2.35e-002  4.02e-003  3.91e-002  1.20e-001  2.56e-002  7.46e-004  3.29e-002  5.67e-002  
3.77248e+016 1.96e-016  8.77e-009  3.97e-003  3.74e-002  6.88e-001  1.31e-002  2.08e-002  3.25e-003  3.21e-002  1.00e-001  2.10e-002  6.02e-004  2.45e-002  4.65e-002  
3.77450e+016 2.99e-016  7.29e-008  3.02e-003  3.01e-002  7.59e-001  9.73e-003  1.77e-002  2.45e-003  2.46e-002  7.82e-002  1.61e-002  4.55e-004  1.64e-002  3.58e-002  
3.77655e+016 4.64e-016  4.92e-007  2.26e-003  2.39e-002  8.15e-001  7.14e-003  1.49e-002  1.83e-003  1.87e-002  6.04e-002  1.22e-002  3.39e-004  1.07e-002  2.72e-002  
3.77936e+016 6.24e-016  2.66e-006  1.70e-003  1.94e-002  8.58e-001  5.16e-003  1.29e-002  1.35e-003  1.42e-002  4.68e-002  9.26e-003  2.51e-004  6.45e-003  2.05e-002  
3.78016e+016 6.78e-016  4.22e-006  1.56e-003  1.81e-002  8.69e-001  4.69e-003  1.23e-002  1.24e-003  1.31e-002  4.34e-002  8.53e-003  2.30e-004  5.58e-003  1.89e-002  
3.78111e+016 7.50e-016  7.31e-006  1.41e-003  1.68e-002  8.80e-001  4.16e-003  1.18e-002  1.11e-003  1.18e-002  3.95e-002  7.71e-003  2.05e-004  4.67e-003  1.71e-002  
3.78273e+016 8.94e-016  1.83e-005  1.17e-003  1.47e-002  8.98e-001  3.40e-003  1.09e-002  9.17e-004  9.91e-003  3.36e-002  6.47e-003  1.70e-004  3.43e-003  1.43e-002  
3.78530e+016 1.19e-015  7.54e-005  8.71e-004  1.16e-002  9.22e-001  2.43e-003  9.80e-003  6.71e-004  7.42e-003  2.56e-002  4.84e-003  1.24e-004  2.09e-003  1.06e-002  
3.78818e+016 1.68e-015  3.36e-004  6.20e-004  8.70e-003  9.42e-001  1.64e-003  9.06e-003  4.64e-004  5.28e-003  1.86e-002  3.45e-003  8.58e-005  1.17e-003  7.57e-003  
3.79076e+016 2.28e-015  1.17e-003  4.53e-004  6.72e-003  9.54e-001  1.16e-003  8.74e-003  3.34e-004  3.89e-003  1.40e-002  2.54e-003  6.15e-005  7.03e-004  5.54e-003  
3.79253e+016 2.82e-015  2.61e-003  3.66e-004  5.65e-003  9.59e-001  9.09e-004  8.67e-003  2.65e-004  3.15e-003  1.14e-002  2.06e-003  4.90e-005  4.97e-004  4.44e-003  
3.79502e+016 3.81e-015  7.49e-003  2.71e-004  4.36e-003  9.62e-001  6.44e-004  8.77e-003  1.91e-004  2.33e-003  8.59e-003  1.52e-003  3.52e-005  3.05e-004  3.23e-003  
3.79755e+016 5.22e-015  2.01e-002  1.97e-004  3.34e-003  9.55e-001  4.49e-004  8.95e-003  1.36e-004  1.70e-003  6.36e-003  1.11e-003  2.51e-005  1.85e-004  2.32e-003  
3.79897e+016 6.25e-015  3.34e-002  1.65e-004  2.85e-003  9.44e-001  3.66e-004  9.04e-003  1.11e-004  1.42e-003  5.36e-003  9.26e-004  2.06e-005  1.40e-004  1.90e-003  
3.79918e+016 6.43e-015  3.59e-002  1.60e-004  2.78e-003  9.42e-001  3.54e-004  9.04e-003  1.08e-004  1.38e-003  5.21e-003  9.00e-004  1.99e-005  1.34e-004  1.85e-003  
3.79956e+016 6.75e-015  4.07e-002  1.53e-004  2.67e-003  9.38e-001  3.35e-004  9.05e-003  1.02e-004  1.31e-003  4.98e-003  8.58e-004  1.90e-005  1.24e-004  1.75e-003  
3.80017e+016 7.33e-015  4.98e-002  1.41e-004  2.48e-003  9.29e-001  3.06e-004  9.05e-003  9.38e-005  1.21e-003  4.60e-003  7.90e-004  1.73e-005  1.10e-004  1.60e-003  
3.80129e+016 8.51e-015  7.05e-002  1.21e-004  2.17e-003  9.10e-001  2.58e-004  9.02e-003  7.98e-005  1.04e-003  3.98e-003  6.80e-004  1.47e-005  8.81e-005  1.35e-003  
3.80319e+016 1.12e-014  1.22e-001  9.17e-005  1.70e-003  8.62e-001  1.90e-004  8.53e-003  5.91e-005  7.91e-004  3.05e-003  5.16e-004  1.10e-005  5.95e-005  9.88e-004  
3.80578e+016 1.73e-014  2.31e-001  5.95e-005  1.16e-003  7.57e-001  1.18e-004  6.88e-003  3.73e-005  5.13e-004  2.01e-003  3.35e-004  6.88e-006  3.33e-005  6.01e-004  
3.80629e+016 1.90e-014  2.56e-001  5.43e-005  1.06e-003  7.33e-001  1.06e-004  6.54e-003  3.38e-005  4.68e-004  1.83e-003  3.06e-004  6.22e-006  2.96e-005  5.43e-004  
3.80713e+016 2.21e-014  3.01e-001  4.71e-005  9.25e-004  6.89e-001  9.02e-005  5.98e-003  2.88e-005  4.03e-004  1.58e-003  2.63e-004  5.30e-006  2.44e-005  4.52e-004  
3.80859e+016 2.92e-014  3.80e-001  3.56e-005  7.15e-004  6.12e-001  6.64e-005  4.99e-003  2.13e-005  3.04e-004  1.20e-003  1.98e-004  3.93e-006  1.72e-005  3.23e-004  
3.81083e+016 4.80e-014  5.15e-001  2.17e-005  4.50e-004  4.80e-001  3.92e-005  3.44e-003  1.27e-005  1.85e-004  7.40e-004  1.21e-004  2.34e-006  9.49e-006  1.77e-004  
3.81265e+016 7.22e-014  6.26e-001  1.44e-005  3.08e-004  3.70e-001  2.52e-005  2.48e-003  8.22e-006  1.23e-004  4.95e-004  8.02e-005  1.51e-006  5.88e-006  1.06e-004  
3.81480e+016 1.12e-013  7.57e-001  9.37e-006  2.04e-004  2.41e-001  1.57e-005  1.69e-003  5.14e-006  7.90e-005  3.20e-004  5.16e-005  9.46e-007  3.51e-006  5.84e-005  
3.81769e+016 2.27e-013  8.78e-001  4.63e-006  1.05e-004  1.21e-001  7.41e-006  8.34e-004  2.44e-006  3.89e-005  1.59e-004  2.54e-005  4.50e-007  1.58e-006  2.19e-005  
3.81836e+016 2.66e-013  8.96e-001  3.95e-006  9.03e-005  1.03e-001  6.25e-006  7.04e-004  2.06e-006  3.31e-005  1.35e-004  2.16e-005  3.80e-007  1.32e-006  1.73e-005  
3.81952e+016 3.46e-013  9.19e-001  3.03e-006  7.02e-005  8.01e-002  4.71e-006  5.23e-004  1.56e-006  2.53e-005  1.04e-004  1.65e-005  2.87e-007  9.83e-007  1.15e-005  
3.82149e+016 5.49e-013  9.49e-001  1.91e-006  4.50e-005  5.06e-002  2.86e-006  2.99e-004  9.47e-007  1.58e-005  6.50e-005  1.03e-005  1.74e-007  5.85e-007  5.43e-006  
3.82433e+016 1.03e-012  9.73e-001  1.00e-006  2.45e-005  2.69e-002  1.44e-006  1.24e-004  4.77e-007  8.24e-006  3.41e-005  5.38e-006  8.77e-008  2.87e-007  1.71e-006  
3.82740e+016 1.87e-012  9.86e-001  5.28e-007  1.32e-005  1.42e-002  7.23e-007  4.34e-005  2.38e-007  4.29e-006  1.78e-005  2.80e-006  4.39e-008  1.41e-007  4.36e-007  
3.83054e+016 3.08e-012  9.92e-001  2.91e-007  7.52e-006  7.81e-003  3.79e-007  1.32e-005  1.25e-007  2.33e-006  9.69e-006  1.52e-006  2.30e-008  7.33e-008  9.24e-008  
3.83376e+016 4.46e-012  9.95e-001  1.68e-007  4.46e-006  4.48e-003  2.09e-007  3.52e-006  6.84e-008  1.33e-006  5.52e-006  8.70e-007  1.26e-008  3.99e-008  1.53e-008  
3.83751e+016 5.35e-012  9.97e-001  9.49e-008  2.60e-006  2.52e-003  1.12e-007  8.50e-007  3.64e-008  7.40e-007  3.06e-006  4.84e-007  6.69e-009  2.13e-008  1.35e-009  
3.84132e+016 4.43e-012  9.98e-001  5.74e-008  1.61e-006  1.50e-003  6.44e-008  4.20e-007  2.06e-008  4.41e-007  1.80e-006  2.87e-007  3.80e-009  1.21e-008  1.01e-010  
3.84531e+016 2.08e-012  9.99e-001  3.61e-008  1.04e-006  9.37e-004  3.85e-008  3.79e-007  1.22e-008  2.71e-007  1.10e-006  1.77e-007  2.23e-009  7.25e-009  2.24e-011  
3.84962e+016 3.89e-013  9.99e-001  2.34e-008  6.86e-007  6.01e-004  2.37e-008  3.49e-007  7.35e-009  1.72e-007  6.91e-007  1.12e-007  1.35e-009  4.42e-009  1.29e-011  
3.85449e+016 1.40e-014  1.00e+000  1.54e-008  4.61e-007  3.93e-004  1.48e-008  2.38e-007  4.49e-009  1.11e-007  4.36e-007  7.21e-008  8.28e-010  2.75e-009  8.43e-012  
3.85990e+016 5.55e-017  1.00e+000  1.06e-008  3.22e-007  2.68e-004  9.56e-009  9.33e-008  2.85e-009  7.40e-008  2.83e-007  4.85e-008  5.22e-010  1.76e-009  6.03e-012  
3.86597e+016 1.80e-017  1.00e+000  7.55e-009  2.32e-007  1.90e-004  6.39e-009  2.89e-008  1.86e-009  5.10e-008  1.88e-007  3.33e-008  3.42e-010  1.16e-009  5.32e-012  
3.87288e+016 1.60e-017  1.00e+000  5.54e-009  1.71e-007  1.40e-004  4.42e-009  2.17e-008  1.24e-009  3.61e-008  1.27e-007  2.36e-008  2.30e-010  7.94e-010  6.16e-012  
3.88139e+016 1.37e-017  1.00e+000  4.17e-009  1.28e-007  1.09e-004  3.12e-009  2.42e-008  8.54e-010  2.60e-008  8.54e-008  1.69e-008  1.58e-010  5.44e-010  7.88e-012  
3.89093e+016 1.15e-017  1.00e+000  3.31e-009  1.00e-007  9.30e-005  2.31e-009  3.01e-008  6.19e-010  1.96e-008  5.84e-008  1.28e-008  1.16e-010  3.94e-010  1.03e-011  
3.90068e+016 9.77e-018  1.00e+000  2.80e-009  8.12e-008  8.94e-005  1.83e-009  3.80e-008  4.83e-010  1.57e-008  4.20e-008  1.02e-008  9.11e-011  3.07e-010  1.33e-011  
3.91088e+016 8.43e-018  1.00e+000  2.48e-009  6.80e-008  9.47e-005  1.53e-009  4.73e-008  3.99e-010  1.30e-008  3.08e-008  8.55e-009  7.58e-011  2.51e-010  1.65e-011  
3.92181e+016 7.47e-018  1.00e+000  2.28e-009  5.77e-008  1.09e-004  1.31e-009  5.76e-008  3.40e-010  1.13e-008  2.29e-008  7.38e-009  6.55e-011  2.16e-010  1.98e-011  
3.93325e+016 6.86e-018  1.00e+000  2.16e-009  4.96e-008  1.32e-004  1.16e-009  6.81e-008  3.00e-010  1.00e-008  1.72e-008  6.56e-009  5.84e-011  1.91e-010  2.27e-011  
3.94519e+016 6.51e-018  1.00e+000  2.10e-009  4.30e-008  1.66e-004  1.05e-009  7.80e-008  2.72e-010  9.15e-009  1.31e-008  5.97e-009  5.36e-011  1.75e-010  2.50e-011  
3.95803e+016 6.28e-018  1.00e+000  2.10e-009  3.74e-008  2.12e-004  9.77e-010  8.69e-008  2.53e-010  8.53e-009  1.00e-008  5.57e-009  5.01e-011  1.64e-010  2.64e-011  
3.97190e+016 6.04e-018  1.00e+000  2.15e-009  3.28e-008  2.73e-004  9.29e-010  9.47e-008  2.40e-010  8.16e-009  7.85e-009  5.33e-009  4.82e-011  1.59e-010  2.66e-011  
3.98699e+016 5.73e-018  1.00e+000  2.29e-009  2.88e-008  3.51e-004  8.98e-010  1.00e-007  2.32e-010  7.96e-009  6.32e-009  5.18e-009  4.69e-011  1.58e-010  2.56e-011  
4.00514e+016 5.26e-018  1.00e+000  2.51e-009  2.51e-008  4.56e-004  8.87e-010  1.05e-007  2.30e-010  7.91e-009  5.24e-009  5.17e-009  4.66e-011  1.61e-010  2.32e-011  
4.02549e+016 4.64e-018  9.99e-001  2.84e-009  2.22e-008  5.90e-004  8.98e-010  1.07e-007  2.33e-010  8.08e-009  4.70e-009  5.28e-009  4.74e-011  1.68e-010  1.99e-011  
4.04761e+016 3.94e-018  9.99e-001  3.32e-009  2.01e-008  7.48e-004  9.28e-010  1.08e-007  2.40e-010  8.39e-009  4.51e-009  5.48e-009  4.89e-011  1.79e-010  1.63e-011  
4.07070e+016 3.23e-018  9.99e-001  3.96e-009  1.89e-008  9.31e-004  9.74e-010  1.09e-007  2.52e-010  8.88e-009  4.64e-009  5.82e-009  5.13e-011  1.93e-010  1.30e-011  
4.09451e+016 2.55e-018  9.99e-001  4.82e-009  1.87e-008  1.14e-003  1.04e-009  1.11e-007  2.69e-010  9.56e-009  4.97e-009  6.23e-009  5.48e-011  2.12e-010  1.03e-011  
4.11988e+016 1.91e-018  9.99e-001  6.06e-009  1.97e-008  1.41e-003  1.14e-009  1.14e-007  2.95e-010  1.06e-008  5.54e-009  6.90e-009  5.96e-011  2.37e-010  8.10e-012  
4.14624e+016 1.36e-018  9.98e-001  7.78e-009  2.19e-008  1.76e-003  1.28e-009  1.22e-007  3.31e-010  1.19e-008  6.36e-009  7.78e-009  6.68e-011  2.70e-010  6.57e-012  
4.17462e+016 8.71e-019  9.98e-001  1.06e-008  2.62e-008  2.25e-003  1.49e-009  1.37e-007  3.85e-010  1.39e-008  7.60e-009  9.06e-009  7.72e-011  3.19e-010  5.60e-012  
4.20512e+016 4.48e-019  9.97e-001  1.52e-008  3.35e-008  2.99e-003  1.82e-009  1.64e-007  4.68e-010  1.70e-008  9.50e-009  1.11e-008  9.35e-011  3.95e-010  5.29e-012  
4.23867e+016 1.49e-019  9.96e-001  2.35e-008  4.58e-008  4.23e-003  2.35e-009  2.17e-007  6.06e-010  2.19e-008  1.26e-008  1.43e-008  1.20e-010  5.18e-010  5.76e-012  
4.27356e+016 2.84e-020  9.94e-001  3.91e-008  6.73e-008  6.34e-003  3.24e-009  3.14e-007  8.39e-010  3.03e-008  1.77e-008  1.98e-008  1.67e-010  7.26e-010  7.51e-012  
4.30994e+016 4.90e-021  9.90e-001  7.06e-008  1.06e-007  1.02e-002  4.80e-009  4.98e-007  1.24e-009  4.49e-008  2.67e-008  2.94e-008  2.47e-010  1.09e-009  1.37e-011  
4.34671e+016 1.34e-021  9.82e-001  1.38e-007  1.77e-007  1.76e-002  7.67e-009  8.56e-007  1.99e-009  7.15e-008  4.30e-008  4.67e-008  3.95e-010  1.75e-009  3.13e-011  
4.38104e+016 6.72e-022  9.69e-001  2.74e-007  3.08e-007  3.14e-002  1.26e-008  1.22e-006  3.29e-009  1.18e-007  7.19e-008  7.69e-008  6.53e-010  2.89e-009  6.06e-011  
4.41007e+016 5.33e-022  9.46e-001  5.16e-007  5.14e-007  5.39e-002  2.03e-008  1.50e-006  5.27e-009  1.90e-007  1.16e-007  1.23e-007  1.05e-009  4.66e-009  9.76e-011  
4.42181e+016 5.60e-022  9.31e-001  6.88e-007  6.51e-007  6.88e-002  2.54e-008  1.65e-006  6.58e-009  2.36e-007  1.45e-007  1.54e-007  1.31e-009  5.79e-009  1.22e-010  
4.42811e+016 6.13e-022  9.18e-001  8.38e-007  7.73e-007  8.22e-002  2.98e-008  1.84e-006  7.76e-009  2.77e-007  1.71e-007  1.81e-007  1.54e-009  6.81e-009  1.49e-010  
4.43809e+016 7.46e-022  9.06e-001  9.94e-007  8.78e-007  9.43e-002  3.34e-008  2.02e-006  8.70e-009  3.11e-007  1.93e-007  2.02e-007  1.73e-009  7.65e-009  1.67e-010  
4.45030e+016 1.00e-021  8.82e-001  1.30e-006  1.09e-006  1.18e-001  4.07e-008  2.33e-006  1.06e-008  3.78e-007  2.36e-007  2.47e-007  2.11e-009  9.33e-009  1.96e-010  
4.45401e+016 1.04e-021  8.55e-001  1.61e-006  1.33e-006  1.45e-001  4.96e-008  2.67e-006  1.29e-008  4.60e-007  2.88e-007  3.01e-007  2.57e-009  1.14e-008  2.28e-010  
4.45998e+016 1.34e-021  8.33e-001  1.89e-006  1.53e-006  1.67e-001  5.62e-008  2.87e-006  1.47e-008  5.22e-007  3.27e-007  3.41e-007  2.92e-009  1.29e-008  2.46e-010  
4.46779e+016 1.73e-021  8.23e-001  2.06e-006  1.61e-006  1.77e-001  5.86e-008  2.99e-006  1.53e-008  5.44e-007  3.42e-007  3.55e-007  3.04e-009  1.34e-008  2.57e-010  
4.48006e+016 2.52e-021  7.82e-001  2.65e-006  1.96e-006  2.18e-001  7.02e-008  3.38e-006  1.83e-008  6.51e-007  4.13e-007  4.25e-007  3.65e-009  1.61e-008  2.94e-010  
4.48529e+016 2.44e-021  6.93e-001  3.79e-006  2.74e-006  3.07e-001  9.76e-008  4.22e-006  2.55e-008  9.06e-007  5.74e-007  5.91e-007  5.09e-009  2.24e-008  3.87e-010  
4.48834e+016 3.06e-021  6.74e-001  4.06e-006  2.90e-006  3.26e-001  1.03e-007  4.19e-006  2.69e-008  9.55e-007  6.05e-007  6.25e-007  5.37e-009  2.36e-008  3.76e-010  
4.49346e+016 3.90e-021  6.72e-001  4.15e-006  2.90e-006  3.28e-001  1.02e-007  4.21e-006  2.67e-008  9.46e-007  6.00e-007  6.18e-007  5.31e-009  2.34e-008  3.74e-010  
4.49870e+016 4.58e-021  6.64e-001  4.34e-006  2.95e-006  3.36e-001  1.04e-007  4.26e-006  2.71e-008  9.59e-007  6.09e-007  6.27e-007  5.39e-009  2.38e-008  3.82e-010  
4.50684e+016 5.67e-021  6.28e-001  4.96e-006  3.25e-006  3.72e-001  1.13e-007  4.48e-006  2.95e-008  1.04e-006  6.65e-007  6.81e-007  5.86e-009  2.57e-008  4.06e-010  
4.51867e+016 7.63e-021  5.52e-001  6.21e-006  3.87e-006  4.48e-001  1.32e-007  4.86e-006  3.45e-008  1.22e-006  7.81e-007  7.97e-007  6.87e-009  3.01e-008  4.48e-010  
4.51946e+016 6.33e-021  4.34e-001  7.85e-006  4.88e-006  5.66e-001  1.67e-007  5.64e-006  4.34e-008  1.54e-006  9.86e-007  1.01e-006  8.66e-009  3.81e-008  5.54e-010  
4.52061e+016 6.73e-021  4.12e-001  8.19e-006  5.07e-006  5.88e-001  1.72e-007  5.30e-006  4.50e-008  1.59e-006  1.02e-006  1.04e-006  8.97e-009  3.95e-008  5.25e-010  
4.52265e+016 7.71e-021  4.11e-001  8.26e-006  5.07e-006  5.89e-001  1.72e-007  5.27e-006  4.49e-008  1.60e-006  1.02e-006  1.04e-006  8.95e-009  3.93e-008  5.01e-010  
4.52632e+016 9.15e-021  4.11e-001  8.35e-006  5.04e-006  5.89e-001  1.69e-007  5.26e-006  4.45e-008  1.57e-006  1.01e-006  1.03e-006  8.86e-009  3.90e-008  4.98e-010  
4.53239e+016 1.10e-020  4.07e-001  8.59e-006  5.05e-006  5.93e-001  1.68e-007  5.26e-006  4.42e-008  1.57e-006  1.00e-006  1.02e-006  8.80e-009  3.87e-008  5.00e-010  
4.54167e+016 1.33e-020  3.66e-001  9.46e-006  5.35e-006  6.34e-001  1.78e-007  5.32e-006  4.62e-008  1.64e-006  1.04e-006  1.07e-006  9.23e-009  4.05e-008  5.13e-010  
4.55446e+016 1.73e-020  2.84e-001  1.11e-005  5.95e-006  7.16e-001  2.00e-007  5.30e-006  5.05e-008  1.79e-006  1.14e-006  1.17e-006  1.01e-008  4.43e-008  5.22e-010  
4.55658e+016 1.75e-020  2.46e-001  1.18e-005  6.28e-006  7.54e-001  2.11e-007  5.43e-006  5.29e-008  1.87e-006  1.19e-006  1.22e-006  1.06e-008  4.64e-008  5.40e-010  
4.55697e+016 1.62e-020  1.73e-001  1.30e-005  6.91e-006  8.27e-001  2.31e-007  5.52e-006  5.81e-008  2.06e-006  1.31e-006  1.34e-006  1.15e-008  5.09e-008  5.86e-010  
4.55761e+016 1.64e-020  1.56e-001  1.33e-005  7.03e-006  8.44e-001  2.37e-007  5.05e-006  5.94e-008  2.10e-006  1.33e-006  1.37e-006  1.18e-008  5.20e-008  5.69e-010  
4.55871e+016 1.73e-020  1.56e-001  1.34e-005  7.00e-006  8.44e-001  2.36e-007  4.82e-006  5.90e-008  2.09e-006  1.33e-006  1.36e-006  1.17e-008  5.18e-008  5.22e-010  
4.56066e+016 1.87e-020  1.56e-001  1.35e-005  7.00e-006  8.44e-001  2.36e-007  4.80e-006  5.88e-008  2.08e-006  1.32e-006  1.36e-006  1.17e-008  5.16e-008  4.99e-010  
4.56410e+016 2.10e-020  1.55e-001  1.36e-005  6.97e-006  8.45e-001  2.35e-007  4.77e-006  5.82e-008  2.06e-006  1.31e-006  1.35e-006  1.16e-008  5.11e-008  4.96e-010  
4.56849e+016 2.34e-020  1.55e-001  1.38e-005  6.95e-006  8.45e-001  2.35e-007  4.82e-006  5.80e-008  2.04e-006  1.29e-006  1.33e-006  1.15e-008  5.08e-008  4.95e-010  
4.57241e+016 2.55e-020  1.50e-001  1.41e-005  6.97e-006  8.50e-001  2.36e-007  4.78e-006  5.83e-008  2.03e-006  1.28e-006  1.32e-006  1.14e-008  5.05e-008  4.93e-010  
4.57850e+016 2.86e-020  1.35e-001  1.46e-005  7.04e-006  8.65e-001  2.40e-007  4.66e-006  5.95e-008  2.04e-006  1.29e-006  1.33e-006  1.15e-008  5.04e-008  4.87e-010  
4.58802e+016 3.38e-020  1.04e-001  1.57e-005  7.24e-006  8.96e-001  2.47e-007  4.37e-006  6.18e-008  2.06e-006  1.30e-006  1.35e-006  1.16e-008  5.11e-008  4.70e-010  
4.59720e+016 4.00e-020  7.70e-002  1.67e-005  7.38e-006  9.23e-001  2.53e-007  4.03e-006  6.38e-008  2.08e-006  1.31e-006  1.36e-006  1.17e-008  5.18e-008  4.45e-010  
4.59734e+016 3.95e-020  6.28e-002  1.69e-005  7.50e-006  9.37e-001  2.58e-007  4.05e-006  6.48e-008  2.11e-006  1.33e-006  1.38e-006  1.19e-008  5.24e-008  4.51e-010  
4.59759e+016 3.88e-020  4.02e-002  1.73e-005  7.69e-006  9.60e-001  2.63e-007  3.90e-006  6.63e-008  2.16e-006  1.36e-006  1.41e-006  1.22e-008  5.37e-008  4.59e-010  
4.59802e+016 3.89e-020  3.32e-002  1.75e-005  7.74e-006  9.67e-001  2.67e-007  3.50e-006  6.69e-008  2.17e-006  1.37e-006  1.42e-006  1.22e-008  5.40e-008  4.53e-010  
4.59873e+016 3.96e-020  3.31e-002  1.75e-005  7.75e-006  9.67e-001  2.68e-007  3.21e-006  6.69e-008  2.17e-006  1.37e-006  1.42e-006  1.22e-008  5.40e-008  4.29e-010  
4.59993e+016 4.11e-020  3.29e-002  1.76e-005  7.72e-006  9.67e-001  2.66e-007  3.09e-006  6.67e-008  2.16e-006  1.36e-006  1.41e-006  1.22e-008  5.38e-008  3.95e-010  
4.60196e+016 4.32e-020  3.29e-002  1.77e-005  7.70e-006  9.67e-001  2.66e-007  3.08e-006  6.69e-008  2.15e-006  1.35e-006  1.40e-006  1.21e-008  5.37e-008  3.72e-010  
4.60580e+016 4.69e-020  3.28e-002  1.80e-005  7.67e-006  9.67e-001  2.64e-007  3.09e-006  6.69e-008  2.13e-006  1.34e-006  1.39e-006  1.20e-008  5.30e-008  3.66e-010  
4.61139e+016 5.19e-020  3.28e-002  1.84e-005  7.65e-006  9.67e-001  2.66e-007  3.10e-006  6.72e-008  2.12e-006  1.32e-006  1.38e-006  1.19e-008  5.26e-008  3.68e-010  
4.61801e+016 5.66e-020  3.02e-002  1.96e-005  7.91e-006  9.70e-001  2.76e-007  3.11e-006  6.99e-008  2.16e-006  1.35e-006  1.41e-006  1.21e-008  5.39e-008  3.74e-010  
4.62829e+016 6.46e-020  2.42e-002  2.26e-005  8.75e-006  9.76e-001  3.07e-007  3.10e-006  7.84e-008  2.35e-006  1.46e-006  1.54e-006  1.32e-008  5.87e-008  3.89e-010  
4.63958e+016 7.48e-020  1.75e-002  2.74e-005  1.01e-005  9.82e-001  3.56e-007  3.07e-006  9.16e-008  2.67e-006  1.66e-006  1.74e-006  1.50e-008  6.67e-008  4.10e-010  
4.64165e+016 7.54e-020  1.58e-002  2.90e-005  1.05e-005  9.84e-001  3.73e-007  3.12e-006  9.62e-008  2.79e-006  1.72e-006  1.82e-006  1.57e-008  6.96e-008  4.22e-010  
4.64187e+016 6.49e-020  1.11e-002  3.39e-005  1.23e-005  9.89e-001  4.36e-007  3.51e-006  1.12e-007  3.27e-006  2.02e-006  2.13e-006  1.83e-008  8.15e-008  4.93e-010  
4.64224e+016 5.76e-020  7.97e-003  3.89e-005  1.42e-005  9.92e-001  5.02e-007  3.61e-006  1.29e-007  3.75e-006  2.31e-006  2.45e-006  2.10e-008  9.36e-008  5.66e-010  
4.64286e+016 5.76e-020  7.27e-003  4.06e-005  1.48e-005  9.93e-001  5.21e-007  3.23e-006  1.34e-007  3.89e-006  2.41e-006  2.53e-006  2.19e-008  9.72e-008  5.76e-010  
4.64396e+016 6.15e-020  7.23e-003  4.08e-005  1.47e-005  9.93e-001  5.22e-007  2.96e-006  1.35e-007  3.88e-006  2.40e-006  2.53e-006  2.18e-008  9.70e-008  5.43e-010  
4.64596e+016 6.82e-020  7.21e-003  4.11e-005  1.47e-005  9.93e-001  5.22e-007  2.89e-006  1.35e-007  3.87e-006  2.39e-006  2.52e-006  2.17e-008  9.66e-008  5.01e-010  
4.64933e+016 7.83e-020  7.22e-003  4.17e-005  1.47e-005  9.93e-001  5.21e-007  2.89e-006  1.35e-007  3.83e-006  2.36e-006  2.50e-006  2.15e-008  9.58e-008  4.78e-010  
4.65501e+016 9.23e-020  7.22e-003  4.25e-005  1.45e-005  9.93e-001  5.20e-007  2.89e-006  1.35e-007  3.78e-006  2.32e-006  2.47e-006  2.12e-008  9.45e-008  4.70e-010  
4.66259e+016 1.05e-019  6.61e-003  4.52e-005  1.50e-005  9.93e-001  5.37e-007  2.88e-006  1.40e-007  3.85e-006  2.36e-006  2.51e-006  2.16e-008  9.65e-008  4.81e-010  
4.67450e+016 1.19e-019  4.79e-003  5.36e-005  1.68e-005  9.95e-001  6.07e-007  2.83e-006  1.59e-007  4.26e-006  2.59e-006  2.78e-006  2.38e-008  1.06e-007  5.19e-010  
4.68726e+016 1.34e-019  2.99e-003  6.68e-005  1.97e-005  9.97e-001  7.19e-007  2.70e-006  1.90e-007  4.92e-006  2.98e-006  3.21e-006  2.75e-008  1.23e-007  5.81e-010  
4.69009e+016 1.38e-019  2.64e-003  7.02e-005  2.05e-005  9.97e-001  7.44e-007  2.66e-006  1.99e-007  5.09e-006  3.07e-006  3.32e-006  2.84e-008  1.27e-007  5.98e-010  
4.69024e+016 1.33e-019  2.37e-003  7.31e-005  2.13e-005  9.98e-001  7.80e-007  2.72e-006  2.07e-007  5.30e-006  3.20e-006  3.46e-006  2.96e-008  1.33e-007  6.23e-010  
4.69048e+016 1.21e-019  1.79e-003  8.09e-005  2.36e-005  9.98e-001  8.66e-007  2.80e-006  2.29e-007  5.86e-006  3.54e-006  3.83e-006  3.27e-008  1.47e-007  6.91e-010  
4.69090e+016 1.08e-019  1.23e-003  9.22e-005  2.68e-005  9.99e-001  9.80e-007  2.76e-006  2.62e-007  6.68e-006  4.02e-006  4.36e-006  3.73e-008  1.67e-007  7.93e-010  
4.69160e+016 9.93e-020  8.73e-004  1.04e-004  3.01e-005  9.99e-001  1.11e-006  2.50e-006  2.94e-007  7.49e-006  4.52e-006  4.89e-006  4.19e-008  1.88e-007  9.04e-010  
4.69279e+016 1.02e-019  8.03e-004  1.08e-004  3.10e-005  9.99e-001  1.14e-006  2.14e-006  3.04e-007  7.71e-006  4.64e-006  5.03e-006  4.30e-008  1.93e-007  9.41e-010  
4.69476e+016 1.11e-019  7.98e-004  1.09e-004  3.11e-005  9.99e-001  1.14e-006  2.02e-006  3.05e-007  7.70e-006  4.63e-006  5.02e-006  4.29e-008  1.93e-007  9.45e-010  
4.69806e+016 1.26e-019  7.93e-004  1.10e-004  3.08e-005  9.99e-001  1.14e-006  2.00e-006  3.04e-007  7.63e-006  4.58e-006  4.98e-006  4.26e-008  1.91e-007  9.36e-010  
4.70337e+016 1.48e-019  7.97e-004  1.12e-004  3.06e-005  9.99e-001  1.13e-006  2.00e-006  3.04e-007  7.56e-006  4.50e-006  4.91e-006  4.20e-008  1.89e-007  9.18e-010  
4.70622e+016 1.59e-019  7.79e-004  1.13e-004  3.04e-005  9.99e-001  1.13e-006  1.99e-006  3.05e-007  7.48e-006  4.46e-006  4.88e-006  4.17e-008  1.87e-007  9.17e-010  
4.71061e+016 1.71e-019  7.30e-004  1.18e-004  3.10e-005  9.99e-001  1.16e-006  1.97e-006  3.14e-007  7.60e-006  4.50e-006  4.96e-006  4.24e-008  1.90e-007  9.41e-010  
4.71746e+016 1.86e-019  6.02e-004  1.28e-004  3.27e-005  9.99e-001  1.23e-006  1.89e-006  3.34e-007  7.95e-006  4.62e-006  5.18e-006  4.42e-008  1.99e-007  1.00e-009  
4.72860e+016 2.03e-019  3.79e-004  1.54e-004  3.71e-005  9.99e-001  1.42e-006  1.70e-006  3.86e-007  8.91e-006  5.02e-006  5.81e-006  4.97e-008  2.24e-007  1.21e-009  
4.74240e+016 2.20e-019  1.85e-004  2.01e-004  4.53e-005  1.00e+000  1.75e-006  1.45e-006  4.82e-007  1.08e-005  5.82e-006  7.04e-006  6.00e-008  2.71e-007  1.66e-009  
4.74305e+016 2.21e-019  1.79e-004  2.04e-004  4.57e-005  1.00e+000  1.77e-006  1.44e-006  4.88e-007  1.09e-005  5.88e-006  7.10e-006  6.02e-008  2.74e-007  1.69e-009  
4.74313e+016 2.21e-019  1.77e-004  2.04e-004  4.57e-005  1.00e+000  1.77e-006  1.43e-006  4.88e-007  1.09e-005  5.88e-006  7.10e-006  6.02e-008  2.74e-007  1.69e-009  
4.74348e+016 2.17e-019  1.63e-004  2.10e-004  4.70e-005  1.00e+000  1.82e-006  1.44e-006  5.02e-007  1.11e-005  6.03e-006  7.28e-006  6.17e-008  2.81e-007  1.74e-009  
4.74406e+016 2.05e-019  1.27e-004  2.26e-004  5.02e-005  1.00e+000  1.95e-006  1.44e-006  5.41e-007  1.19e-005  6.44e-006  7.80e-006  6.63e-008  3.01e-007  1.89e-009  
4.74503e+016 1.85e-019  8.10e-005  2.57e-004  5.73e-005  1.00e+000  2.22e-006  1.38e-006  6.16e-007  1.36e-005  7.29e-006  8.86e-006  7.51e-008  3.42e-007  2.20e-009  
4.74676e+016 1.67e-019  4.64e-005  3.02e-004  6.70e-005  1.00e+000  2.59e-006  1.20e-006  7.18e-007  1.58e-005  8.44e-006  1.04e-005  8.80e-008  3.98e-007  2.75e-009  
4.74972e+016 1.65e-019  3.11e-005  3.40e-004  7.51e-005  1.00e+000  2.89e-006  1.01e-006  8.00e-007  1.75e-005  9.33e-006  1.14e-005  9.69e-008  4.42e-007  3.43e-009  
4.75283e+016 1.78e-019  2.82e-005  3.52e-004  7.69e-005  9.99e-001  2.95e-006  9.43e-007  8.20e-007  1.78e-005  9.38e-006  1.16e-005  9.88e-008  4.48e-007  3.84e-009  
4.75365e+016 1.82e-019  2.80e-005  3.53e-004  7.69e-005  9.99e-001  2.95e-006  9.39e-007  8.24e-007  1.78e-005  9.34e-006  1.16e-005  9.83e-008  4.48e-007  3.92e-009  
4.75556e+016 1.91e-019  2.77e-005  3.58e-004  7.80e-005  9.99e-001  2.97e-006  9.31e-007  8.27e-007  1.78e-005  9.31e-006  1.16e-005  9.89e-008  4.50e-007  4.10e-009  
4.75856e+016 2.06e-019  2.74e-005  3.63e-004  7.86e-005  9.99e-001  2.98e-006  9.32e-007  8.30e-007  1.78e-005  9.22e-006  1.16e-005  9.85e-008  4.48e-007  4.30e-009  
4.76342e+016 2.27e-019  2.49e-005  3.78e-004  8.06e-005  9.99e-001  3.04e-006  9.20e-007  8.50e-007  1.80e-005  9.16e-006  1.17e-005  9.95e-008  4.54e-007  4.62e-009  
4.77120e+016 2.50e-019  1.87e-005  4.20e-004  8.75e-005  9.99e-001  3.26e-006  8.75e-007  9.19e-007  1.90e-005  9.47e-006  1.24e-005  1.05e-007  4.80e-007  5.32e-009  
4.78339e+016 2.70e-019  9.40e-006  5.22e-004  1.05e-004  9.99e-001  3.85e-006  7.74e-007  1.10e-006  2.20e-005  1.06e-005  1.44e-005  1.21e-007  5.55e-007  7.14e-009  
4.79819e+016 2.80e-019  3.16e-006  7.14e-004  1.40e-004  9.99e-001  5.00e-006  6.57e-007  1.44e-006  2.78e-005  1.31e-005  1.81e-005  1.53e-007  7.03e-007  1.15e-008  
4.80101e+016 2.80e-019  2.51e-006  7.64e-004  1.48e-004  9.99e-001  5.28e-006  6.42e-007  1.52e-006  2.92e-005  1.37e-005  1.91e-005  1.61e-007  7.39e-007  1.27e-008  
4.80156e+016 2.80e-019  2.39e-006  7.74e-004  1.50e-004  9.99e-001  5.35e-006  6.39e-007  1.54e-006  2.95e-005  1.39e-005  1.93e-005  1.62e-007  7.46e-007  1.30e-008  
4.80288e+016 2.79e-019  2.07e-006  7.98e-004  1.55e-004  9.99e-001  5.51e-006  6.30e-007  1.59e-006  3.03e-005  1.43e-005  1.98e-005  1.66e-007  7.66e-007  1.36e-008  
4.80511e+016 2.74e-019  1.60e-006  8.57e-004  1.65e-004  9.99e-001  5.87e-006  6.20e-007  1.70e-006  3.21e-005  1.51e-005  2.10e-005  1.76e-007  8.13e-007  1.51e-008  
4.80875e+016 2.67e-019  1.02e-006  9.61e-004  1.83e-004  9.99e-001  6.47e-006  5.99e-007  1.87e-006  3.52e-005  1.66e-005  2.30e-005  1.93e-007  8.94e-007  1.79e-008  
4.81463e+016 2.59e-019  5.20e-007  1.14e-003  2.14e-004  9.99e-001  7.52e-006  5.82e-007  2.19e-006  4.05e-005  1.90e-005  2.64e-005  2.22e-007  1.03e-006  2.34e-008  
4.82445e+016 2.57e-019  1.97e-007  1.45e-003  2.66e-004  9.98e-001  9.20e-006  5.86e-007  2.70e-006  4.89e-005  2.28e-005  3.19e-005  2.67e-007  1.24e-006  3.49e-008  
4.83636e+016 2.57e-019  6.31e-008  1.92e-003  3.41e-004  9.98e-001  1.16e-005  6.47e-007  3.45e-006  6.04e-005  2.80e-005  3.94e-005  3.29e-007  1.53e-006  5.49e-008  
4.84912e+016 2.48e-019  1.54e-008  2.65e-003  4.56e-004  9.97e-001  1.53e-005  7.95e-007  4.56e-006  7.75e-005  3.58e-005  5.08e-005  4.24e-007  1.97e-006  9.00e-008  
4.86294e+016 2.29e-019  2.66e-009  3.88e-003  6.42e-004  9.95e-001  2.12e-005  1.11e-006  6.46e-006  1.05e-004  4.85e-005  6.90e-005  5.72e-007  2.68e-006  1.58e-007  
4.87591e+016 2.07e-019  4.05e-010  5.64e-003  9.06e-004  9.93e-001  2.95e-005  1.66e-006  9.06e-006  1.44e-004  6.51e-005  9.35e-005  7.76e-007  3.66e-006  2.72e-007  
4.88968e+016 1.82e-019  4.33e-011  8.63e-003  1.32e-003  9.90e-001  4.28e-005  2.73e-006  1.33e-005  2.04e-004  9.18e-005  1.33e-004  1.14e-006  5.21e-006  4.89e-007  
4.90444e+016 1.54e-019  2.75e-012  1.39e-002  2.03e-003  9.83e-001  6.58e-005  4.95e-006  2.06e-005  3.05e-004  1.36e-004  1.99e-004  1.93e-006  7.81e-006  9.25e-007  
4.91980e+016 1.25e-019  1.04e-013  2.38e-002  3.28e-003  9.72e-001  1.05e-004  9.80e-006  3.37e-005  4.79e-004  2.12e-004  3.13e-004  3.49e-006  1.23e-005  1.82e-006  
4.93317e+016 1.02e-019  3.88e-015  3.87e-002  5.09e-003  9.54e-001  1.64e-004  1.86e-005  5.31e-005  7.31e-004  3.20e-004  4.78e-004  6.08e-006  1.88e-005  2.77e-006  
4.94239e+016 8.75e-020  3.08e-016  5.48e-002  6.99e-003  9.36e-001  2.25e-004  2.94e-005  7.35e-005  9.91e-004  4.31e-004  6.47e-004  9.06e-006  2.55e-005  3.52e-006  
4.95192e+016 7.49e-020  1.73e-017  7.94e-002  9.78e-003  9.07e-001  3.16e-004  4.79e-005  1.04e-004  1.37e-003  5.91e-004  8.94e-004  1.39e-005  3.52e-005  4.46e-006  
4.96202e+016 6.43e-020  6.28e-019  1.17e-001  1.39e-002  8.64e-001  4.51e-004  8.00e-005  1.50e-004  1.93e-003  8.24e-004  1.26e-003  2.19e-005  4.96e-005  5.56e-006  
4.97297e+016 5.58e-020  1.20e-020  1.77e-001  2.03e-002  7.96e-001  6.56e-004  1.38e-004  2.21e-004  2.76e-003  1.17e-003  1.79e-003  3.59e-005  7.12e-005  6.83e-006  
4.98461e+016 4.97e-020  1.05e-022  2.68e-001  2.94e-002  6.93e-001  9.58e-004  2.38e-004  3.24e-004  3.97e-003  1.67e-003  2.60e-003  5.96e-005  1.03e-004  7.99e-006  
4.99670e+016 4.72e-020  4.19e-025  3.92e-001  4.13e-002  5.53e-001  1.36e-003  3.94e-004  4.64e-004  5.53e-003  2.31e-003  3.60e-003  9.70e-005  1.43e-004  8.62e-006  
5.00936e+016 4.96e-020  5.58e-028  5.40e-001  5.44e-002  3.87e-001  1.80e-003  6.03e-004  6.23e-004  7.19e-003  2.98e-003  4.70e-003  1.50e-004  1.87e-004  8.14e-006  
5.02240e+016 5.87e-020  2.28e-031  6.80e-001  6.56e-002  2.32e-001  2.18e-003  8.78e-004  7.67e-004  8.61e-003  3.53e-003  5.63e-003  2.16e-004  2.23e-004  6.56e-006  
5.03584e+016 7.81e-020  2.66e-035  7.84e-001  7.25e-002  1.19e-001  2.43e-003  1.20e-003  8.63e-004  9.43e-003  3.80e-003  6.16e-003  2.89e-004  2.46e-004  4.50e-006  
5.05026e+016 1.15e-019  3.43e-040  8.49e-001  7.52e-002  5.01e-002  2.55e-003  1.52e-003  9.18e-004  9.70e-003  3.86e-003  6.33e-003  3.70e-004  2.53e-004  2.54e-006  
5.05959e+016 1.54e-019  1.89e-043  8.71e-001  7.54e-002  2.80e-002  2.55e-003  1.70e-003  9.23e-004  9.62e-003  3.80e-003  6.26e-003  4.21e-004  2.51e-004  1.68e-006  
5.06957e+016 2.11e-019  4.22e-047  8.85e-001  7.48e-002  1.48e-002  2.52e-003  1.88e-003  9.23e-004  9.42e-003  3.70e-003  6.15e-003  4.78e-004  2.46e-004  1.04e-006  
5.07988e+016 2.95e-019  4.74e-051  8.94e-001  7.35e-002  7.48e-003  2.48e-003  2.05e-003  9.14e-004  9.14e-003  3.59e-003  5.96e-003  5.45e-004  2.40e-004  6.13e-007  
5.09058e+016 4.19e-019  4.34e-055  8.99e-001  7.20e-002  3.79e-003  2.43e-003  2.22e-003  9.04e-004  8.83e-003  3.46e-003  5.77e-003  6.15e-004  2.32e-004  3.55e-007  
5.10237e+016 6.15e-019  9.20e-060  9.04e-001  7.02e-002  1.76e-003  2.36e-003  2.39e-003  8.88e-004  8.48e-003  3.32e-003  5.54e-003  6.97e-004  2.24e-004  1.89e-007  
5.11496e+016 9.21e-019  7.67e-065  9.07e-001  6.86e-002  7.78e-004  2.30e-003  2.57e-003  8.73e-004  8.15e-003  3.17e-003  5.32e-003  7.93e-004  2.15e-004  9.36e-008  
5.12843e+016 1.41e-018  2.85e-070  9.10e-001  6.68e-002  3.33e-004  2.23e-003  2.76e-003  8.60e-004  7.82e-003  3.04e-003  5.09e-003  8.95e-004  2.06e-004  4.43e-008  
5.14296e+016 2.20e-018  2.03e-076  9.12e-001  6.49e-002  1.30e-004  2.17e-003  2.95e-003  8.44e-004  7.44e-003  2.91e-003  4.86e-003  1.00e-003  1.98e-004  1.90e-008  
5.15425e+016 3.12e-018  0.00e+000  9.14e-001  6.35e-002  6.58e-005  2.11e-003  3.09e-003  8.28e-004  7.19e-003  2.81e-003  4.68e-003  1.07e-003  1.91e-004  1.00e-008  
5.16792e+016 4.71e-018  0.00e+000  9.16e-001  6.19e-002  2.93e-005  2.04e-003  3.25e-003  8.12e-004  6.85e-003  2.69e-003  4.48e-003  1.13e-003  1.83e-004  4.67e-009  
5.18319e+016 7.38e-018  0.00e+000  9.19e-001  6.02e-002  1.16e-005  1.98e-003  3.43e-003  7.95e-004  6.54e-003  2.57e-003  4.27e-003  1.18e-003  1.75e-004  1.91e-009  
5.19950e+016 1.18e-017  0.00e+000  9.21e-001  5.82e-002  3.93e-006  1.91e-003  3.61e-003  7.78e-004  6.20e-003  2.44e-003  4.05e-003  1.19e-003  1.67e-004  6.50e-010  
5.21655e+016 1.91e-017  0.00e+000  9.23e-001  5.67e-002  1.42e-006  1.85e-003  3.81e-003  7.66e-004  5.93e-003  2.32e-003  3.87e-003  1.18e-003  1.59e-004  2.32e-010  
5.23457e+016 3.11e-017  0.00e+000  9.26e-001  5.50e-002  4.79e-007  1.79e-003  3.99e-003  7.52e-004  5.62e-003  2.19e-003  3.66e-003  1.13e-003  1.52e-004  7.52e-011  
5.25384e+016 5.16e-017  0.00e+000  9.28e-001  5.31e-002  1.70e-007  1.73e-003  4.19e-003  7.36e-004  5.33e-003  2.05e-003  3.49e-003  1.07e-003  1.45e-004  2.54e-011  
5.27451e+016 8.63e-017  0.00e+000  9.31e-001  5.11e-002  5.41e-008  1.67e-003  4.38e-003  7.21e-004  5.04e-003  1.92e-003  3.29e-003  9.97e-004  1.38e-004  7.48e-012  
5.29668e+016 1.46e-016  0.00e+000  9.33e-001  4.93e-002  1.89e-008  1.61e-003  4.58e-003  7.07e-004  4.76e-003  1.80e-003  3.11e-003  9.12e-004  1.31e-004  2.38e-012  
5.31993e+016 2.44e-016  0.00e+000  9.35e-001  4.76e-002  5.78e-009  1.55e-003  4.76e-003  6.93e-004  4.51e-003  1.67e-003  2.94e-003  8.37e-004  1.25e-004  6.52e-013  
5.34440e+016 4.05e-016  0.00e+000  9.38e-001  4.57e-002  2.10e-009  1.50e-003  4.96e-003  6.84e-004  4.24e-003  1.56e-003  2.76e-003  7.62e-004  1.19e-004  2.11e-013  
5.36995e+016 6.63e-016  0.00e+000  9.40e-001  4.42e-002  6.52e-010  1.45e-003  5.14e-003  6.74e-004  4.03e-003  1.45e-003  2.62e-003  6.95e-004  1.13e-004  5.61e-014  
5.39765e+016 1.09e-015  0.00e+000  9.42e-001  4.24e-002  2.38e-010  1.40e-003  5.31e-003  6.64e-004  3.79e-003  1.34e-003  2.47e-003  6.28e-004  1.08e-004  1.78e-014  
5.42627e+016 1.75e-015  0.00e+000  9.43e-001  4.13e-002  8.06e-011  1.37e-003  5.49e-003  6.63e-004  3.60e-003  1.26e-003  2.35e-003  5.72e-004  1.03e-004  5.09e-015  
5.45738e+016 2.81e-015  0.00e+000  9.45e-001  3.98e-002  2.52e-011  1.33e-003  5.65e-003  6.57e-004  3.41e-003  1.18e-003  2.22e-003  5.19e-004  9.88e-005  1.31e-015  
5.49079e+016 4.48e-015  0.00e+000  9.46e-001  3.88e-002  8.88e-012  1.30e-003  5.78e-003  6.58e-004  3.24e-003  1.10e-003  2.12e-003  4.71e-004  9.51e-005  3.86e-016  
5.52575e+016 6.99e-015  0.00e+000  9.47e-001  3.79e-002  2.95e-012  1.28e-003  5.90e-003  6.63e-004  3.09e-003  1.04e-003  2.02e-003  4.29e-004  9.09e-005  1.04e-016  
5.56155e+016 1.05e-014  0.00e+000  9.48e-001  3.72e-002  9.03e-013  1.27e-003  5.98e-003  6.72e-004  2.96e-003  9.86e-004  1.93e-003  3.92e-004  8.90e-005  2.51e-017  
5.59918e+016 1.56e-014  0.00e+000  9.49e-001  3.67e-002  3.37e-013  1.26e-003  6.01e-003  6.86e-004  2.85e-003  9.43e-004  1.86e-003  3.60e-004  8.72e-005  7.70e-018  
5.63913e+016 2.26e-014  0.00e+000  9.50e-001  3.64e-002  1.20e-013  1.27e-003  6.01e-003  7.02e-004  2.75e-003  9.10e-004  1.80e-003  3.31e-004  8.66e-005  2.20e-018  
5.68226e+016 3.23e-014  0.00e+000  9.50e-001  3.62e-002  3.93e-014  1.29e-003  5.97e-003  7.27e-004  2.68e-003  8.82e-004  1.75e-003  3.06e-004  8.70e-005  5.60e-019  
5.72780e+016 4.50e-014  0.00e+000  9.50e-001  3.67e-002  1.14e-014  1.32e-003  5.87e-003  7.63e-004  2.62e-003  8.65e-004  1.72e-003  2.85e-004  8.76e-005  1.23e-019  
5.77650e+016 6.11e-014  0.00e+000  9.49e-001  3.73e-002  4.14e-015  1.37e-003  5.76e-003  8.07e-004  2.60e-003  8.58e-004  1.70e-003  2.67e-004  8.95e-005  3.53e-020  
5.82707e+016 8.04e-014  0.00e+000  9.48e-001  3.83e-002  1.46e-015  1.43e-003  5.59e-003  8.62e-004  2.60e-003  8.61e-004  1.69e-003  2.51e-004  9.25e-005  9.84e-021  
5.88124e+016 1.03e-013  0.00e+000  9.47e-001  3.98e-002  4.69e-016  1.52e-003  5.38e-003  9.32e-004  2.62e-003  8.74e-004  1.71e-003  2.39e-004  9.64e-005  2.42e-021  
5.93801e+016 1.28e-013  0.00e+000  9.45e-001  4.17e-002  1.36e-016  1.63e-003  5.18e-003  1.02e-003  2.66e-003  8.98e-004  1.74e-003  2.30e-004  1.02e-004  5.25e-022  
5.99878e+016 1.56e-013  0.00e+000  9.42e-001  4.40e-002  4.83e-017  1.77e-003  4.92e-003  1.12e-003  2.72e-003  9.36e-004  1.78e-003  2.38e-004  1.08e-004  1.47e-022  
6.06254e+016 1.83e-013  0.00e+000  9.39e-001  4.72e-002  1.59e-017  1.95e-003  4.73e-003  1.25e-003  2.83e-003  9.88e-004  1.85e-003  2.51e-004  1.17e-004  3.78e-023  
6.12860e+016 2.10e-013  0.00e+000  9.34e-001  5.10e-002  5.29e-018  2.16e-003  4.54e-003  1.40e-003  2.96e-003  1.05e-003  1.93e-003  2.65e-004  1.26e-004  9.77e-024  
6.19772e+016 2.33e-013  0.00e+000  9.29e-001  5.53e-002  1.74e-018  2.42e-003  4.41e-003  1.58e-003  3.12e-003  1.14e-003  2.04e-003  2.83e-004  1.38e-004  2.52e-024  
6.27006e+016 2.55e-013  0.00e+000  9.23e-001  6.05e-002  5.62e-019  2.72e-003  4.32e-003  1.80e-003  3.31e-003  1.24e-003  2.16e-003  3.03e-004  1.52e-004  6.37e-025  
6.34752e+016 2.72e-013  0.00e+000  9.16e-001  6.69e-002  1.73e-019  3.10e-003  4.30e-003  2.05e-003  3.55e-003  1.37e-003  2.31e-003  3.28e-004  1.69e-004  1.52e-025  
6.43223e+016 2.86e-013  0.00e+000  9.07e-001  7.46e-002  4.94e-020  3.54e-003  4.34e-003  2.36e-003  3.82e-003  1.53e-003  2.49e-003  3.57e-004  1.89e-004  3.31e-026  
6.52408e+016 2.95e-013  0.00e+000  8.96e-001  8.38e-002  1.31e-020  4.10e-003  4.48e-003  2.73e-003  4.14e-003  1.72e-003  2.71e-003  3.90e-004  2.12e-004  6.68e-027  
6.62440e+016 3.00e-013  0.00e+000  8.82e-001  9.46e-002  3.16e-021  4.76e-003  4.70e-003  3.16e-003  4.53e-003  1.96e-003  2.95e-003  4.26e-004  2.40e-004  1.21e-027  
6.73219e+016 3.00e-013  0.00e+000  8.67e-001  1.08e-001  7.17e-022  5.57e-003  5.07e-003  3.67e-003  4.97e-003  2.26e-003  3.23e-003  4.73e-004  2.72e-004  2.03e-028  
6.84641e+016 2.96e-013  0.00e+000  8.49e-001  1.22e-001  1.55e-022  6.52e-003  5.51e-003  4.26e-003  5.44e-003  2.62e-003  3.55e-003  5.24e-004  3.10e-004  3.25e-029  
6.96945e+016 2.90e-013  0.00e+000  8.29e-001  1.39e-001  3.06e-023  7.56e-003  6.04e-003  4.94e-003  5.94e-003  3.03e-003  3.87e-003  5.80e-004  3.52e-004  4.66e-030  
7.10391e+016 2.80e-013  0.00e+000  8.04e-001  1.58e-001  5.90e-024  8.87e-003  6.79e-003  5.72e-003  6.54e-003  3.54e-003  4.25e-003  6.47e-004  4.00e-004  6.69e-031  
7.25155e+016 2.69e-013  0.00e+000  7.78e-001  1.80e-001  9.31e-025  1.03e-002  7.67e-003  6.59e-003  7.15e-003  4.13e-003  4.65e-003  7.22e-004  4.54e-004  7.44e-032  
7.42223e+016 2.56e-013  0.00e+000  7.47e-001  2.05e-001  1.18e-025  1.20e-002  8.80e-003  7.58e-003  7.78e-003  4.89e-003  5.08e-003  8.09e-004  5.16e-004  6.49e-033  
7.63108e+016 2.42e-013  0.00e+000  7.11e-001  2.34e-001  9.25e-027  1.41e-002  1.03e-002  8.76e-003  8.47e-003  5.78e-003  5.54e-003  9.13e-004  5.91e-004  3.22e-034  
7.86896e+016 2.28e-013  0.00e+000  6.72e-001  2.66e-001  5.84e-028  1.64e-002  1.20e-002  1.01e-002  9.09e-003  6.80e-003  5.93e-003  1.03e-003  6.72e-004  1.25e-035  
8.18150e+016 2.13e-013  0.00e+000  6.28e-001  3.00e-001  1.69e-029  1.90e-002  1.41e-002  1.15e-002  9.57e-003  8.07e-003  6.24e-003  1.16e-003  7.64e-004  1.96e-037  
8.55776e+016 1.98e-013  0.00e+000  5.85e-001  3.35e-001  2.98e-031  2.19e-002  1.62e-002  1.31e-002  9.78e-003  9.38e-003  6.40e-003  1.31e-003  8.62e-004  1.74e-039  
9.00548e+016 1.83e-013  0.00e+000  5.42e-001  3.70e-001  3.20e-033  2.49e-002  1.83e-002  1.47e-002  9.69e-003  1.08e-002  6.35e-003  1.47e-003  9.69e-004  8.87e-042  
9.53916e+016 1.64e-013  0.00e+000  4.97e-001  4.06e-001  2.18e-035  2.81e-002  2.03e-002  1.64e-002  9.37e-003  1.23e-002  6.14e-003  1.67e-003  1.08e-003  2.71e-044  
1.01535e+017 1.44e-013  0.00e+000  4.49e-001  4.46e-001  1.21e-037  3.15e-002  2.22e-002  1.84e-002  8.82e-003  1.40e-002  5.73e-003  1.91e-003  1.21e-003  6.80e-047  
1.09249e+017 1.20e-013  0.00e+000  3.89e-001  4.96e-001  4.24e-040  3.54e-002  2.42e-002  2.09e-002  7.89e-003  1.61e-002  5.15e-003  2.26e-003  1.39e-003  1.01e-049  
1.19176e+017 9.10e-014  0.00e+000  3.15e-001  5.60e-001  1.15e-042  3.97e-002  2.65e-002  2.39e-002  6.62e-003  1.86e-002  4.32e-003  2.78e-003  1.58e-003  1.09e-052  
1.32448e+017 5.70e-014  0.00e+000  2.23e-001  6.42e-001  3.77e-045  4.28e-002  2.91e-002  2.72e-002  4.81e-003  2.14e-002  3.14e-003  3.67e-003  1.81e-003  1.15e-055  
