! 0       H + GRAIN -> *H + GRAIN
! 1       H + H2O -> OH + H2
! 2       H + CH4 -> CH3 + H2
! 3       H + CH2 -> CH + H2
! 4       H + NH3 -> NH2 + H2
! 5       H + NH2 -> NH + H2
! 6       H + CH3 -> CH2 + H2
! 7       H + CO2 -> CO + OH
! 8       H + HCN -> CN + H2
! 9       H + O2 -> OH + O
! 10      H + CH -> C + H2
! 11      H + HCO -> CO + H2
! 12      H + HNC -> HCN + H
! 13      H + H2CO -> HCO + H2
! 14      H + CH3+ -> H2 + CH2+
! 15      CH3OH + H -> CH3O + H2
! 16      CH3OH + H -> CH2OH + H2
! 17      H + HNO -> NO + H2
!            tot_rate   0          1          2          3          4          5          6          7          8          9          10         11         12         13         14         15         16         17         
1.58188e+013 1.35e-012  9.91e-001  0.00e+000  0.00e+000  8.21e-004  0.00e+000  5.44e-083  0.00e+000  0.00e+000  0.00e+000  0.00e+000  3.33e-005  3.22e-003  4.16e-007  2.86e-055  0.00e+000  0.00e+000  0.00e+000  1.68e-015  
3.50727e+014 1.35e-012  9.91e-001  0.00e+000  0.00e+000  8.21e-004  0.00e+000  5.44e-083  0.00e+000  0.00e+000  0.00e+000  0.00e+000  3.33e-005  3.22e-003  4.16e-007  2.86e-055  0.00e+000  0.00e+000  0.00e+000  1.68e-015  
5.21628e+015 1.35e-012  9.91e-001  0.00e+000  0.00e+000  8.21e-004  0.00e+000  5.44e-083  0.00e+000  0.00e+000  0.00e+000  0.00e+000  3.33e-005  3.22e-003  4.16e-007  2.86e-055  0.00e+000  0.00e+000  0.00e+000  1.68e-015  
2.67137e+016 1.50e-012  9.92e-001  0.00e+000  0.00e+000  7.06e-004  0.00e+000  6.09e-083  0.00e+000  0.00e+000  0.00e+000  0.00e+000  3.02e-005  2.80e-003  3.74e-007  2.98e-055  0.00e+000  0.00e+000  0.00e+000  1.57e-015  
3.33598e+016 1.69e-012  9.94e-001  0.00e+000  0.00e+000  5.29e-004  0.00e+000  3.77e-081  0.00e+000  0.00e+000  0.00e+000  0.00e+000  3.11e-005  2.40e-003  2.94e-007  4.13e-054  9.76e-049  0.00e+000  0.00e+000  2.70e-015  
3.42055e+016 1.33e-012  9.92e-001  0.00e+000  0.00e+000  6.46e-004  0.00e+000  2.43e-079  0.00e+000  0.00e+000  0.00e+000  0.00e+000  4.55e-005  3.01e-003  3.34e-007  6.65e-053  8.87e-029  4.52e-084  4.52e-084  6.31e-015  
3.44017e+016 1.23e-012  9.91e-001  0.00e+000  0.00e+000  6.92e-004  0.00e+000  1.17e-078  0.00e+000  0.00e+000  0.00e+000  0.00e+000  5.20e-005  3.24e-003  3.47e-007  1.89e-052  4.05e-025  2.33e-083  2.33e-083  8.61e-015  
3.46353e+016 1.09e-012  9.90e-001  0.00e+000  0.00e+000  7.71e-004  0.00e+000  1.24e-077  0.00e+000  0.00e+000  0.00e+000  0.00e+000  6.36e-005  3.63e-003  3.68e-007  9.02e-052  4.47e-021  2.74e-082  2.74e-082  1.38e-014  
3.48860e+016 9.44e-013  9.89e-001  0.00e+000  0.00e+000  8.82e-004  0.00e+000  3.39e-076  0.00e+000  0.00e+000  0.00e+000  0.00e+000  8.26e-005  4.17e-003  3.90e-007  8.04e-051  3.59e-017  8.71e-081  8.71e-081  2.61e-014  
3.51370e+016 7.93e-013  9.87e-001  0.00e+000  0.00e+000  1.05e-003  0.00e+000  2.88e-074  0.00e+000  0.00e+000  0.00e+000  0.00e+000  1.15e-004  4.92e-003  4.15e-007  1.50e-049  2.18e-013  9.03e-079  9.03e-079  6.02e-014  
3.53250e+016 6.82e-013  9.84e-001  0.00e+000  0.00e+000  1.28e-003  0.00e+000  2.20e-072  0.00e+000  0.00e+000  0.00e+000  0.00e+000  1.57e-004  5.68e-003  4.33e-007  2.63e-048  8.38e-011  8.41e-077  8.41e-077  1.34e-013  
3.55515e+016 5.54e-013  9.80e-001  0.00e+000  0.00e+000  1.84e-003  0.00e+000  1.95e-069  0.00e+000  0.00e+000  0.00e+000  0.00e+000  2.49e-004  6.91e-003  4.51e-007  2.27e-046  3.39e-008  1.02e-073  1.02e-073  4.62e-013  
3.57182e+016 4.67e-013  9.76e-001  0.00e+000  0.00e+000  2.63e-003  0.00e+000  1.21e-066  0.00e+000  0.00e+000  0.00e+000  0.00e+000  3.79e-004  8.13e-003  4.62e-007  1.54e-044  1.30e-006  8.48e-071  8.48e-071  1.45e-012  
3.58524e+016 4.02e-013  9.71e-001  0.00e+000  0.00e+000  3.64e-003  0.00e+000  6.50e-064  0.00e+000  0.00e+000  0.00e+000  0.00e+000  5.63e-004  9.41e-003  4.68e-007  9.51e-043  1.51e-005  6.10e-068  6.10e-068  4.41e-012  
3.60047e+016 3.35e-013  9.63e-001  0.00e+000  0.00e+000  5.20e-003  0.00e+000  3.47e-060  0.00e+000  0.00e+000  0.00e+000  0.00e+000  9.42e-004  1.12e-002  4.75e-007  2.63e-040  1.61e-004  4.87e-064  4.87e-064  1.97e-011  
3.61718e+016 2.70e-013  9.46e-001  0.00e+000  0.00e+000  7.61e-003  0.00e+000  3.46e-055  0.00e+000  0.00e+000  0.00e+000  0.00e+000  1.81e-003  1.38e-002  4.82e-007  4.93e-037  1.52e-003  8.35e-059  8.35e-059  1.44e-010  
3.62899e+016 2.30e-013  9.28e-001  0.00e+000  0.00e+000  9.88e-003  0.00e+000  5.09e-051  0.00e+000  0.00e+000  0.00e+000  0.00e+000  3.05e-003  1.61e-002  5.05e-007  2.65e-034  6.10e-003  1.94e-054  1.94e-054  7.45e-010  
3.63893e+016 2.01e-013  9.04e-001  0.00e+000  0.00e+000  1.22e-002  0.00e+000  4.25e-047  0.00e+000  0.00e+000  0.00e+000  0.00e+000  4.89e-003  1.83e-002  5.46e-007  9.83e-032  1.73e-002  2.49e-050  2.49e-050  3.46e-009  
3.64972e+016 1.77e-013  8.60e-001  0.00e+000  3.63e-077  1.50e-002  0.00e+000  1.91e-042  0.00e+000  0.00e+000  0.00e+000  0.00e+000  8.32e-003  2.07e-002  6.51e-007  1.10e-028  4.67e-002  1.88e-045  1.88e-045  2.10e-008  
3.66124e+016 1.61e-013  7.78e-001  0.00e+000  4.91e-067  1.80e-002  4.47e-081  3.90e-037  0.00e+000  0.00e+000  0.00e+000  0.00e+000  1.45e-002  2.27e-002  9.28e-007  3.37e-025  1.13e-001  7.28e-040  7.28e-040  1.60e-007  
3.67348e+016 1.57e-013  6.43e-001  0.00e+000  8.34e-056  2.00e-002  1.43e-067  2.62e-031  0.00e+000  0.00e+000  0.00e+000  0.00e+000  2.46e-002  2.30e-002  1.71e-006  2.27e-021  2.36e-001  1.36e-033  1.36e-033  1.41e-006  
3.68621e+016 1.70e-013  4.71e-001  0.00e+000  3.36e-044  2.01e-002  1.30e-053  2.41e-025  2.19e-077  0.00e+000  0.00e+000  5.73e-079  3.82e-002  2.12e-002  4.23e-006  1.93e-017  4.00e-001  6.11e-027  6.11e-027  1.23e-005  
3.69700e+016 1.95e-013  3.37e-001  4.34e-076  6.75e-035  1.89e-002  2.24e-042  1.31e-020  5.83e-061  0.00e+000  0.00e+000  2.46e-061  5.03e-002  1.84e-002  1.13e-005  2.72e-014  5.32e-001  1.49e-021  1.49e-021  6.80e-005  
3.70376e+016 2.18e-013  2.67e-001  7.66e-064  1.67e-029  1.78e-002  7.57e-036  6.97e-018  1.58e-051  0.00e+000  2.48e-081  3.27e-051  5.74e-002  1.64e-002  2.33e-005  1.86e-012  6.01e-001  2.01e-018  2.01e-018  1.83e-004  
3.71087e+016 2.46e-013  2.09e-001  4.43e-052  2.66e-024  1.67e-002  1.52e-029  2.85e-015  1.58e-042  1.58e-069  2.58e-066  1.50e-041  6.38e-002  1.46e-002  5.53e-005  1.15e-010  6.59e-001  2.13e-015  2.13e-015  4.80e-004  
3.71826e+016 2.80e-013  1.62e-001  2.71e-041  1.70e-019  1.56e-002  1.00e-023  7.04e-013  2.51e-034  3.57e-055  1.34e-052  9.58e-033  6.94e-002  1.28e-002  1.52e-004  5.58e-009  7.04e-001  1.36e-012  1.36e-012  1.21e-003  
3.72589e+016 3.18e-013  1.25e-001  6.50e-032  2.85e-015  1.48e-002  1.30e-018  8.52e-011  2.96e-027  9.65e-043  9.68e-041  3.74e-025  7.35e-002  1.12e-002  4.78e-004  1.89e-007  7.38e-001  4.12e-010  4.12e-010  2.86e-003  
3.73370e+016 3.62e-013  9.74e-002  3.15e-024  9.16e-012  1.41e-002  2.27e-014  4.31e-009  1.57e-021  1.32e-032  4.28e-031  5.24e-019  7.53e-002  9.88e-003  1.64e-003  4.11e-006  7.62e-001  5.05e-008  5.05e-008  6.18e-003  
3.74165e+016 4.12e-013  7.68e-002  2.92e-018  5.18e-009  1.46e-002  5.01e-011  8.94e-008  3.64e-017  8.46e-025  1.08e-023  2.55e-014  7.43e-002  8.72e-003  5.71e-003  5.54e-005  7.73e-001  2.43e-006  2.43e-006  1.21e-002  
3.74829e+016 4.61e-013  6.32e-002  1.90e-014  3.02e-007  1.90e-002  7.38e-009  6.12e-007  1.98e-014  7.58e-020  4.95e-019  2.19e-011  6.99e-002  7.84e-003  1.52e-002  3.41e-004  7.68e-001  3.26e-005  3.26e-005  1.96e-002  
3.75505e+016 5.26e-013  5.14e-002  2.24e-011  7.80e-006  3.48e-002  4.22e-007  2.80e-006  2.80e-012  6.77e-016  2.38e-015  4.47e-009  5.76e-002  6.91e-003  3.73e-002  1.67e-003  7.44e-001  2.85e-004  2.85e-004  2.89e-002  
3.76194e+016 6.23e-013  4.08e-002  7.71e-009  1.12e-004  6.63e-002  1.17e-005  9.46e-006  1.50e-010  1.16e-012  2.20e-012  3.24e-007  3.42e-002  5.91e-003  8.21e-002  6.74e-003  6.86e-001  1.81e-003  1.81e-003  3.84e-002  
3.76839e+016 7.74e-013  3.13e-002  7.88e-007  9.38e-004  9.03e-002  1.54e-004  2.38e-005  3.27e-009  3.98e-010  4.24e-010  8.88e-006  1.12e-002  4.90e-003  1.52e-001  2.09e-002  5.94e-001  8.10e-003  8.10e-003  4.35e-002  
3.76854e+016 7.79e-013  3.10e-002  8.66e-007  9.79e-004  9.03e-002  1.62e-004  2.41e-005  3.46e-009  4.48e-010  4.71e-010  9.48e-006  1.08e-002  4.86e-003  1.55e-001  2.13e-002  5.91e-001  8.35e-003  8.35e-003  4.35e-002  
3.76877e+016 7.86e-013  3.07e-002  1.01e-006  1.05e-003  9.07e-002  1.77e-004  2.49e-005  3.85e-009  5.46e-010  5.62e-010  1.06e-005  1.02e-002  4.83e-003  1.58e-001  2.23e-002  5.88e-001  8.79e-003  8.79e-003  4.36e-002  
3.76917e+016 8.00e-013  3.01e-002  1.31e-006  1.18e-003  9.10e-002  2.03e-004  2.61e-005  4.55e-009  7.51e-010  7.48e-010  1.26e-005  9.18e-003  4.76e-003  1.64e-001  2.36e-002  5.80e-001  9.54e-003  9.54e-003  4.36e-002  
3.76980e+016 8.22e-013  2.92e-002  1.97e-006  1.44e-003  9.12e-002  2.53e-004  2.82e-005  5.94e-009  1.25e-009  1.18e-009  1.69e-005  7.72e-003  4.66e-003  1.73e-001  2.60e-002  5.68e-001  1.09e-002  1.09e-002  4.38e-002  
3.77083e+016 8.63e-013  2.76e-002  3.76e-006  1.92e-003  9.06e-002  3.57e-004  3.18e-005  9.02e-009  2.82e-009  2.42e-009  2.65e-005  5.69e-003  4.47e-003  1.88e-001  3.04e-002  5.48e-001  1.34e-002  1.34e-002  4.37e-002  
3.77248e+016 9.39e-013  2.51e-002  1.02e-005  3.05e-003  8.78e-002  6.07e-004  3.78e-005  1.71e-008  9.77e-009  7.35e-009  5.30e-005  3.28e-003  4.18e-003  2.14e-001  3.83e-002  5.12e-001  1.85e-002  1.85e-002  4.31e-002  
3.77450e+016 1.06e-012  2.20e-002  3.20e-005  5.14e-003  8.13e-002  1.10e-003  4.56e-005  3.54e-008  4.04e-008  2.60e-008  1.16e-004  1.54e-003  3.82e-003  2.47e-001  4.95e-002  4.63e-001  2.70e-002  2.70e-002  4.16e-002  
3.77655e+016 1.22e-012  1.90e-002  8.80e-005  8.17e-003  7.28e-002  1.85e-003  5.29e-005  6.70e-008  1.41e-007  8.04e-008  2.31e-004  6.88e-004  3.45e-003  2.79e-001  6.02e-002  4.11e-001  3.82e-002  3.82e-002  3.93e-002  
3.77936e+016 1.39e-012  1.63e-002  2.00e-004  1.23e-002  6.48e-002  2.95e-003  5.99e-005  1.18e-007  4.10e-007  2.19e-007  4.23e-004  3.08e-004  3.21e-003  3.11e-001  6.70e-002  3.68e-001  4.51e-002  4.51e-002  3.69e-002  
3.78016e+016 1.45e-012  1.56e-002  2.50e-004  1.38e-002  6.25e-002  3.35e-003  6.19e-005  1.38e-007  5.49e-007  2.89e-007  5.00e-004  2.64e-004  3.13e-003  3.21e-001  6.88e-002  3.55e-001  4.69e-002  4.69e-002  3.61e-002  
3.78111e+016 1.53e-012  1.48e-002  3.25e-004  1.59e-002  5.96e-002  3.89e-003  6.41e-005  1.65e-007  7.77e-007  4.00e-007  6.06e-004  2.24e-004  3.04e-003  3.32e-001  7.12e-002  3.40e-001  4.89e-002  4.89e-002  3.51e-002  
3.78273e+016 1.68e-012  1.34e-002  5.06e-004  1.98e-002  5.48e-002  5.00e-003  6.78e-005  2.22e-007  1.38e-006  6.90e-007  8.38e-004  1.78e-004  2.90e-003  3.52e-001  7.43e-002  3.14e-001  5.23e-002  5.23e-002  3.34e-002  
3.78530e+016 1.98e-012  1.13e-002  9.89e-004  2.78e-002  4.70e-002  7.27e-003  7.27e-005  3.50e-007  3.32e-006  1.57e-006  1.35e-003  1.30e-004  2.66e-003  3.83e-001  7.92e-002  2.72e-001  5.75e-002  5.75e-002  3.04e-002  
3.78818e+016 2.43e-012  9.08e-003  1.99e-003  3.94e-002  3.89e-002  1.07e-002  7.69e-005  5.59e-007  8.30e-006  3.72e-006  2.22e-003  9.21e-005  2.39e-003  4.15e-001  8.30e-002  2.26e-001  6.17e-002  6.17e-002  2.68e-002  
3.79076e+016 2.97e-012  7.40e-003  3.50e-003  5.22e-002  3.22e-002  1.47e-002  7.91e-005  8.21e-007  1.76e-005  7.50e-006  3.27e-003  6.73e-005  2.16e-003  4.41e-001  8.45e-002  1.88e-001  6.43e-002  6.43e-002  2.35e-002  
3.79253e+016 3.43e-012  6.41e-003  5.04e-003  6.23e-002  2.81e-002  1.78e-002  7.98e-005  1.05e-006  2.84e-005  1.17e-005  4.16e-003  5.45e-005  2.02e-003  4.54e-001  8.50e-002  1.64e-001  6.55e-002  6.55e-002  2.13e-002  
3.79502e+016 4.26e-012  5.16e-003  8.00e-003  7.79e-002  2.29e-002  2.28e-002  7.93e-005  1.45e-006  5.23e-005  2.08e-005  5.61e-003  4.08e-005  1.82e-003  4.71e-001  8.40e-002  1.33e-001  6.57e-002  6.57e-002  1.84e-002  
3.79755e+016 4.81e-012  4.57e-003  1.37e-002  1.07e-001  2.05e-002  3.18e-002  8.66e-005  2.22e-006  1.03e-004  3.95e-005  8.14e-003  3.45e-005  1.82e-003  4.22e-001  9.12e-002  1.19e-001  7.23e-002  7.23e-002  1.74e-002  
3.79897e+016 5.19e-012  4.24e-003  1.81e-002  1.25e-001  1.91e-002  3.77e-002  9.03e-005  2.79e-006  1.46e-004  5.47e-005  9.84e-003  3.16e-005  1.81e-003  3.91e-001  9.45e-002  1.11e-001  7.55e-002  7.55e-002  1.67e-002  
3.79918e+016 5.26e-012  4.18e-003  1.88e-002  1.28e-001  1.89e-002  3.86e-002  9.07e-005  2.89e-006  1.54e-004  5.74e-005  1.01e-002  3.12e-005  1.81e-003  3.86e-001  9.51e-002  1.10e-001  7.59e-002  7.59e-002  1.66e-002  
3.79956e+016 5.37e-012  4.10e-003  2.01e-002  1.33e-001  1.85e-002  4.02e-002  9.17e-005  3.07e-006  1.67e-004  6.22e-005  1.06e-002  3.06e-005  1.80e-003  3.78e-001  9.57e-002  1.07e-001  7.66e-002  7.66e-002  1.64e-002  
3.80017e+016 5.57e-012  3.95e-003  2.25e-002  1.42e-001  1.79e-002  4.29e-002  9.29e-005  3.36e-006  1.92e-004  7.08e-005  1.14e-002  2.95e-005  1.79e-003  3.65e-001  9.68e-002  1.04e-001  7.76e-002  7.76e-002  1.61e-002  
3.80129e+016 5.97e-012  3.68e-003  2.71e-002  1.57e-001  1.67e-002  4.81e-002  9.48e-005  3.99e-006  2.43e-004  8.83e-005  1.28e-002  2.80e-005  1.78e-003  3.42e-001  9.83e-002  9.71e-002  7.89e-002  7.89e-002  1.54e-002  
3.80319e+016 6.80e-012  3.25e-003  3.65e-002  1.85e-001  1.47e-002  5.72e-002  9.75e-005  5.28e-006  3.56e-004  1.26e-004  1.54e-002  2.57e-005  1.72e-003  3.02e-001  9.97e-002  8.59e-002  8.03e-002  8.03e-002  1.42e-002  
3.80578e+016 8.33e-012  2.68e-003  5.24e-002  2.26e-001  1.21e-002  7.01e-002  9.95e-005  7.65e-006  5.62e-004  1.93e-004  1.91e-002  2.38e-005  1.62e-003  2.47e-001  9.90e-002  7.10e-002  7.99e-002  7.99e-002  1.25e-002  
3.80629e+016 8.68e-012  2.58e-003  5.58e-002  2.33e-001  1.16e-002  7.26e-002  9.96e-005  8.20e-006  6.09e-004  2.09e-004  1.97e-002  2.36e-005  1.60e-003  2.38e-001  9.85e-002  6.82e-002  7.96e-002  7.96e-002  1.21e-002  
3.80713e+016 9.30e-012  2.42e-003  6.15e-002  2.45e-001  1.10e-002  7.66e-002  1.00e-004  9.19e-006  6.90e-004  2.33e-004  2.09e-002  2.33e-005  1.56e-003  2.23e-001  9.75e-002  6.39e-002  7.88e-002  7.88e-002  1.15e-002  
3.80859e+016 1.05e-011  2.15e-003  7.18e-002  2.65e-001  9.69e-003  8.29e-002  1.01e-004  1.11e-005  8.42e-004  2.80e-004  2.25e-002  2.29e-005  1.49e-003  1.99e-001  9.50e-002  5.68e-002  7.70e-002  7.70e-002  1.05e-002  
3.81083e+016 1.30e-011  1.76e-003  9.01e-002  2.95e-001  7.93e-003  9.24e-002  1.00e-004  1.50e-005  1.12e-003  3.65e-004  2.49e-002  2.27e-005  1.36e-003  1.62e-001  9.08e-002  4.66e-002  7.32e-002  7.32e-002  9.08e-003  
3.81265e+016 1.55e-011  1.49e-003  1.05e-001  3.17e-001  6.63e-003  9.98e-002  1.00e-004  1.93e-005  1.37e-003  4.39e-004  2.65e-002  2.28e-005  1.26e-003  1.37e-001  8.63e-002  3.94e-002  6.96e-002  6.96e-002  7.99e-003  
3.81480e+016 1.91e-011  1.24e-003  1.23e-001  3.38e-001  5.51e-003  1.07e-001  1.02e-004  2.60e-005  1.67e-003  5.23e-004  2.78e-002  2.29e-005  1.14e-003  1.13e-001  8.13e-002  3.25e-002  6.51e-002  6.51e-002  6.87e-003  
3.81769e+016 2.58e-011  9.40e-004  1.48e-001  3.65e-001  4.15e-003  1.15e-001  1.04e-004  4.23e-005  2.13e-003  6.52e-004  2.91e-002  2.29e-005  9.67e-004  8.58e-002  7.34e-002  2.45e-002  5.82e-002  5.82e-002  5.51e-003  
3.81836e+016 2.76e-011  8.85e-004  1.54e-001  3.70e-001  3.92e-003  1.16e-001  1.05e-004  4.82e-005  2.23e-003  6.78e-004  2.92e-002  2.29e-005  9.29e-004  8.05e-002  7.15e-002  2.30e-002  5.66e-002  5.66e-002  5.22e-003  
3.81952e+016 3.09e-011  7.96e-004  1.63e-001  3.79e-001  3.53e-003  1.18e-001  1.07e-004  6.15e-005  2.40e-003  7.25e-004  2.94e-002  2.28e-005  8.67e-004  7.25e-002  6.86e-002  2.06e-002  5.40e-002  5.40e-002  4.79e-003  
3.82149e+016 3.78e-011  6.64e-004  1.80e-001  3.91e-001  2.96e-003  1.22e-001  1.13e-004  9.68e-005  2.72e-003  8.04e-004  2.96e-002  2.23e-005  7.64e-004  6.00e-002  6.37e-002  1.71e-002  4.97e-002  4.97e-002  4.13e-003  
3.82433e+016 5.02e-011  5.11e-004  2.03e-001  4.06e-001  2.33e-003  1.26e-001  1.25e-004  2.01e-004  3.14e-003  9.14e-004  2.93e-002  2.11e-005  6.29e-004  4.60e-002  5.73e-002  1.30e-002  4.42e-002  4.42e-002  3.32e-003  
3.82740e+016 6.75e-011  3.91e-004  2.25e-001  4.19e-001  1.84e-003  1.29e-001  1.48e-004  4.44e-004  3.57e-003  1.02e-003  2.84e-002  1.88e-005  5.01e-004  3.48e-002  5.10e-002  9.76e-003  3.87e-002  3.87e-002  2.65e-003  
3.83054e+016 8.99e-011  2.99e-004  2.45e-001  4.30e-001  1.44e-003  1.31e-001  1.87e-004  9.06e-004  3.96e-003  1.11e-003  2.73e-002  1.57e-005  3.93e-004  2.65e-002  4.54e-002  7.35e-003  3.36e-002  3.36e-002  2.13e-003  
3.83376e+016 1.18e-010  2.32e-004  2.60e-001  4.40e-001  1.12e-003  1.32e-001  2.49e-004  1.56e-003  4.31e-003  1.18e-003  2.58e-002  1.21e-005  3.05e-004  2.03e-002  4.08e-002  5.56e-003  2.91e-002  2.91e-002  1.70e-003  
3.83751e+016 1.60e-010  1.74e-004  2.73e-001  4.50e-001  7.93e-004  1.32e-001  3.52e-004  2.17e-003  4.63e-003  1.24e-003  2.39e-002  8.06e-006  2.31e-004  1.51e-002  3.65e-002  4.06e-003  2.42e-002  2.42e-002  1.34e-003  
3.84132e+016 1.81e-010  1.58e-004  3.32e-001  4.09e-001  6.36e-004  1.18e-001  5.91e-004  2.22e-003  5.75e-003  1.11e-003  2.59e-002  5.25e-006  2.18e-004  1.34e-002  3.98e-002  3.54e-003  2.01e-002  2.01e-002  1.25e-003  
3.84531e+016 2.07e-010  1.41e-004  3.92e-001  3.67e-001  5.02e-004  1.04e-001  9.71e-004  2.15e-003  7.05e-003  9.75e-004  2.72e-002  4.36e-006  2.26e-004  1.18e-002  4.47e-002  3.05e-003  1.50e-002  1.50e-002  1.15e-003  
3.84962e+016 2.40e-010  1.25e-004  4.49e-001  3.24e-001  4.74e-004  9.11e-002  1.43e-003  2.34e-003  8.44e-003  8.53e-004  2.81e-002  6.16e-006  2.74e-004  1.04e-002  5.28e-002  2.57e-003  9.11e-003  9.11e-003  1.05e-003  
3.85449e+016 2.51e-010  1.24e-004  4.38e-001  3.20e-001  7.93e-004  8.93e-002  1.93e-003  3.01e-003  1.12e-002  8.37e-004  3.22e-002  1.50e-005  4.50e-004  1.01e-002  7.13e-002  2.41e-003  3.94e-003  3.94e-003  1.01e-003  
3.85990e+016 2.62e-010  1.25e-004  4.31e-001  3.11e-001  1.91e-003  8.76e-002  2.50e-003  3.66e-003  1.44e-002  8.19e-004  3.64e-002  3.81e-005  7.62e-004  9.87e-003  8.73e-002  2.24e-003  6.94e-004  6.94e-004  9.83e-004  
3.86597e+016 2.70e-010  1.28e-004  4.34e-001  2.99e-001  5.08e-003  8.71e-002  3.52e-003  4.63e-003  1.82e-002  8.23e-004  4.19e-002  9.86e-005  1.10e-003  9.89e-003  8.49e-002  2.11e-003  2.35e-005  2.35e-005  9.71e-004  
3.87288e+016 2.73e-010  1.37e-004  4.50e-001  2.81e-001  1.45e-002  8.79e-002  5.82e-003  6.59e-003  2.31e-002  8.53e-004  4.87e-002  2.75e-004  1.16e-003  1.02e-002  6.00e-002  2.02e-003  2.95e-007  2.95e-007  9.92e-004  
3.88139e+016 2.83e-010  1.49e-004  4.70e-001  2.48e-001  4.39e-002  8.60e-002  1.12e-002  9.48e-003  2.96e-002  8.98e-004  5.48e-002  7.89e-004  6.93e-004  1.07e-002  2.36e-002  1.91e-003  1.27e-008  1.27e-008  1.02e-003  
3.89093e+016 3.21e-010  1.57e-004  4.73e-001  1.99e-001  1.06e-001  7.47e-002  2.00e-002  1.16e-002  3.52e-002  9.06e-004  5.42e-002  1.83e-003  1.57e-004  1.07e-002  3.52e-003  1.73e-003  7.41e-010  7.41e-010  1.00e-003  
3.90068e+016 4.03e-010  1.57e-004  4.54e-001  1.49e-001  1.86e-001  5.78e-002  2.88e-002  1.19e-002  3.82e-002  8.73e-004  5.06e-002  3.28e-003  1.28e-005  1.02e-002  1.74e-004  1.54e-003  1.57e-010  1.57e-010  9.38e-004  
3.91088e+016 5.45e-010  1.55e-004  4.30e-001  1.09e-001  2.64e-001  4.11e-002  3.47e-002  1.10e-002  3.97e-002  8.28e-004  4.63e-002  4.92e-003  1.96e-006  9.62e-003  3.71e-006  1.38e-003  6.72e-011  6.72e-011  8.55e-004  
3.92181e+016 7.73e-010  1.54e-004  4.06e-001  8.00e-002  3.30e-001  2.86e-002  3.71e-002  9.59e-003  4.05e-002  7.89e-004  4.18e-002  6.70e-003  1.93e-006  9.06e-003  1.89e-006  1.31e-003  3.33e-011  3.33e-011  7.74e-004  
3.93325e+016 1.11e-009  1.56e-004  3.90e-001  6.05e-002  3.76e-001  2.05e-002  3.70e-002  8.32e-003  4.08e-002  7.68e-004  3.79e-002  8.41e-003  1.97e-006  8.63e-003  2.31e-006  1.28e-003  1.87e-011  1.87e-011  6.99e-004  
3.94519e+016 1.58e-009  1.61e-004  3.81e-001  4.78e-002  4.05e-001  1.55e-002  3.57e-002  7.34e-003  4.09e-002  7.65e-004  3.42e-002  9.93e-003  1.94e-006  8.35e-003  2.65e-006  1.29e-003  1.19e-011  1.19e-011  6.23e-004  
3.95803e+016 2.22e-009  1.68e-004  3.78e-001  3.97e-002  4.24e-001  1.25e-002  3.41e-002  6.58e-003  4.04e-002  7.75e-004  3.06e-002  1.12e-002  1.83e-006  8.11e-003  2.88e-006  1.31e-003  8.69e-012  8.69e-012  5.41e-004  
3.97190e+016 3.04e-009  1.78e-004  3.78e-001  3.49e-002  4.34e-001  1.08e-002  3.29e-002  6.15e-003  3.95e-002  8.06e-004  2.69e-002  1.21e-002  1.68e-006  7.93e-003  3.06e-006  1.31e-003  7.27e-012  7.27e-012  4.41e-004  
3.98699e+016 4.05e-009  1.90e-004  3.82e-001  3.28e-002  4.39e-001  1.01e-002  3.21e-002  5.97e-003  3.73e-002  8.54e-004  2.31e-002  1.26e-002  1.50e-006  7.72e-003  3.16e-006  1.29e-003  6.81e-012  6.81e-012  3.31e-004  
4.00514e+016 5.34e-009  2.08e-004  3.89e-001  3.26e-002  4.40e-001  1.01e-002  3.18e-002  6.04e-003  3.42e-002  9.34e-004  1.91e-002  1.27e-002  1.29e-006  7.47e-003  3.24e-006  1.23e-003  7.04e-012  7.04e-012  2.13e-004  
4.02549e+016 6.82e-009  2.29e-004  3.99e-001  3.48e-002  4.36e-001  1.10e-002  3.23e-002  6.37e-003  3.01e-002  1.05e-003  1.50e-002  1.22e-002  1.08e-006  7.09e-003  3.26e-006  1.13e-003  7.79e-012  7.79e-012  1.16e-004  
4.04761e+016 8.35e-009  2.56e-004  4.12e-001  3.93e-002  4.25e-001  1.28e-002  3.32e-002  6.96e-003  2.56e-002  1.21e-003  1.13e-002  1.14e-002  8.71e-007  6.60e-003  3.22e-006  1.02e-003  9.02e-012  9.02e-012  5.69e-005  
4.07070e+016 9.81e-009  2.89e-004  4.27e-001  4.65e-002  4.08e-001  1.58e-002  3.44e-002  7.80e-003  2.12e-002  1.40e-003  8.30e-003  1.03e-002  6.95e-007  6.05e-003  3.06e-006  9.11e-004  1.07e-011  1.07e-011  2.93e-005  
4.09451e+016 1.11e-008  3.27e-004  4.46e-001  5.67e-002  3.82e-001  2.01e-002  3.53e-002  8.84e-003  1.71e-002  1.62e-003  5.96e-003  8.97e-003  5.50e-007  5.44e-003  2.84e-006  8.12e-004  1.29e-011  1.29e-011  1.78e-005  
4.11988e+016 1.24e-008  3.76e-004  4.69e-001  7.17e-002  3.44e-001  2.64e-002  3.59e-002  1.01e-002  1.35e-002  1.89e-003  4.10e-003  7.44e-003  4.28e-007  4.75e-003  2.58e-006  7.17e-004  1.62e-011  1.62e-011  1.23e-005  
4.14624e+016 1.35e-008  4.36e-004  4.97e-001  9.32e-002  2.93e-001  3.55e-002  3.53e-002  1.15e-002  1.04e-002  2.18e-003  2.72e-003  5.78e-003  3.33e-007  4.04e-003  2.28e-006  6.29e-004  2.10e-011  2.10e-011  8.73e-006  
4.17462e+016 1.46e-008  5.12e-004  5.29e-001  1.23e-001  2.26e-001  4.82e-002  3.27e-002  1.28e-002  7.73e-003  2.52e-003  1.68e-003  4.06e-003  2.59e-007  3.28e-003  1.94e-006  5.34e-004  2.80e-011  2.80e-011  6.05e-006  
4.20512e+016 1.59e-008  6.02e-004  5.59e-001  1.63e-001  1.51e-001  6.35e-002  2.73e-002  1.35e-002  5.46e-003  2.85e-003  9.43e-004  2.48e-003  2.02e-007  2.50e-003  1.55e-006  4.30e-004  3.77e-011  3.77e-011  3.88e-006  
4.23867e+016 1.78e-008  7.03e-004  5.79e-001  2.09e-001  8.21e-002  7.93e-002  1.98e-002  1.29e-002  3.60e-003  3.13e-003  4.27e-004  1.24e-003  1.59e-007  1.72e-003  1.12e-006  3.21e-004  5.08e-011  5.08e-011  2.15e-006  
4.27356e+016 2.05e-008  7.93e-004  5.84e-001  2.52e-001  3.69e-002  8.95e-002  1.31e-002  1.11e-002  2.23e-003  3.28e-003  1.64e-004  5.06e-004  1.30e-007  1.05e-003  7.64e-007  2.29e-004  6.96e-011  6.96e-011  1.02e-006  
4.30994e+016 2.44e-008  8.82e-004  5.78e-001  2.84e-001  1.48e-002  9.35e-002  8.98e-003  8.98e-003  1.32e-003  3.33e-003  5.78e-005  1.80e-004  1.14e-007  5.66e-004  5.29e-007  1.70e-004  1.07e-010  1.07e-010  4.35e-007  
4.34671e+016 2.90e-008  9.84e-004  5.69e-001  3.05e-001  6.56e-003  9.46e-002  7.18e-003  7.32e-003  7.63e-004  3.34e-003  1.97e-005  6.63e-005  1.09e-007  2.72e-004  4.14e-007  1.36e-004  1.96e-010  1.96e-010  2.03e-007  
4.38104e+016 3.01e-008  1.23e-003  5.09e-001  3.56e-001  4.52e-003  1.07e-001  6.82e-003  7.25e-003  5.12e-004  3.79e-003  8.15e-006  3.72e-005  1.20e-007  1.40e-004  3.56e-007  1.29e-004  4.36e-010  4.36e-010  1.25e-007  
4.41007e+016 2.94e-008  1.57e-003  4.25e-001  4.21e-001  4.31e-003  1.25e-001  6.83e-003  7.95e-003  3.84e-004  4.42e-003  4.08e-006  3.10e-005  1.36e-007  7.68e-005  3.01e-007  1.32e-004  9.17e-010  9.17e-010  1.04e-007  
4.42181e+016 2.91e-008  1.74e-003  3.88e-001  4.49e-001  4.39e-003  1.33e-001  6.83e-003  8.37e-003  3.36e-004  4.70e-003  3.06e-006  3.05e-005  1.45e-007  5.87e-005  2.84e-007  1.33e-004  1.20e-009  1.20e-009  1.04e-007  
4.42811e+016 2.88e-008  1.85e-003  3.61e-001  4.69e-001  4.48e-003  1.39e-001  6.81e-003  8.65e-003  3.06e-004  4.90e-003  2.60e-006  3.05e-005  1.53e-007  5.07e-005  2.79e-007  1.35e-004  1.44e-009  1.44e-009  1.05e-007  
4.43809e+016 2.82e-008  2.03e-003  3.53e-001  4.75e-001  4.71e-003  1.41e-001  7.01e-003  8.89e-003  2.90e-004  4.96e-003  2.14e-006  3.19e-005  1.64e-007  4.00e-005  2.87e-007  1.37e-004  1.77e-009  1.77e-009  1.12e-007  
4.45030e+016 2.62e-008  2.41e-003  3.48e-001  4.77e-001  5.23e-003  1.41e-001  7.60e-003  9.24e-003  2.76e-004  4.89e-003  1.75e-006  3.60e-005  1.88e-007  3.11e-005  3.04e-007  1.48e-004  2.25e-009  2.25e-009  1.26e-007  
4.45401e+016 2.35e-008  2.78e-003  3.44e-001  4.77e-001  5.88e-003  1.43e-001  8.19e-003  9.68e-003  2.69e-004  4.82e-003  1.70e-006  4.10e-005  2.19e-007  3.12e-005  3.23e-007  1.65e-004  2.57e-009  2.57e-009  1.41e-007  
4.45998e+016 2.22e-008  3.08e-003  3.42e-001  4.78e-001  6.32e-003  1.43e-001  8.57e-003  9.93e-003  2.62e-004  4.78e-003  1.58e-006  4.44e-005  2.44e-007  2.79e-005  3.33e-007  1.74e-004  3.08e-009  3.08e-009  1.53e-007  
4.46779e+016 2.21e-008  3.27e-003  3.40e-001  4.79e-001  6.51e-003  1.44e-001  8.76e-003  1.00e-002  2.56e-004  4.74e-003  1.41e-006  4.61e-005  2.49e-007  2.23e-005  3.38e-007  1.74e-004  3.50e-009  3.50e-009  1.60e-007  
4.48006e+016 2.05e-008  3.88e-003  3.35e-001  4.81e-001  7.36e-003  1.45e-001  9.50e-003  1.04e-002  2.44e-004  4.68e-003  1.21e-006  5.31e-005  2.87e-007  1.67e-005  3.58e-007  1.87e-004  4.27e-009  4.27e-009  1.83e-007  
4.48529e+016 1.67e-008  4.98e-003  3.25e-001  4.83e-001  9.17e-003  1.47e-001  1.08e-002  1.12e-002  2.31e-004  4.51e-003  1.19e-006  6.83e-005  3.73e-007  1.75e-005  4.01e-007  2.28e-004  5.13e-009  5.13e-009  2.25e-007  
4.48834e+016 1.62e-008  5.27e-003  3.23e-001  4.84e-001  9.47e-003  1.47e-001  1.11e-002  1.13e-002  2.27e-004  4.48e-003  1.16e-006  7.18e-005  4.08e-007  1.65e-005  4.06e-007  2.35e-004  5.57e-009  5.57e-009  2.35e-007  
4.49346e+016 1.65e-008  5.36e-003  3.23e-001  4.84e-001  9.50e-003  1.47e-001  1.11e-002  1.13e-002  2.26e-004  4.48e-003  1.10e-006  7.14e-005  4.00e-007  1.39e-005  4.01e-007  2.29e-004  5.99e-009  5.99e-009  2.38e-007  
4.49870e+016 1.66e-008  5.54e-003  3.22e-001  4.84e-001  9.68e-003  1.47e-001  1.12e-002  1.14e-002  2.23e-004  4.46e-003  1.03e-006  7.33e-005  4.02e-007  1.18e-005  4.03e-007  2.26e-004  6.37e-009  6.37e-009  2.45e-007  
4.50684e+016 1.60e-008  6.13e-003  3.19e-001  4.85e-001  1.04e-002  1.48e-001  1.17e-002  1.17e-002  2.17e-004  4.40e-003  9.50e-007  8.00e-005  4.34e-007  9.68e-006  4.17e-007  2.34e-004  7.06e-009  7.06e-009  2.67e-007  
4.51867e+016 1.45e-008  7.43e-003  3.11e-001  4.87e-001  1.20e-002  1.49e-001  1.27e-002  1.22e-002  2.06e-004  4.26e-003  8.60e-007  9.42e-005  5.11e-007  7.70e-006  4.46e-007  2.53e-004  8.32e-009  8.32e-009  3.12e-007  
4.51946e+016 1.17e-008  9.34e-003  2.99e-001  4.89e-001  1.48e-002  1.51e-001  1.45e-002  1.29e-002  1.92e-004  4.05e-003  8.91e-007  1.22e-004  6.53e-007  9.43e-006  4.99e-007  3.14e-004  9.51e-009  9.51e-009  3.76e-007  
4.52061e+016 1.12e-008  9.79e-003  2.96e-001  4.90e-001  1.54e-002  1.51e-001  1.48e-002  1.30e-002  1.90e-004  4.01e-003  8.90e-007  1.27e-004  7.14e-007  9.52e-006  5.10e-007  3.25e-004  9.88e-009  9.88e-009  3.92e-007  
4.52265e+016 1.13e-008  9.89e-003  2.97e-001  4.90e-001  1.53e-002  1.51e-001  1.47e-002  1.31e-002  1.89e-004  4.01e-003  8.76e-007  1.27e-004  7.25e-007  8.92e-006  5.04e-007  3.22e-004  1.02e-008  1.02e-008  3.93e-007  
4.52632e+016 1.15e-008  9.98e-003  2.97e-001  4.90e-001  1.53e-002  1.51e-001  1.46e-002  1.31e-002  1.88e-004  4.01e-003  8.49e-007  1.27e-004  7.14e-007  8.08e-006  4.96e-007  3.14e-004  1.05e-008  1.05e-008  3.98e-007  
4.53239e+016 1.18e-008  1.02e-002  2.96e-001  4.91e-001  1.54e-002  1.51e-001  1.47e-002  1.31e-002  1.88e-004  4.01e-003  8.05e-007  1.28e-004  7.00e-007  6.95e-006  4.94e-007  3.05e-004  1.11e-008  1.11e-008  4.09e-007  
4.54167e+016 1.14e-008  1.13e-002  2.92e-001  4.90e-001  1.66e-002  1.52e-001  1.53e-002  1.34e-002  1.81e-004  3.92e-003  7.52e-007  1.40e-004  7.47e-007  6.11e-006  5.12e-007  3.11e-004  1.22e-008  1.22e-008  4.48e-007  
4.55446e+016 1.02e-008  1.40e-002  2.82e-001  4.92e-001  1.94e-002  1.53e-001  1.67e-002  1.39e-002  1.69e-004  3.74e-003  6.95e-007  1.69e-004  8.86e-007  5.81e-006  5.51e-007  3.38e-004  1.43e-008  1.43e-008  5.35e-007  
4.55658e+016 9.47e-009  1.53e-002  2.77e-001  4.93e-001  2.11e-002  1.53e-001  1.75e-002  1.41e-002  1.64e-004  3.64e-003  6.92e-007  1.86e-004  9.66e-007  6.15e-006  5.74e-007  3.61e-004  1.51e-008  1.51e-008  5.78e-007  
4.55697e+016 7.79e-009  1.87e-002  2.63e-001  4.94e-001  2.55e-002  1.54e-001  1.95e-002  1.48e-002  1.51e-004  3.41e-003  7.10e-007  2.34e-004  1.19e-006  7.44e-006  6.35e-007  4.36e-004  1.68e-008  1.68e-008  6.84e-007  
4.55761e+016 7.40e-009  1.99e-002  2.59e-001  4.95e-001  2.68e-002  1.54e-001  2.01e-002  1.49e-002  1.49e-004  3.35e-003  7.11e-007  2.49e-004  1.30e-006  7.80e-006  6.54e-007  4.58e-004  1.74e-008  1.74e-008  7.19e-007  
4.55871e+016 7.43e-009  1.99e-002  2.60e-001  4.94e-001  2.66e-002  1.55e-001  2.01e-002  1.49e-002  1.48e-004  3.35e-003  7.07e-007  2.48e-004  1.34e-006  7.70e-006  6.51e-007  4.55e-004  1.76e-008  1.76e-008  7.23e-007  
4.56066e+016 7.51e-009  2.01e-002  2.60e-001  4.94e-001  2.65e-002  1.55e-001  1.99e-002  1.49e-002  1.48e-004  3.36e-003  6.98e-007  2.45e-004  1.35e-006  7.51e-006  6.42e-007  4.49e-004  1.80e-008  1.80e-008  7.26e-007  
4.56410e+016 7.62e-009  2.03e-002  2.60e-001  4.94e-001  2.64e-002  1.55e-001  1.97e-002  1.50e-002  1.48e-004  3.36e-003  6.85e-007  2.45e-004  1.32e-006  7.27e-006  6.32e-007  4.38e-004  1.86e-008  1.86e-008  7.36e-007  
4.56849e+016 7.79e-009  2.05e-002  2.61e-001  4.94e-001  2.64e-002  1.54e-001  1.96e-002  1.50e-002  1.48e-004  3.36e-003  6.66e-007  2.45e-004  1.30e-006  6.97e-006  6.26e-007  4.25e-004  1.93e-008  1.93e-008  7.48e-007  
4.57241e+016 7.83e-009  2.11e-002  2.59e-001  4.94e-001  2.68e-002  1.54e-001  1.97e-002  1.49e-002  1.46e-004  3.33e-003  6.51e-007  2.50e-004  1.30e-006  6.86e-006  6.29e-007  4.19e-004  1.98e-008  1.98e-008  7.66e-007  
4.57850e+016 7.64e-009  2.26e-002  2.55e-001  4.94e-001  2.83e-002  1.54e-001  2.03e-002  1.52e-002  1.43e-004  3.27e-003  6.30e-007  2.67e-004  1.36e-006  6.95e-006  6.46e-007  4.21e-004  2.09e-008  2.09e-008  8.18e-007  
4.58802e+016 7.08e-009  2.63e-002  2.46e-001  4.94e-001  3.16e-002  1.55e-001  2.15e-002  1.55e-002  1.34e-004  3.12e-003  6.03e-007  3.06e-004  1.52e-006  7.50e-006  6.86e-007  4.42e-004  2.33e-008  2.33e-008  9.35e-007  
4.59720e+016 6.45e-009  3.10e-002  2.36e-001  4.93e-001  3.60e-002  1.55e-001  2.30e-002  1.58e-002  1.25e-004  2.95e-003  5.80e-007  3.57e-004  1.74e-006  8.33e-006  7.31e-007  4.72e-004  2.62e-008  2.62e-008  1.09e-006  
4.59734e+016 5.92e-009  3.40e-002  2.30e-001  4.92e-001  3.91e-002  1.54e-001  2.40e-002  1.60e-002  1.20e-004  2.84e-003  5.82e-007  3.94e-004  1.89e-006  9.08e-006  7.62e-007  5.11e-004  2.74e-008  2.74e-008  1.17e-006  
4.59759e+016 4.93e-009  4.10e-002  2.15e-001  4.89e-001  4.69e-002  1.53e-001  2.66e-002  1.63e-002  1.08e-004  2.60e-003  5.84e-007  4.91e-004  2.29e-006  1.09e-005  8.34e-007  6.09e-004  3.02e-008  3.02e-008  1.36e-006  
4.59802e+016 4.57e-009  4.44e-002  2.08e-001  4.88e-001  5.03e-002  1.53e-001  2.76e-002  1.64e-002  1.03e-004  2.49e-003  5.84e-007  5.38e-004  2.54e-006  1.17e-005  8.69e-007  6.52e-004  3.15e-008  3.15e-008  1.46e-006  
4.59873e+016 4.57e-009  4.47e-002  2.08e-001  4.88e-001  5.02e-002  1.53e-001  2.74e-002  1.64e-002  1.03e-004  2.50e-003  5.83e-007  5.37e-004  2.61e-006  1.18e-005  8.74e-007  6.53e-004  3.18e-008  3.18e-008  1.47e-006  
4.59993e+016 4.59e-009  4.49e-002  2.08e-001  4.89e-001  4.97e-002  1.53e-001  2.73e-002  1.64e-002  1.03e-004  2.49e-003  5.80e-007  5.34e-004  2.66e-006  1.18e-005  8.70e-007  6.48e-004  3.23e-008  3.23e-008  1.49e-006  
4.60196e+016 4.63e-009  4.52e-002  2.09e-001  4.89e-001  4.93e-002  1.53e-001  2.70e-002  1.65e-002  1.03e-004  2.49e-003  5.77e-007  5.30e-004  2.66e-006  1.17e-005  8.62e-007  6.38e-004  3.31e-008  3.31e-008  1.50e-006  
4.60580e+016 4.71e-009  4.56e-002  2.09e-001  4.88e-001  4.90e-002  1.54e-001  2.68e-002  1.65e-002  1.03e-004  2.51e-003  5.69e-007  5.27e-004  2.61e-006  1.16e-005  8.49e-007  6.18e-004  3.42e-008  3.42e-008  1.52e-006  
4.61139e+016 4.83e-009  4.63e-002  2.09e-001  4.88e-001  4.92e-002  1.53e-001  2.65e-002  1.66e-002  1.03e-004  2.48e-003  5.56e-007  5.30e-004  2.54e-006  1.15e-005  8.44e-007  5.92e-004  3.56e-008  3.56e-008  1.56e-006  
4.61801e+016 4.78e-009  4.93e-002  2.05e-001  4.87e-001  5.14e-002  1.53e-001  2.70e-002  1.66e-002  9.97e-005  2.43e-003  5.41e-007  5.60e-004  2.61e-006  1.18e-005  8.68e-007  5.81e-004  3.78e-008  3.78e-008  1.66e-006  
4.62829e+016 4.44e-009  5.77e-002  1.94e-001  4.82e-001  5.79e-002  1.52e-001  2.84e-002  1.68e-002  9.19e-005  2.27e-003  5.20e-007  6.46e-004  2.91e-006  1.32e-005  9.30e-007  5.99e-004  4.23e-008  4.23e-008  1.91e-006  
4.63958e+016 3.97e-009  7.05e-002  1.79e-001  4.76e-001  6.70e-002  1.49e-001  3.02e-002  1.69e-002  8.11e-005  2.04e-003  4.93e-007  7.80e-004  3.35e-006  1.53e-005  1.02e-006  6.32e-004  4.88e-008  4.88e-008  2.30e-006  
4.64165e+016 3.81e-009  7.46e-002  1.74e-001  4.73e-001  7.04e-002  1.48e-001  3.07e-002  1.69e-002  7.78e-005  1.97e-003  4.89e-007  8.28e-004  3.52e-006  1.61e-005  1.05e-006  6.52e-004  5.07e-008  5.07e-008  2.43e-006  
4.64187e+016 3.21e-009  8.92e-002  1.58e-001  4.62e-001  8.33e-002  1.45e-001  3.34e-002  1.67e-002  6.77e-005  1.73e-003  4.77e-007  1.02e-003  4.18e-006  1.90e-005  1.13e-006  7.67e-004  5.49e-008  5.49e-008  2.80e-006  
4.64224e+016 2.76e-009  1.04e-001  1.44e-001  4.49e-001  9.63e-002  1.40e-001  3.59e-002  1.64e-002  5.90e-005  1.53e-003  4.63e-007  1.23e-003  4.92e-006  2.21e-005  1.21e-006  8.80e-004  5.87e-008  5.87e-008  3.18e-006  
4.64286e+016 2.66e-009  1.09e-001  1.40e-001  4.47e-001  9.91e-002  1.39e-001  3.63e-002  1.63e-002  5.67e-005  1.48e-003  4.58e-007  1.28e-003  5.22e-006  2.29e-005  1.24e-006  9.09e-004  6.01e-008  6.01e-008  3.32e-006  
4.64396e+016 2.67e-009  1.09e-001  1.40e-001  4.46e-001  9.87e-002  1.40e-001  3.61e-002  1.64e-002  5.66e-005  1.48e-003  4.58e-007  1.28e-003  5.29e-006  2.30e-005  1.25e-006  9.04e-004  6.11e-008  6.11e-008  3.38e-006  
4.64596e+016 2.68e-009  1.10e-001  1.40e-001  4.47e-001  9.73e-002  1.40e-001  3.56e-002  1.64e-002  5.66e-005  1.48e-003  4.58e-007  1.26e-003  5.33e-006  2.30e-005  1.26e-006  8.87e-004  6.30e-008  6.30e-008  3.43e-006  
4.64933e+016 2.72e-009  1.11e-001  1.41e-001  4.48e-001  9.58e-002  1.40e-001  3.50e-002  1.65e-002  5.69e-005  1.48e-003  4.55e-007  1.24e-003  5.29e-006  2.30e-005  1.26e-006  8.59e-004  6.54e-008  6.54e-008  3.50e-006  
4.65501e+016 2.79e-009  1.13e-001  1.41e-001  4.47e-001  9.52e-002  1.41e-001  3.43e-002  1.66e-002  5.69e-005  1.49e-003  4.51e-007  1.23e-003  5.15e-006  2.29e-005  1.27e-006  8.16e-004  6.94e-008  6.94e-008  3.58e-006  
4.66259e+016 2.80e-009  1.20e-001  1.37e-001  4.43e-001  9.86e-002  1.39e-001  3.42e-002  1.65e-002  5.47e-005  1.44e-003  4.39e-007  1.29e-003  5.22e-006  2.34e-005  1.31e-006  7.79e-004  7.47e-008  7.47e-008  3.79e-006  
4.67450e+016 2.61e-009  1.41e-001  1.23e-001  4.29e-001  1.11e-001  1.34e-001  3.52e-002  1.61e-002  4.71e-005  1.26e-003  4.10e-007  1.50e-003  5.70e-006  2.62e-005  1.44e-006  7.77e-004  8.53e-008  8.53e-008  4.44e-006  
4.68726e+016 2.33e-009  1.74e-001  1.06e-001  4.04e-001  1.28e-001  1.26e-001  3.64e-002  1.54e-002  3.79e-005  1.03e-003  3.76e-007  1.83e-003  6.57e-006  3.07e-005  1.62e-006  7.94e-004  1.01e-007  1.01e-007  5.45e-006  
4.69009e+016 2.27e-009  1.84e-001  1.01e-001  3.97e-001  1.32e-001  1.24e-001  3.66e-002  1.52e-002  3.57e-005  9.75e-004  3.67e-007  1.92e-003  6.80e-006  3.18e-005  1.67e-006  7.99e-004  1.05e-007  1.05e-007  5.74e-006  
4.69024e+016 2.18e-009  1.91e-001  9.71e-002  3.91e-001  1.37e-001  1.21e-001  3.71e-002  1.49e-002  3.39e-005  9.30e-004  3.60e-007  2.01e-003  7.05e-006  3.30e-005  1.69e-006  8.25e-004  1.06e-007  1.06e-007  5.91e-006  
4.69048e+016 2.00e-009  2.09e-001  8.77e-002  3.73e-001  1.49e-001  1.16e-001  3.81e-002  1.43e-002  2.93e-005  8.11e-004  3.40e-007  2.26e-003  7.71e-006  3.61e-005  1.74e-006  8.92e-004  1.09e-007  1.09e-007  6.31e-006  
4.69090e+016 1.79e-009  2.36e-001  7.55e-002  3.50e-001  1.66e-001  1.07e-001  3.93e-002  1.34e-002  2.40e-005  6.77e-004  3.14e-007  2.62e-003  8.67e-006  4.03e-005  1.80e-006  9.85e-004  1.12e-007  1.12e-007  6.94e-006  
4.69160e+016 1.63e-009  2.60e-001  6.56e-002  3.28e-001  1.80e-001  1.01e-001  3.99e-002  1.24e-002  1.99e-005  5.69e-004  2.89e-007  2.97e-003  9.56e-006  4.42e-005  1.86e-006  1.06e-003  1.15e-007  1.15e-007  7.54e-006  
4.69279e+016 1.60e-009  2.67e-001  6.37e-002  3.23e-001  1.81e-001  9.87e-002  3.97e-002  1.23e-002  1.91e-005  5.47e-004  2.84e-007  3.02e-003  9.75e-006  4.53e-005  1.91e-006  1.07e-003  1.18e-007  1.18e-007  7.87e-006  
4.69476e+016 1.60e-009  2.70e-001  6.36e-002  3.25e-001  1.78e-001  9.91e-002  3.93e-002  1.23e-002  1.91e-005  5.48e-004  2.84e-007  2.96e-003  9.78e-006  4.55e-005  1.97e-006  1.05e-003  1.22e-007  1.22e-007  8.10e-006  
4.69806e+016 1.62e-009  2.74e-001  6.41e-002  3.26e-001  1.73e-001  9.99e-002  3.85e-002  1.25e-002  1.92e-005  5.50e-004  2.85e-007  2.88e-003  9.80e-006  4.56e-005  2.06e-006  1.02e-003  1.29e-007  1.29e-007  8.32e-006  
4.70337e+016 1.65e-009  2.80e-001  6.41e-002  3.28e-001  1.67e-001  1.00e-001  3.75e-002  1.26e-002  1.93e-005  5.54e-004  2.85e-007  2.80e-003  9.67e-006  4.56e-005  2.17e-006  9.61e-004  1.39e-007  1.39e-007  8.52e-006  
4.70622e+016 1.67e-009  2.83e-001  6.39e-002  3.27e-001  1.66e-001  1.00e-001  3.69e-002  1.25e-002  1.91e-005  5.50e-004  2.84e-007  2.78e-003  9.62e-006  4.57e-005  2.21e-006  9.26e-004  1.44e-007  1.44e-007  8.66e-006  
4.71061e+016 1.68e-009  2.91e-001  6.19e-002  3.22e-001  1.67e-001  9.89e-002  3.63e-002  1.24e-002  1.84e-005  5.31e-004  2.78e-007  2.81e-003  9.65e-006  4.63e-005  2.28e-006  8.93e-004  1.52e-007  1.52e-007  8.93e-006  
4.71746e+016 1.66e-009  3.11e-001  5.72e-002  3.09e-001  1.71e-001  9.47e-002  3.56e-002  1.19e-002  1.65e-005  4.79e-004  2.63e-007  2.94e-003  9.77e-006  4.82e-005  2.39e-006  8.51e-004  1.65e-007  1.65e-007  9.53e-006  
4.72860e+016 1.58e-009  3.55e-001  4.66e-002  2.79e-001  1.80e-001  8.48e-002  3.44e-002  1.07e-002  1.26e-005  3.73e-004  2.30e-007  3.26e-003  1.02e-005  5.26e-005  2.61e-006  8.04e-004  1.88e-007  1.88e-007  1.09e-005  
4.74240e+016 1.47e-009  4.24e-001  3.34e-002  2.34e-001  1.87e-001  7.06e-002  3.21e-002  8.83e-003  8.15e-006  2.49e-004  1.83e-007  3.67e-003  1.10e-005  5.96e-005  2.96e-006  7.40e-004  2.20e-007  2.20e-007  1.30e-005  
4.74305e+016 1.47e-009  4.27e-001  3.29e-002  2.32e-001  1.87e-001  6.95e-002  3.20e-002  8.79e-003  7.98e-006  2.43e-004  1.81e-007  3.69e-003  1.10e-005  5.99e-005  2.98e-006  7.36e-004  2.22e-007  2.22e-007  1.31e-005  
4.74313e+016 1.47e-009  4.28e-001  3.27e-002  2.32e-001  1.88e-001  6.96e-002  3.19e-002  8.73e-003  7.91e-006  2.42e-004  1.81e-007  3.69e-003  1.10e-005  5.98e-005  2.98e-006  7.37e-004  2.22e-007  2.22e-007  1.31e-005  
4.74348e+016 1.45e-009  4.35e-001  3.14e-002  2.27e-001  1.89e-001  6.80e-002  3.18e-002  8.56e-003  7.53e-006  2.31e-004  1.76e-007  3.76e-003  1.12e-005  5.94e-005  2.98e-006  7.46e-004  2.22e-007  2.22e-007  1.33e-005  
4.74406e+016 1.40e-009  4.53e-001  2.77e-002  2.12e-001  1.95e-001  6.32e-002  3.13e-002  7.94e-003  6.42e-006  1.99e-004  1.62e-007  3.97e-003  1.16e-005  5.82e-005  2.97e-006  7.58e-004  2.20e-007  2.20e-007  1.36e-005  
4.74503e+016 1.32e-009  4.85e-001  2.21e-002  1.87e-001  2.04e-001  5.53e-002  3.04e-002  6.86e-003  4.80e-006  1.51e-004  1.38e-007  4.36e-003  1.21e-005  5.65e-005  2.95e-006  7.87e-004  2.17e-007  2.17e-007  1.42e-005  
4.74676e+016 1.24e-009  5.23e-001  1.66e-002  1.59e-001  2.10e-001  4.64e-002  2.88e-002  5.70e-003  3.32e-006  1.07e-004  1.13e-007  4.77e-003  1.27e-005  5.54e-005  2.94e-006  8.04e-004  2.12e-007  2.12e-007  1.53e-005  
4.74972e+016 1.20e-009  5.56e-001  1.35e-002  1.42e-001  2.05e-001  4.11e-002  2.75e-002  5.01e-003  2.55e-006  8.33e-005  9.74e-008  4.87e-003  1.31e-005  5.80e-005  3.08e-006  8.00e-004  2.17e-007  2.17e-007  1.64e-005  
4.75283e+016 1.19e-009  5.71e-001  1.30e-002  1.40e-001  1.95e-001  4.03e-002  2.69e-002  4.90e-003  2.42e-006  7.93e-005  9.46e-008  4.68e-003  1.32e-005  6.23e-005  3.32e-006  7.76e-004  2.29e-007  2.29e-007  1.71e-005  
4.75365e+016 1.20e-009  5.74e-001  1.30e-002  1.40e-001  1.92e-001  4.03e-002  2.68e-002  4.90e-003  2.41e-006  7.91e-005  9.45e-008  4.62e-003  1.33e-005  6.34e-005  3.40e-006  7.69e-004  2.33e-007  2.33e-007  1.72e-005  
4.75556e+016 1.20e-009  5.80e-001  1.29e-002  1.40e-001  1.86e-001  4.04e-002  2.65e-002  4.91e-003  2.40e-006  7.89e-005  9.50e-008  4.47e-003  1.33e-005  6.56e-005  3.55e-006  7.50e-004  2.42e-007  2.42e-007  1.74e-005  
4.75856e+016 1.21e-009  5.89e-001  1.29e-002  1.40e-001  1.77e-001  4.05e-002  2.61e-002  4.92e-003  2.40e-006  7.88e-005  9.45e-008  4.27e-003  1.35e-005  6.86e-005  3.79e-006  7.23e-004  2.56e-007  2.56e-007  1.78e-005  
4.76342e+016 1.22e-009  6.06e-001  1.24e-002  1.37e-001  1.66e-001  3.97e-002  2.52e-002  4.82e-003  2.27e-006  7.49e-005  9.21e-008  4.04e-003  1.37e-005  7.14e-005  4.11e-006  6.78e-004  2.77e-007  2.77e-007  1.83e-005  
4.77120e+016 1.22e-009  6.39e-001  1.07e-002  1.27e-001  1.52e-001  3.64e-002  2.35e-002  4.38e-003  1.88e-006  6.26e-005  8.26e-008  3.83e-003  1.39e-005  7.33e-005  4.51e-006  6.12e-004  3.06e-007  3.06e-007  1.94e-005  
4.78339e+016 1.23e-009  6.98e-001  7.37e-003  1.03e-001  1.32e-001  2.89e-002  2.03e-002  3.43e-003  1.17e-006  4.01e-005  6.31e-008  3.56e-003  1.43e-005  7.42e-005  5.04e-006  5.17e-004  3.42e-007  3.42e-007  2.13e-005  
4.79819e+016 1.24e-009  7.76e-001  4.03e-003  7.23e-002  1.03e-001  1.99e-002  1.63e-002  2.27e-003  5.46e-007  1.94e-005  4.02e-008  3.10e-003  1.49e-005  7.46e-005  5.69e-006  4.09e-004  3.77e-007  3.77e-007  2.36e-005  
4.80101e+016 1.24e-009  7.91e-001  3.54e-003  6.70e-002  9.69e-002  1.83e-002  1.55e-002  2.08e-003  4.62e-007  1.66e-005  3.63e-008  2.99e-003  1.50e-005  7.46e-005  5.83e-006  3.89e-004  3.83e-007  3.83e-007  2.42e-005  
4.80156e+016 1.24e-009  7.94e-001  3.43e-003  6.59e-002  9.53e-002  1.80e-002  1.53e-002  2.03e-003  4.46e-007  1.61e-005  3.56e-008  2.97e-003  1.50e-005  7.45e-005  5.85e-006  3.85e-004  3.83e-007  3.83e-007  2.42e-005  
4.80288e+016 1.24e-009  8.02e-001  3.18e-003  6.29e-002  9.27e-002  1.71e-002  1.49e-002  1.93e-003  4.03e-007  1.46e-005  3.35e-008  2.92e-003  1.51e-005  7.41e-005  5.89e-006  3.77e-004  3.85e-007  3.85e-007  2.44e-005  
4.80511e+016 1.24e-009  8.15e-001  2.74e-003  5.78e-002  8.72e-002  1.57e-002  1.42e-002  1.74e-003  3.35e-007  1.23e-005  3.00e-008  2.84e-003  1.52e-005  7.34e-005  5.96e-006  3.62e-004  3.85e-007  3.85e-007  2.48e-005  
4.80875e+016 1.24e-009  8.36e-001  2.12e-003  4.97e-002  7.87e-002  1.33e-002  1.30e-002  1.45e-003  2.42e-007  9.01e-006  2.46e-008  2.67e-003  1.53e-005  7.22e-005  6.07e-006  3.37e-004  3.82e-007  3.82e-007  2.53e-005  
4.81463e+016 1.26e-009  8.67e-001  1.44e-003  3.96e-002  6.41e-002  1.04e-002  1.14e-002  1.11e-003  1.49e-007  5.68e-006  1.83e-008  2.33e-003  1.55e-005  7.11e-005  6.33e-006  2.98e-004  3.82e-007  3.82e-007  2.63e-005  
4.82445e+016 1.29e-009  9.06e-001  8.29e-004  2.87e-002  4.31e-002  7.33e-003  9.29e-003  7.43e-004  7.37e-008  2.92e-006  1.19e-008  1.73e-003  1.63e-005  7.09e-005  7.02e-006  2.42e-004  3.91e-007  3.91e-007  2.76e-005  
4.83636e+016 1.36e-009  9.40e-001  4.23e-004  1.94e-002  2.50e-002  4.79e-003  7.19e-003  4.57e-004  3.17e-008  1.31e-006  7.08e-009  1.13e-003  1.73e-005  6.92e-005  7.93e-006  1.81e-004  3.99e-007  3.99e-007  2.87e-005  
4.84912e+016 1.46e-009  9.64e-001  1.85e-004  1.19e-002  1.32e-002  2.82e-003  5.29e-003  2.49e-004  1.11e-008  4.85e-007  3.68e-009  6.84e-004  1.83e-005  6.48e-005  8.75e-006  1.29e-004  3.92e-007  3.92e-007  2.94e-005  
4.86294e+016 1.59e-009  9.80e-001  6.60e-005  6.53e-003  6.34e-003  1.46e-003  3.67e-003  1.16e-004  3.03e-009  1.41e-007  1.63e-009  3.90e-004  1.98e-005  5.90e-005  9.48e-006  8.54e-005  3.70e-007  3.70e-007  3.00e-005  
4.87591e+016 1.74e-009  9.88e-001  2.20e-005  3.46e-003  3.28e-003  7.30e-004  2.53e-003  5.15e-005  7.58e-010  3.76e-008  6.84e-010  2.42e-004  2.14e-005  5.29e-005  1.00e-005  5.60e-005  3.38e-007  3.38e-007  3.03e-005  
4.88968e+016 1.91e-009  9.93e-001  6.12e-006  1.67e-003  1.83e-003  3.28e-004  1.68e-003  1.98e-005  1.47e-010  7.94e-009  2.44e-010  1.67e-004  2.37e-005  4.67e-005  1.04e-005  3.47e-005  2.98e-007  2.98e-007  3.05e-005  
4.90444e+016 2.13e-009  9.96e-001  1.28e-006  7.00e-004  1.12e-003  1.24e-004  1.04e-003  6.11e-006  2.01e-011  1.19e-009  7.00e-011  1.31e-004  2.68e-005  4.00e-005  1.05e-005  1.99e-005  2.48e-007  2.48e-007  3.06e-005  
4.91980e+016 2.38e-009  9.97e-001  2.06e-007  2.56e-004  7.20e-004  4.07e-005  6.10e-004  1.55e-006  1.92e-012  1.28e-010  1.60e-011  1.12e-004  3.13e-005  3.35e-005  1.01e-005  1.06e-005  1.93e-007  1.93e-007  3.07e-005  
4.93317e+016 2.62e-009  9.98e-001  3.41e-008  9.67e-005  4.97e-004  1.37e-005  3.66e-004  3.98e-007  1.88e-013  1.41e-011  3.74e-012  1.02e-004  3.65e-005  2.81e-005  9.41e-006  5.89e-006  1.47e-007  1.47e-007  3.07e-005  
4.94239e+016 2.78e-009  9.98e-001  8.69e-009  4.67e-005  3.84e-004  6.03e-006  2.51e-004  1.41e-007  3.20e-014  2.62e-012  1.24e-012  9.62e-005  4.13e-005  2.47e-005  8.76e-006  3.84e-006  1.17e-007  1.17e-007  3.08e-005  
4.95192e+016 2.98e-009  9.99e-001  1.87e-009  2.08e-005  2.94e-004  2.41e-006  1.65e-004  4.39e-008  4.32e-015  3.92e-013  3.52e-013  9.05e-005  4.73e-005  2.14e-005  7.94e-006  2.40e-006  8.98e-008  8.98e-008  3.07e-005  
4.96202e+016 3.20e-009  9.99e-001  3.25e-010  8.37e-006  2.22e-004  8.55e-007  1.04e-004  1.16e-008  4.43e-016  4.49e-014  8.49e-014  8.52e-005  5.46e-005  1.83e-005  6.99e-006  1.43e-006  6.55e-008  6.55e-008  3.06e-005  
4.97297e+016 3.44e-009  9.99e-001  4.18e-011  2.93e-006  1.66e-004  2.58e-007  6.04e-005  2.44e-009  3.05e-017  3.51e-015  1.60e-014  8.04e-005  6.53e-005  1.54e-005  5.92e-006  7.96e-007  4.47e-008  4.47e-008  3.05e-005  
4.98461e+016 3.73e-009  9.99e-001  3.72e-012  8.54e-007  1.23e-004  6.29e-008  3.21e-005  3.83e-010  1.27e-018  1.72e-016  2.20e-015  7.53e-005  7.87e-005  1.25e-005  4.74e-006  4.07e-007  2.79e-008  2.79e-008  3.03e-005  
4.99670e+016 4.04e-009  9.99e-001  2.38e-013  2.15e-007  9.40e-005  1.28e-008  1.59e-005  4.65e-011  3.39e-020  5.49e-018  2.31e-016  7.05e-005  9.65e-005  1.01e-005  3.59e-006  1.97e-007  1.59e-008  1.59e-008  3.02e-005  
5.00936e+016 4.38e-009  9.99e-001  9.45e-015  4.36e-008  7.46e-005  2.02e-009  6.98e-006  3.90e-012  4.77e-022  9.61e-020  1.63e-017  6.59e-005  1.19e-004  7.92e-006  2.53e-006  8.78e-008  8.08e-009  8.08e-009  2.99e-005  
5.02240e+016 4.75e-009  9.99e-001  2.29e-016  7.07e-009  6.23e-005  2.44e-010  2.76e-006  2.23e-013  3.45e-024  8.88e-022  7.59e-019  6.21e-005  1.47e-004  6.10e-006  1.66e-006  3.62e-008  3.62e-009  3.62e-009  2.95e-005  
5.03584e+016 5.14e-009  9.99e-001  3.29e-018  9.16e-010  5.46e-005  2.24e-011  9.60e-007  8.48e-015  1.23e-026  4.18e-024  2.27e-020  5.85e-005  1.82e-004  4.65e-006  9.97e-007  1.36e-008  1.42e-009  1.42e-009  2.90e-005  
5.05026e+016 5.59e-009  9.99e-001  1.79e-020  7.63e-011  4.93e-005  1.21e-012  2.66e-007  1.51e-016  1.18e-029  5.69e-027  3.06e-022  5.47e-005  2.23e-004  3.40e-006  5.15e-007  4.51e-009  4.34e-010  4.34e-010  2.81e-005  
5.05959e+016 5.90e-009  9.99e-001  5.66e-022  1.49e-011  4.69e-005  1.78e-013  1.15e-007  1.04e-017  1.17e-031  7.10e-029  1.74e-023  5.23e-005  2.51e-004  2.81e-006  3.32e-007  2.15e-009  1.96e-010  1.96e-010  2.76e-005  
5.06957e+016 6.25e-009  9.99e-001  1.19e-023  2.45e-012  4.46e-005  2.08e-014  4.48e-008  5.20e-019  6.67e-034  5.26e-031  7.08e-025  4.99e-005  2.81e-004  2.32e-006  2.01e-007  9.51e-010  8.07e-011  8.07e-011  2.70e-005  
5.07988e+016 6.62e-009  9.99e-001  1.86e-025  3.52e-013  4.26e-005  2.10e-015  1.63e-008  2.05e-020  2.52e-036  2.63e-033  2.23e-026  4.76e-005  3.15e-004  1.90e-006  1.17e-007  3.97e-010  3.08e-011  3.08e-011  2.63e-005  
5.09058e+016 7.02e-009  9.99e-001  2.65e-027  4.91e-014  4.06e-005  2.04e-016  5.88e-009  7.54e-022  8.46e-039  1.17e-035  6.53e-028  4.53e-005  3.50e-004  1.58e-006  6.73e-008  1.57e-010  1.15e-011  1.15e-011  2.56e-005  
5.10237e+016 7.49e-009  9.99e-001  1.96e-029  5.12e-015  3.86e-005  1.38e-017  1.80e-009  1.66e-023  1.15e-041  2.23e-038  1.10e-029  4.29e-005  3.91e-004  1.30e-006  3.53e-008  5.37e-011  3.69e-012  3.69e-012  2.47e-005  
5.11496e+016 8.01e-009  9.99e-001  9.51e-032  4.46e-016  3.66e-005  7.49e-019  5.05e-010  2.60e-025  8.91e-045  2.46e-041  1.31e-031  4.03e-005  4.35e-004  1.07e-006  1.74e-008  1.61e-011  1.07e-012  1.07e-012  2.37e-005  
5.12843e+016 8.57e-009  9.99e-001  3.23e-034  3.35e-017  3.47e-005  3.40e-020  1.31e-010  3.08e-027  4.21e-048  1.70e-044  1.15e-033  3.79e-005  4.87e-004  8.85e-007  8.22e-009  4.23e-012  2.84e-013  2.84e-013  2.28e-005  
5.14296e+016 9.20e-009  9.99e-001  5.21e-037  1.82e-018  3.28e-005  1.04e-021  2.84e-011  2.03e-029  7.23e-052  4.53e-048  5.44e-036  3.56e-005  5.49e-004  7.28e-007  3.48e-009  9.20e-013  6.35e-014  6.35e-014  2.14e-005  
5.15425e+016 9.72e-009  9.99e-001  4.38e-039  2.10e-019  3.14e-005  7.82e-023  9.16e-012  4.86e-031  1.14e-054  9.94e-051  1.02e-037  3.38e-005  6.00e-004  6.38e-007  1.85e-009  2.71e-013  2.11e-014  2.11e-014  2.05e-005  
5.16792e+016 1.03e-008  9.99e-001  1.42e-041  1.60e-020  3.00e-005  3.53e-024  2.37e-012  5.47e-033  4.95e-058  6.32e-054  8.61e-040  3.19e-005  6.66e-004  5.55e-007  8.74e-010  5.90e-014  5.66e-015  5.66e-015  1.95e-005  
5.18319e+016 1.11e-008  9.99e-001  1.78e-044  7.99e-022  2.82e-005  9.63e-026  4.91e-013  2.93e-035  5.96e-062  1.20e-057  3.32e-042  2.97e-005  7.36e-004  4.73e-007  3.58e-010  9.81e-015  1.22e-015  1.22e-015  1.79e-005  
5.19950e+016 1.19e-008  9.99e-001  6.17e-048  2.28e-023  2.67e-005  1.33e-027  7.57e-014  5.72e-038  1.23e-066  4.26e-062  4.34e-045  2.79e-005  8.17e-004  3.99e-007  1.22e-010  1.31e-015  1.97e-016  1.97e-016  1.59e-005  
5.21655e+016 1.28e-008  9.99e-001  2.90e-051  7.55e-025  2.52e-005  2.18e-029  1.26e-014  1.40e-040  3.85e-071  2.24e-066  7.37e-048  2.61e-005  8.97e-004  3.46e-007  4.35e-011  1.55e-016  3.48e-017  3.48e-017  1.44e-005  
5.23457e+016 1.38e-008  9.99e-001  6.99e-055  1.88e-026  2.37e-005  2.51e-031  1.79e-015  2.05e-043  4.83e-076  4.95e-071  7.21e-051  2.45e-005  9.84e-004  3.00e-007  1.41e-011  1.51e-017  5.28e-018  5.28e-018  1.26e-005  
5.25384e+016 1.49e-008  9.99e-001  2.35e-058  5.46e-028  2.25e-005  3.49e-033  2.78e-016  3.85e-046  9.45e-081  1.66e-075  9.38e-054  2.30e-005  1.07e-003  2.66e-007  4.86e-012  1.23e-018  8.78e-019  8.78e-019  1.12e-005  
5.27451e+016 1.60e-008  9.99e-001  2.98e-062  1.05e-029  2.13e-005  2.91e-035  3.46e-017  3.36e-049  4.87e-086  1.59e-080  5.42e-057  2.18e-005  1.17e-003  2.38e-007  1.46e-012  7.61e-020  1.18e-019  1.18e-019  9.67e-006  
5.29668e+016 1.73e-008  9.99e-001  6.98e-066  2.65e-031  2.01e-005  3.37e-037  4.95e-018  4.73e-052  0.00e+000  3.32e-085  5.32e-060  2.05e-005  1.26e-003  2.18e-007  4.83e-013  3.54e-021  1.85e-020  1.85e-020  8.49e-006  
5.31993e+016 1.87e-008  9.98e-001  5.45e-070  4.16e-033  1.90e-005  2.19e-039  5.50e-019  2.79e-055  0.00e+000  0.00e+000  2.07e-063  1.92e-005  1.35e-003  1.98e-007  1.35e-013  1.15e-022  2.22e-021  2.22e-021  7.10e-006  
5.34440e+016 2.01e-008  9.98e-001  1.49e-073  1.14e-034  1.80e-005  2.79e-041  8.25e-020  4.41e-058  0.00e+000  0.00e+000  2.34e-066  1.82e-005  1.44e-003  1.86e-007  4.59e-014  2.87e-024  3.66e-022  3.66e-022  6.26e-006  
5.36995e+016 2.16e-008  9.98e-001  9.94e-078  1.71e-036  1.71e-005  1.69e-043  8.92e-021  2.30e-061  0.00e+000  0.00e+000  8.09e-070  1.72e-005  1.53e-003  1.74e-007  1.26e-014  4.67e-026  4.28e-023  4.28e-023  5.13e-006  
5.39765e+016 2.33e-008  9.98e-001  2.57e-081  4.63e-038  1.62e-005  2.10e-045  1.32e-021  3.46e-064  0.00e+000  0.00e+000  8.87e-073  1.62e-005  1.61e-003  1.67e-007  4.25e-015  4.84e-028  6.98e-024  6.98e-024  4.46e-006  
5.42627e+016 2.49e-008  9.98e-001  2.95e-085  8.86e-040  1.54e-005  1.72e-047  1.63e-022  2.75e-067  0.00e+000  0.00e+000  4.89e-076  1.54e-005  1.70e-003  1.61e-007  1.27e-015  3.11e-030  9.34e-025  9.34e-025  3.73e-006  
5.45738e+016 2.68e-008  9.98e-001  0.00e+000  1.27e-041  1.46e-005  9.79e-050  1.72e-023  1.27e-070  0.00e+000  0.00e+000  1.54e-079  1.46e-005  1.78e-003  1.55e-007  3.42e-016  9.12e-033  1.07e-025  1.07e-025  3.03e-006  
5.49079e+016 2.86e-008  9.98e-001  0.00e+000  2.76e-043  1.40e-005  9.21e-052  2.27e-024  1.24e-073  0.00e+000  0.00e+000  1.07e-082  1.39e-005  1.85e-003  1.52e-007  1.06e-016  1.43e-035  1.53e-026  1.53e-026  2.56e-006  
5.52575e+016 3.03e-008  9.98e-001  0.00e+000  4.66e-045  1.34e-005  6.41e-054  2.62e-025  7.57e-077  0.00e+000  0.00e+000  4.49e-086  1.33e-005  1.93e-003  1.51e-007  3.03e-017  1.06e-038  1.90e-027  1.90e-027  2.10e-006  
5.56155e+016 3.19e-008  9.98e-001  0.00e+000  5.65e-047  1.29e-005  2.94e-056  2.54e-026  2.49e-080  0.00e+000  0.00e+000  0.00e+000  1.28e-005  2.00e-003  1.50e-007  7.63e-018  4.02e-042  1.94e-028  1.94e-028  1.66e-006  
5.59918e+016 3.35e-008  9.98e-001  0.00e+000  1.41e-048  1.25e-005  3.26e-058  3.58e-027  3.05e-083  0.00e+000  0.00e+000  0.00e+000  1.23e-005  2.05e-003  1.51e-007  2.45e-018  8.48e-046  2.95e-029  2.95e-029  1.39e-006  
5.63913e+016 3.48e-008  9.98e-001  0.00e+000  2.90e-050  1.21e-005  2.87e-060  4.63e-028  2.59e-086  0.00e+000  0.00e+000  0.00e+000  1.20e-005  2.11e-003  1.53e-007  7.39e-019  6.41e-050  4.03e-030  4.03e-030  1.15e-006  
5.68226e+016 3.61e-008  9.98e-001  0.00e+000  4.10e-052  1.18e-005  1.59e-062  4.88e-029  0.00e+000  0.00e+000  0.00e+000  0.00e+000  1.16e-005  2.16e-003  1.56e-007  1.95e-019  1.37e-054  4.43e-031  4.43e-031  9.15e-007  
5.72780e+016 3.70e-008  9.98e-001  0.00e+000  3.62e-054  1.16e-005  4.92e-065  4.00e-030  0.00e+000  0.00e+000  0.00e+000  0.00e+000  1.14e-005  2.21e-003  1.60e-007  4.33e-020  7.92e-060  3.73e-032  3.73e-032  6.98e-007  
5.77650e+016 3.77e-008  9.98e-001  0.00e+000  7.16e-056  1.15e-005  4.11e-067  5.04e-031  0.00e+000  0.00e+000  0.00e+000  0.00e+000  1.12e-005  2.26e-003  1.66e-007  1.28e-020  1.76e-065  4.91e-033  4.91e-033  5.68e-007  
5.82707e+016 3.80e-008  9.98e-001  0.00e+000  1.26e-057  1.14e-005  2.92e-069  5.97e-032  0.00e+000  0.00e+000  0.00e+000  0.00e+000  1.12e-005  2.30e-003  1.73e-007  3.58e-021  1.46e-071  6.00e-034  6.00e-034  4.55e-007  
5.88124e+016 3.80e-008  9.98e-001  0.00e+000  1.46e-059  1.14e-005  1.27e-071  5.71e-033  0.00e+000  0.00e+000  0.00e+000  0.00e+000  1.12e-005  2.33e-003  1.82e-007  8.66e-022  2.38e-078  5.82e-035  5.82e-035  3.53e-007  
5.93801e+016 3.76e-008  9.98e-001  0.00e+000  1.11e-061  1.16e-005  3.25e-074  4.36e-034  0.00e+000  0.00e+000  0.00e+000  0.00e+000  1.13e-005  2.36e-003  1.92e-007  1.80e-022  9.44e-086  4.42e-036  4.42e-036  2.60e-007  
5.99878e+016 3.69e-008  9.97e-001  0.00e+000  1.86e-063  1.18e-005  2.18e-076  5.10e-035  0.00e+000  0.00e+000  0.00e+000  0.00e+000  1.15e-005  2.38e-003  2.04e-007  4.91e-023  0.00e+000  5.15e-037  5.15e-037  2.05e-007  
6.06254e+016 3.58e-008  9.97e-001  0.00e+000  2.20e-065  1.21e-005  9.58e-079  4.95e-036  0.00e+000  0.00e+000  0.00e+000  0.00e+000  1.17e-005  2.40e-003  2.19e-007  1.18e-023  0.00e+000  4.95e-038  4.95e-038  1.57e-007  
6.12860e+016 3.45e-008  9.97e-001  0.00e+000  2.62e-067  1.25e-005  4.23e-081  4.81e-037  0.00e+000  0.00e+000  0.00e+000  0.00e+000  1.20e-005  2.42e-003  2.35e-007  2.82e-024  0.00e+000  4.73e-039  4.73e-039  1.19e-007  
6.19772e+016 3.30e-008  9.97e-001  0.00e+000  2.95e-069  1.30e-005  1.75e-083  4.58e-038  0.00e+000  0.00e+000  0.00e+000  0.00e+000  1.24e-005  2.43e-003  2.53e-007  6.58e-025  0.00e+000  4.31e-040  4.31e-040  8.88e-008  
6.27006e+016 3.12e-008  9.97e-001  0.00e+000  3.07e-071  1.36e-005  6.54e-086  4.17e-039  0.00e+000  0.00e+000  0.00e+000  0.00e+000  1.29e-005  2.45e-003  2.75e-007  1.48e-025  0.00e+000  3.75e-041  3.75e-041  6.57e-008  
6.34752e+016 2.93e-008  9.97e-001  0.00e+000  2.61e-073  1.44e-005  1.90e-088  3.45e-040  0.00e+000  0.00e+000  0.00e+000  0.00e+000  1.35e-005  2.46e-003  3.00e-007  3.10e-026  0.00e+000  2.91e-042  2.91e-042  4.75e-008  
6.43223e+016 2.71e-008  9.97e-001  0.00e+000  1.59e-075  1.55e-005  0.00e+000  2.39e-041  0.00e+000  0.00e+000  0.00e+000  0.00e+000  1.42e-005  2.48e-003  3.31e-007  5.80e-027  0.00e+000  1.88e-043  1.88e-043  3.35e-008  
6.52408e+016 2.49e-008  9.97e-001  0.00e+000  7.32e-078  1.67e-005  0.00e+000  1.43e-042  0.00e+000  0.00e+000  0.00e+000  0.00e+000  1.50e-005  2.48e-003  3.66e-007  9.73e-028  0.00e+000  1.03e-044  1.03e-044  2.28e-008  
6.62440e+016 2.25e-008  9.97e-001  0.00e+000  2.39e-080  1.83e-005  0.00e+000  7.12e-044  0.00e+000  0.00e+000  0.00e+000  0.00e+000  1.59e-005  2.50e-003  4.10e-007  1.45e-028  0.00e+000  4.59e-046  4.59e-046  1.51e-008  
6.73219e+016 2.01e-008  9.97e-001  0.00e+000  6.03e-083  2.04e-005  0.00e+000  3.13e-045  0.00e+000  0.00e+000  0.00e+000  0.00e+000  1.70e-005  2.51e-003  4.63e-007  1.97e-029  0.00e+000  1.78e-047  1.78e-047  9.77e-009  
6.84641e+016 1.77e-008  9.97e-001  0.00e+000  1.27e-085  2.29e-005  0.00e+000  1.25e-046  0.00e+000  0.00e+000  0.00e+000  0.00e+000  1.80e-005  2.52e-003  5.23e-007  2.50e-030  0.00e+000  6.20e-049  6.20e-049  6.14e-009  
6.96945e+016 1.55e-008  9.97e-001  0.00e+000  1.94e-088  2.59e-005  0.00e+000  4.22e-048  0.00e+000  0.00e+000  0.00e+000  0.00e+000  1.91e-005  2.54e-003  5.94e-007  2.81e-031  0.00e+000  1.78e-050  1.78e-050  3.76e-009  
7.10391e+016 1.33e-008  9.97e-001  0.00e+000  0.00e+000  2.98e-005  0.00e+000  1.39e-049  0.00e+000  0.00e+000  0.00e+000  0.00e+000  2.03e-005  2.56e-003  6.82e-007  3.11e-032  0.00e+000  4.96e-052  4.96e-052  2.29e-009  
7.25155e+016 1.12e-008  9.97e-001  0.00e+000  0.00e+000  3.52e-005  0.00e+000  3.09e-051  0.00e+000  0.00e+000  0.00e+000  0.00e+000  2.15e-005  2.58e-003  7.91e-007  2.64e-033  0.00e+000  8.99e-054  8.99e-054  1.30e-009  
7.42223e+016 9.19e-009  9.97e-001  0.00e+000  0.00e+000  4.26e-005  0.00e+000  4.53e-053  0.00e+000  0.00e+000  0.00e+000  0.00e+000  2.25e-005  2.61e-003  9.32e-007  1.69e-034  0.00e+000  1.05e-055  1.05e-055  6.93e-010  
7.63108e+016 7.16e-009  9.97e-001  0.00e+000  0.00e+000  5.40e-005  0.00e+000  2.61e-055  0.00e+000  0.00e+000  0.00e+000  0.00e+000  2.35e-005  2.67e-003  1.13e-006  5.87e-036  0.00e+000  4.48e-058  4.48e-058  3.18e-010  
7.86896e+016 5.38e-009  9.97e-001  0.00e+000  0.00e+000  7.11e-005  0.00e+000  1.01e-057  0.00e+000  0.00e+000  0.00e+000  0.00e+000  2.40e-005  2.75e-003  1.39e-006  1.56e-037  0.00e+000  1.26e-060  1.26e-060  1.37e-010  
8.18150e+016 3.68e-009  9.97e-001  0.00e+000  0.00e+000  1.03e-004  0.00e+000  8.94e-061  0.00e+000  0.00e+000  0.00e+000  0.00e+000  2.39e-005  2.91e-003  1.79e-006  1.56e-039  0.00e+000  7.22e-064  7.22e-064  4.67e-011  
8.55776e+016 2.34e-009  9.96e-001  0.00e+000  0.00e+000  1.60e-004  0.00e+000  3.18e-064  0.00e+000  0.00e+000  0.00e+000  0.00e+000  2.31e-005  3.18e-003  2.36e-006  8.55e-042  0.00e+000  1.57e-067  1.57e-067  1.39e-011  
9.00548e+016 1.37e-009  9.96e-001  0.00e+000  0.00e+000  2.72e-004  0.00e+000  4.68e-068  0.00e+000  0.00e+000  0.00e+000  0.00e+000  2.20e-005  3.78e-003  3.18e-006  2.61e-044  0.00e+000  1.30e-071  1.30e-071  3.57e-012  
9.53916e+016 7.37e-010  9.94e-001  0.00e+000  0.00e+000  5.02e-004  0.00e+000  3.01e-072  0.00e+000  0.00e+000  0.00e+000  0.00e+000  2.05e-005  5.03e-003  4.31e-006  4.53e-047  0.00e+000  4.38e-076  4.38e-076  8.00e-013  
1.01535e+017 3.76e-010  9.91e-001  0.00e+000  0.00e+000  9.86e-004  0.00e+000  1.42e-076  0.00e+000  0.00e+000  0.00e+000  0.00e+000  1.91e-005  7.76e-003  5.79e-006  6.35e-050  0.00e+000  1.03e-080  1.03e-080  1.67e-013  
1.09249e+017 1.78e-010  9.83e-001  0.00e+000  0.00e+000  2.10e-003  0.00e+000  2.87e-081  0.00e+000  0.00e+000  0.00e+000  0.00e+000  1.79e-005  1.41e-002  7.70e-006  4.88e-053  0.00e+000  9.21e-086  9.21e-086  2.94e-014  
1.19176e+017 8.57e-011  9.68e-001  0.00e+000  0.00e+000  4.39e-003  0.00e+000  3.45e-086  0.00e+000  0.00e+000  0.00e+000  0.00e+000  1.71e-005  2.66e-002  9.79e-006  2.45e-056  0.00e+000  0.00e+000  0.00e+000  4.51e-015  
1.32448e+017 5.20e-011  9.54e-001  0.00e+000  0.00e+000  6.96e-003  0.00e+000  0.00e+000  0.00e+000  0.00e+000  0.00e+000  0.00e+000  1.65e-005  3.73e-002  1.11e-005  1.02e-059  0.00e+000  0.00e+000  0.00e+000  6.60e-016  
