! 0       *H + *CO -> *HCO
! 1       *H + *HCO -> *CO + *H2
! 2       *H + *HCO -> *H2CO
! 3       *H + *H2CO -> *HCO + *H2
! 4       *H + *H -> *H2
! 5       *H + *H2CO -> *CH3O
! 6       *H + *CH3O -> *H2CO + *H2
! 7       *H + *CH3O -> *CH3OH
! 8       *H + *HNO -> *NO + *H2
! 9       *H + *NO -> *HNO
! 10      *H + GRAIN -> H + GRAIN
! 11      *H + *H2S -> *H2 + *HS
! 12      *H + *HS -> *H2S
! 13      *H + *OH -> *H2O
! 14      *H + *O -> *OH
! 15      *H + *HOCO -> *H2 + *CO2
! 16      *H + *HOCO -> *H2O + *CO
! 17      *H + *HOCO -> *HCOOH
! 18      *H + *O2H -> *H2O2
! 19      *H + *O2 -> *O2H
! 20      *H + *H2O2 -> *H2O + *OH
!            tot_rate   0          1          2          3          4          5          6          7          8          9          10         11         12         13         14         15         16         17         18         19         20         
1.58188e+013 1.36e-012  2.08e-001  2.01e-001  1.99e-001  1.95e-001  3.27e-006  8.63e-003  4.31e-003  4.26e-003  2.70e-002  2.76e-002  3.21e-022  8.26e-003  8.26e-003  3.71e-002  2.68e-002  9.51e-004  9.51e-004  9.36e-004  6.63e-003  6.53e-003  6.50e-003  
3.50727e+014 1.36e-012  2.08e-001  2.01e-001  1.99e-001  1.95e-001  3.27e-006  8.63e-003  4.31e-003  4.26e-003  2.70e-002  2.76e-002  3.21e-022  8.26e-003  8.26e-003  3.71e-002  2.68e-002  9.51e-004  9.51e-004  9.36e-004  6.63e-003  6.53e-003  6.50e-003  
5.21628e+015 1.36e-012  2.08e-001  2.01e-001  1.99e-001  1.95e-001  3.27e-006  8.62e-003  4.30e-003  4.26e-003  2.70e-002  2.76e-002  3.21e-022  8.26e-003  8.26e-003  3.71e-002  2.69e-002  9.51e-004  9.51e-004  9.44e-004  6.65e-003  6.55e-003  6.50e-003  
2.67137e+016 1.51e-012  1.88e-001  1.82e-001  1.80e-001  1.76e-001  2.97e-006  7.80e-003  3.89e-003  3.85e-003  2.45e-002  2.55e-002  2.97e-022  1.14e-002  1.15e-002  6.09e-002  5.38e-002  1.57e-003  1.57e-003  1.55e-003  1.47e-002  1.46e-002  7.80e-003  
3.33598e+016 1.71e-012  1.64e-001  1.58e-001  1.57e-001  1.53e-001  2.51e-006  6.78e-003  3.38e-003  3.35e-003  2.16e-002  2.30e-002  5.96e-022  1.90e-002  1.91e-002  7.95e-002  8.00e-002  3.45e-003  3.45e-003  3.42e-003  2.85e-002  2.85e-002  1.22e-002  
3.42055e+016 1.37e-012  1.65e-001  1.60e-001  1.59e-001  1.55e-001  2.03e-006  6.85e-003  3.42e-003  3.39e-003  2.19e-002  2.35e-002  1.69e-021  2.01e-002  2.03e-002  6.23e-002  7.61e-002  6.22e-003  6.22e-003  6.15e-003  2.93e-002  2.93e-002  1.32e-002  
3.44017e+016 1.26e-012  1.66e-001  1.61e-001  1.60e-001  1.56e-001  1.90e-006  6.88e-003  3.44e-003  3.41e-003  2.20e-002  2.37e-002  2.51e-021  2.04e-002  2.05e-002  5.50e-002  7.54e-002  7.44e-003  7.44e-003  7.37e-003  2.95e-002  2.95e-002  1.34e-002  
3.46353e+016 1.13e-012  1.68e-001  1.62e-001  1.61e-001  1.57e-001  1.72e-006  6.94e-003  3.47e-003  3.43e-003  2.23e-002  2.41e-002  4.66e-021  2.08e-002  2.08e-002  4.37e-002  7.44e-002  9.36e-003  9.36e-003  9.27e-003  2.98e-002  2.97e-002  1.38e-002  
3.48860e+016 9.86e-013  1.69e-001  1.64e-001  1.62e-001  1.59e-001  1.53e-006  7.02e-003  3.51e-003  3.47e-003  2.25e-002  2.46e-002  1.14e-020  2.11e-002  2.12e-002  2.90e-002  7.31e-002  1.20e-002  1.20e-002  1.19e-002  3.00e-002  2.99e-002  1.41e-002  
3.51370e+016 8.36e-013  1.71e-001  1.66e-001  1.64e-001  1.60e-001  1.32e-006  7.08e-003  3.54e-003  3.50e-003  2.27e-002  2.53e-002  3.73e-020  2.14e-002  2.15e-002  1.51e-002  7.21e-002  1.46e-002  1.46e-002  1.45e-002  3.01e-002  3.00e-002  1.43e-002  
3.53250e+016 7.24e-013  1.71e-001  1.67e-001  1.64e-001  1.62e-001  1.15e-006  7.11e-003  3.56e-003  3.52e-003  2.28e-002  2.58e-002  1.14e-019  2.15e-002  2.17e-002  7.50e-003  7.17e-002  1.62e-002  1.62e-002  1.60e-002  3.01e-002  3.01e-002  1.45e-002  
3.55515e+016 5.93e-013  1.72e-001  1.67e-001  1.65e-001  1.61e-001  9.34e-007  7.12e-003  3.56e-003  3.52e-003  2.29e-002  2.66e-002  6.34e-019  2.18e-002  2.18e-002  2.43e-003  7.15e-002  1.77e-002  1.77e-002  1.75e-002  3.00e-002  3.00e-002  1.46e-002  
3.57182e+016 5.02e-013  1.72e-001  1.66e-001  1.65e-001  1.61e-001  7.84e-007  7.11e-003  3.54e-003  3.52e-003  2.27e-002  2.79e-002  2.99e-018  2.17e-002  2.17e-002  8.64e-004  7.19e-002  1.88e-002  1.88e-002  1.86e-002  2.99e-002  2.99e-002  1.46e-002  
3.58524e+016 4.34e-013  1.71e-001  1.65e-001  1.64e-001  1.60e-001  6.68e-007  7.08e-003  3.53e-003  3.50e-003  2.27e-002  2.97e-002  1.26e-017  2.16e-002  2.17e-002  3.32e-004  7.26e-002  1.97e-002  1.97e-002  1.95e-002  2.95e-002  2.95e-002  1.46e-002  
3.60047e+016 3.63e-013  1.69e-001  1.64e-001  1.62e-001  1.59e-001  5.46e-007  7.00e-003  3.50e-003  3.47e-003  2.25e-002  3.36e-002  7.91e-017  2.14e-002  2.15e-002  1.01e-004  7.41e-002  2.10e-002  2.10e-002  2.08e-002  2.92e-002  2.92e-002  1.45e-002  
3.61718e+016 2.94e-013  1.67e-001  1.62e-001  1.60e-001  1.57e-001  4.26e-007  6.92e-003  3.44e-003  3.41e-003  2.22e-002  3.92e-002  8.01e-016  2.11e-002  2.12e-002  2.13e-005  7.66e-002  2.28e-002  2.28e-002  2.26e-002  2.84e-002  2.87e-002  1.43e-002  
3.62899e+016 2.50e-013  1.65e-001  1.60e-001  1.58e-001  1.55e-001  3.50e-007  6.83e-003  3.42e-003  3.38e-003  2.19e-002  4.31e-002  4.71e-015  2.09e-002  2.10e-002  6.75e-006  7.86e-002  2.44e-002  2.44e-002  2.42e-002  2.79e-002  2.83e-002  1.42e-002  
3.63893e+016 2.19e-013  1.63e-001  1.58e-001  1.56e-001  1.53e-001  2.95e-007  6.77e-003  3.38e-003  3.34e-003  2.17e-002  4.67e-002  2.28e-014  2.07e-002  2.08e-002  2.41e-006  8.01e-002  2.61e-002  2.61e-002  2.58e-002  2.74e-002  2.79e-002  1.40e-002  
3.64972e+016 1.88e-013  1.60e-001  1.56e-001  1.54e-001  1.51e-001  2.43e-007  6.64e-003  3.32e-003  3.29e-003  2.13e-002  5.01e-002  1.30e-013  2.03e-002  2.04e-002  7.70e-007  8.23e-002  2.83e-002  2.83e-002  2.80e-002  2.68e-002  2.74e-002  1.39e-002  
3.66124e+016 1.61e-013  1.57e-001  1.53e-001  1.51e-001  1.48e-001  1.96e-007  6.54e-003  3.27e-003  3.24e-003  2.10e-002  5.44e-002  8.72e-013  2.01e-002  2.01e-002  0.00e+000  8.41e-002  3.10e-002  3.10e-002  3.07e-002  2.62e-002  2.68e-002  1.36e-002  
3.67348e+016 1.35e-013  1.55e-001  1.51e-001  1.50e-001  1.48e-001  1.60e-007  6.51e-003  3.26e-003  3.23e-003  2.08e-002  6.06e-002  7.68e-012  1.99e-002  2.01e-002  0.00e+000  7.61e-002  3.34e-002  3.34e-002  3.30e-002  2.59e-002  2.64e-002  1.36e-002  
3.68621e+016 1.13e-013  1.65e-001  1.62e-001  1.61e-001  1.59e-001  1.49e-007  7.02e-003  3.51e-003  3.48e-003  2.24e-002  6.50e-002  1.38e-010  2.15e-002  2.16e-002  8.39e-009  2.54e-002  3.06e-002  3.06e-002  3.04e-002  2.71e-002  2.78e-002  1.46e-002  
3.69700e+016 9.83e-014  1.67e-001  1.67e-001  1.65e-001  1.66e-001  1.36e-007  7.32e-003  3.65e-003  3.62e-003  2.30e-002  6.07e-002  1.55e-009  2.24e-002  2.25e-002  1.94e-009  3.63e-003  3.15e-002  3.15e-002  3.12e-002  2.71e-002  2.79e-002  1.53e-002  
3.70376e+016 9.11e-014  1.63e-001  1.66e-001  1.65e-001  1.68e-001  1.26e-007  7.39e-003  3.69e-003  3.65e-003  2.30e-002  5.85e-002  6.80e-009  2.26e-002  2.27e-002  8.35e-010  9.33e-004  3.39e-002  3.39e-002  3.36e-002  2.64e-002  2.72e-002  1.55e-002  
3.71087e+016 8.50e-014  1.59e-001  1.65e-001  1.62e-001  1.71e-001  1.19e-007  7.51e-003  3.73e-003  3.70e-003  2.28e-002  5.56e-002  3.11e-008  2.28e-002  2.29e-002  3.66e-010  2.28e-004  3.68e-002  3.68e-002  3.65e-002  2.53e-002  2.60e-002  1.58e-002  
3.71826e+016 7.96e-014  1.51e-001  1.63e-001  1.62e-001  1.76e-001  1.15e-007  7.74e-003  3.78e-003  3.74e-003  2.27e-002  5.07e-002  1.49e-007  2.34e-002  2.35e-002  1.67e-010  5.76e-005  4.02e-002  4.02e-002  3.98e-002  2.37e-002  2.44e-002  1.63e-002  
3.72589e+016 7.51e-014  1.40e-001  1.62e-001  1.61e-001  1.85e-001  1.19e-007  8.16e-003  3.82e-003  3.79e-003  2.28e-002  4.26e-002  7.39e-007  2.44e-002  2.45e-002  8.45e-011  1.60e-005  4.39e-002  4.39e-002  4.35e-002  2.17e-002  2.20e-002  1.74e-002  
3.73370e+016 7.10e-014  1.24e-001  1.62e-001  1.61e-001  2.01e-001  1.34e-007  8.91e-003  3.83e-003  3.79e-003  2.27e-002  3.14e-002  3.77e-006  2.61e-002  2.62e-002  5.06e-011  5.18e-006  4.79e-002  4.79e-002  4.75e-002  1.84e-002  1.86e-002  1.93e-002  
3.74165e+016 6.72e-014  9.77e-002  1.62e-001  1.61e-001  2.28e-001  1.70e-007  1.01e-002  3.73e-003  3.70e-003  2.17e-002  2.10e-002  1.95e-005  2.84e-002  2.86e-002  3.94e-011  2.20e-006  5.19e-002  5.19e-002  5.13e-002  1.38e-002  1.36e-002  2.26e-002  
3.74829e+016 6.34e-014  6.75e-002  1.61e-001  1.59e-001  2.59e-001  2.26e-007  1.14e-002  3.66e-003  3.63e-003  1.96e-002  1.70e-002  7.92e-005  3.06e-002  3.06e-002  4.34e-011  1.45e-006  5.50e-002  5.50e-002  5.44e-002  8.63e-003  8.17e-003  2.68e-002  
3.75505e+016 5.85e-014  3.37e-002  1.60e-001  1.59e-001  2.92e-001  3.32e-007  1.29e-002  3.66e-003  3.62e-003  1.51e-002  1.78e-002  3.35e-004  3.18e-002  3.18e-002  7.50e-011  1.55e-006  5.74e-002  5.74e-002  5.67e-002  3.45e-003  2.72e-003  3.32e-002  
3.76194e+016 5.18e-014  8.60e-003  1.60e-001  1.58e-001  3.19e-001  5.51e-007  1.40e-002  3.71e-003  3.67e-003  8.31e-003  2.30e-002  1.59e-003  2.96e-002  2.98e-002  2.84e-010  3.69e-006  5.74e-002  5.74e-002  5.68e-002  1.16e-003  1.49e-004  4.25e-002  
3.76839e+016 4.28e-014  6.42e-004  1.57e-001  1.56e-001  3.22e-001  1.19e-006  1.42e-002  4.13e-003  4.09e-003  2.40e-003  4.02e-002  9.27e-003  2.23e-002  2.25e-002  4.93e-009  3.73e-005  5.42e-002  5.42e-002  5.35e-002  1.39e-003  3.73e-006  5.84e-002  
3.76854e+016 4.26e-014  5.89e-004  1.57e-001  1.56e-001  3.22e-001  1.22e-006  1.42e-002  4.16e-003  4.11e-003  2.31e-003  4.08e-002  9.72e-003  2.21e-002  2.23e-002  5.45e-009  4.06e-005  5.40e-002  5.40e-002  5.35e-002  1.41e-003  3.64e-006  5.89e-002  
3.76877e+016 4.22e-014  5.10e-004  1.57e-001  1.56e-001  3.20e-001  1.27e-006  1.41e-002  4.20e-003  4.15e-003  2.15e-003  4.22e-002  1.05e-002  2.17e-002  2.20e-002  6.45e-009  4.67e-005  5.38e-002  5.38e-002  5.34e-002  1.43e-003  3.51e-006  5.98e-002  
3.76917e+016 4.15e-014  3.96e-004  1.57e-001  1.55e-001  3.18e-001  1.37e-006  1.41e-002  4.27e-003  4.22e-003  1.90e-003  4.44e-002  1.20e-002  2.10e-002  2.13e-002  8.68e-009  5.93e-005  5.35e-002  5.35e-002  5.31e-002  1.47e-003  3.33e-006  6.15e-002  
3.76980e+016 4.04e-014  2.52e-004  1.55e-001  1.53e-001  3.17e-001  1.55e-006  1.39e-002  4.35e-003  4.30e-003  1.52e-003  4.85e-002  1.51e-002  1.98e-002  2.02e-002  1.46e-008  9.00e-005  5.29e-002  5.29e-002  5.24e-002  1.53e-003  3.02e-006  6.43e-002  
3.77083e+016 3.86e-014  1.08e-004  1.52e-001  1.50e-001  3.09e-001  1.96e-006  1.37e-002  4.54e-003  4.49e-003  1.00e-003  5.68e-002  2.27e-002  1.77e-002  1.82e-002  3.97e-008  1.95e-004  5.21e-002  5.21e-002  5.16e-002  1.65e-003  2.59e-006  6.95e-002  
3.77248e+016 3.54e-014  1.75e-005  1.42e-001  1.41e-001  2.88e-001  3.17e-006  1.28e-002  4.78e-003  4.75e-003  4.02e-004  7.15e-002  5.01e-002  1.36e-002  1.46e-002  3.45e-007  9.22e-004  5.01e-002  5.01e-002  4.95e-002  1.91e-003  2.02e-006  8.09e-002  
3.77450e+016 3.08e-014  3.34e-007  1.07e-001  1.06e-001  2.19e-001  7.30e-006  9.67e-003  4.28e-003  4.25e-003  4.97e-005  6.56e-002  2.02e-001  6.78e-003  1.03e-002  3.19e-005  1.35e-002  4.35e-002  4.35e-002  4.28e-002  2.29e-003  1.37e-006  9.74e-002  
3.77655e+016 2.45e-014  3.12e-009  4.37e-003  4.33e-003  9.72e-003  4.53e-006  4.29e-004  5.76e-004  5.68e-004  2.09e-008  2.35e-003  8.41e-001  6.78e-005  6.49e-004  6.41e-004  5.64e-002  1.49e-002  1.49e-002  1.48e-002  5.80e-004  2.08e-007  2.59e-002  
3.77936e+016 2.34e-014  2.43e-009  2.74e-005  2.72e-005  5.97e-006  2.84e-006  2.63e-007  2.32e-005  2.30e-005  1.34e-008  2.12e-003  9.13e-001  9.22e-007  2.23e-004  2.72e-004  5.42e-002  9.09e-003  9.09e-003  9.00e-003  2.68e-005  1.15e-007  1.15e-003  
3.78016e+016 2.34e-014  2.19e-009  1.37e-005  1.36e-005  6.08e-007  2.41e-006  2.69e-008  1.48e-005  1.47e-005  1.18e-008  2.09e-003  9.16e-001  7.96e-007  2.15e-004  2.36e-004  5.31e-002  8.78e-003  8.78e-003  8.69e-003  1.12e-005  9.55e-008  4.32e-004  
3.78111e+016 2.33e-014  1.93e-009  6.57e-006  6.48e-006  4.34e-008  2.00e-006  1.91e-009  1.05e-005  1.04e-005  1.01e-008  2.05e-003  9.19e-001  6.70e-007  2.05e-004  2.04e-004  5.15e-002  8.50e-003  8.50e-003  8.42e-003  4.68e-006  7.73e-008  1.29e-004  
3.78273e+016 2.31e-014  1.59e-009  2.25e-006  2.23e-006  6.72e-009  1.48e-006  2.97e-010  7.76e-006  7.71e-006  7.84e-009  1.99e-003  9.23e-001  5.03e-007  1.89e-004  1.62e-004  4.90e-002  8.10e-003  8.10e-003  8.02e-003  2.27e-006  5.50e-008  1.50e-005  
3.78530e+016 2.29e-014  1.17e-009  9.87e-007  9.78e-007  4.67e-009  9.22e-007  2.07e-010  6.46e-006  6.38e-006  5.07e-009  1.84e-003  9.30e-001  3.07e-007  1.59e-004  1.10e-004  4.45e-002  7.34e-003  7.34e-003  7.25e-003  1.94e-006  3.19e-008  3.70e-007  
3.78818e+016 2.29e-014  8.43e-010  7.86e-007  7.77e-007  3.28e-009  5.59e-007  1.45e-010  5.94e-006  5.89e-006  3.06e-009  1.63e-003  9.39e-001  1.72e-007  1.26e-004  7.12e-005  3.90e-002  6.46e-003  6.46e-003  6.37e-003  1.85e-006  1.77e-008  9.78e-009  
3.79076e+016 2.25e-014  6.40e-010  6.93e-007  6.84e-007  2.44e-009  3.66e-007  1.08e-010  5.69e-006  5.64e-006  1.94e-009  1.42e-003  9.46e-001  1.03e-007  1.00e-004  4.89e-005  3.41e-002  5.64e-003  5.64e-003  5.60e-003  1.72e-006  1.09e-008  4.71e-009  
3.79253e+016 2.24e-014  5.31e-010  6.60e-007  6.51e-007  2.01e-009  2.89e-007  8.88e-011  5.67e-006  5.62e-006  1.43e-009  1.29e-003  9.50e-001  7.54e-008  8.83e-005  4.05e-005  3.15e-002  5.27e-003  5.27e-003  5.22e-003  1.64e-006  7.90e-009  3.82e-009  
3.79502e+016 2.23e-014  4.10e-010  6.15e-007  6.10e-007  1.53e-009  2.09e-007  6.78e-011  5.70e-006  5.65e-006  9.34e-010  1.11e-003  9.56e-001  4.80e-008  7.32e-005  3.11e-005  2.79e-002  4.71e-003  4.71e-003  4.67e-003  1.51e-006  4.98e-009  2.89e-009  
3.79755e+016 2.23e-014  3.22e-010  5.88e-007  5.79e-007  1.19e-009  1.54e-007  5.25e-011  5.84e-006  5.79e-006  6.15e-010  9.43e-004  9.61e-001  3.16e-008  6.11e-005  2.43e-005  2.45e-002  4.27e-003  4.27e-003  4.23e-003  1.38e-006  3.27e-009  2.22e-009  
3.79897e+016 2.23e-014  2.82e-010  5.74e-007  5.69e-007  1.04e-009  1.31e-007  4.57e-011  5.96e-006  5.92e-006  4.93e-010  8.56e-004  9.64e-001  2.52e-008  5.51e-005  2.14e-005  2.25e-002  4.03e-003  4.03e-003  3.99e-003  1.30e-006  2.60e-009  1.92e-009  
3.79918e+016 2.23e-014  2.76e-010  5.74e-007  5.69e-007  1.01e-009  1.28e-007  4.48e-011  6.01e-006  5.96e-006  4.75e-010  8.48e-004  9.64e-001  2.43e-008  5.43e-005  2.10e-005  2.23e-002  4.00e-003  4.00e-003  3.96e-003  1.30e-006  2.51e-009  1.88e-009  
3.79956e+016 2.23e-014  2.67e-010  5.70e-007  5.65e-007  9.78e-010  1.23e-007  4.32e-011  6.06e-006  6.01e-006  4.48e-010  8.26e-004  9.65e-001  2.29e-008  5.30e-005  2.04e-005  2.18e-002  3.95e-003  3.95e-003  3.91e-003  1.28e-006  2.36e-009  1.82e-009  
3.80017e+016 2.24e-014  2.52e-010  5.68e-007  5.59e-007  9.17e-010  1.14e-007  4.06e-011  6.13e-006  6.04e-006  4.05e-010  7.87e-004  9.66e-001  2.08e-008  5.05e-005  1.93e-005  2.10e-002  3.85e-003  3.85e-003  3.81e-003  1.24e-006  2.14e-009  1.70e-009  
3.80129e+016 2.23e-014  2.28e-010  5.60e-007  5.56e-007  8.29e-010  1.01e-007  3.66e-011  6.27e-006  6.23e-006  3.41e-010  7.30e-004  9.68e-001  1.75e-008  4.70e-005  1.76e-005  1.96e-002  3.71e-003  3.71e-003  3.67e-003  1.19e-006  1.79e-009  1.53e-009  
3.80319e+016 2.24e-014  1.91e-010  5.52e-007  5.48e-007  6.95e-010  8.15e-008  3.06e-011  6.59e-006  6.55e-006  2.53e-010  6.37e-004  9.71e-001  1.31e-008  4.12e-005  1.51e-005  1.72e-002  3.47e-003  3.47e-003  3.43e-003  1.10e-006  1.32e-009  1.27e-009  
3.80578e+016 2.27e-014  1.53e-010  5.56e-007  5.47e-007  5.51e-010  6.22e-008  2.43e-011  7.19e-006  7.10e-006  1.73e-010  5.25e-004  9.75e-001  9.04e-009  3.50e-005  1.25e-005  1.43e-002  3.21e-003  3.21e-003  3.17e-003  9.79e-007  8.96e-010  1.01e-009  
3.80629e+016 2.27e-014  1.47e-010  5.61e-007  5.52e-007  5.30e-010  5.96e-008  2.34e-011  7.37e-006  7.28e-006  1.62e-010  5.08e-004  9.76e-001  8.52e-009  3.41e-005  1.22e-005  1.38e-002  3.17e-003  3.17e-003  3.14e-003  9.62e-007  8.34e-010  9.62e-010  
3.80713e+016 2.27e-014  1.37e-010  5.63e-007  5.59e-007  4.93e-010  5.50e-008  2.18e-011  7.61e-006  7.52e-006  1.45e-010  4.80e-004  9.77e-001  7.66e-009  3.26e-005  1.16e-005  1.29e-002  3.11e-003  3.11e-003  3.08e-003  9.28e-007  7.44e-010  8.98e-010  
3.80859e+016 2.29e-014  1.22e-010  5.77e-007  5.68e-007  4.41e-010  4.81e-008  1.94e-011  8.13e-006  8.04e-006  1.20e-010  4.30e-004  9.79e-001  6.42e-009  3.03e-005  1.06e-005  1.14e-002  3.00e-003  3.00e-003  2.97e-003  8.74e-007  6.07e-010  7.95e-010  
3.81083e+016 2.32e-014  1.02e-010  5.98e-007  5.90e-007  3.66e-010  3.91e-008  1.61e-011  9.08e-006  8.95e-006  9.00e-011  3.64e-004  9.81e-001  4.95e-009  2.72e-005  9.30e-006  9.30e-003  2.83e-003  2.83e-003  2.80e-003  7.88e-007  4.43e-010  6.59e-010  
3.81265e+016 2.35e-014  8.86e-011  6.26e-007  6.17e-007  3.18e-010  3.33e-008  1.40e-011  1.01e-005  1.00e-005  7.28e-011  3.18e-004  9.83e-001  4.10e-009  2.55e-005  8.34e-006  7.71e-003  2.69e-003  2.69e-003  2.67e-003  7.24e-007  3.48e-010  5.70e-010  
3.81480e+016 2.38e-014  7.51e-011  6.67e-007  6.59e-007  2.71e-010  2.77e-008  1.20e-011  1.20e-005  1.19e-005  5.71e-011  2.71e-004  9.86e-001  3.35e-009  2.40e-005  7.26e-006  6.00e-003  2.51e-003  2.51e-003  2.49e-003  6.50e-007  2.62e-010  4.82e-010  
3.81769e+016 2.45e-014  6.13e-011  7.44e-007  7.35e-007  2.22e-010  2.22e-008  9.81e-012  1.65e-005  1.63e-005  4.33e-011  2.22e-004  9.89e-001  2.71e-009  2.32e-005  5.84e-006  4.08e-003  2.20e-003  2.20e-003  2.18e-003  5.56e-007  1.85e-010  3.89e-010  
3.81836e+016 2.46e-014  5.90e-011  7.70e-007  7.61e-007  2.13e-010  2.13e-008  9.41e-012  1.82e-005  1.80e-005  4.07e-011  2.13e-004  9.89e-001  2.61e-009  2.32e-005  5.54e-006  3.70e-003  2.13e-003  2.13e-003  2.10e-003  5.37e-007  1.72e-010  3.72e-010  
3.81952e+016 2.48e-014  5.48e-011  8.09e-007  8.01e-007  1.98e-010  1.95e-008  8.74e-012  2.17e-005  2.15e-005  3.68e-011  1.97e-004  9.90e-001  2.46e-009  2.34e-005  4.99e-006  3.07e-003  1.97e-003  1.97e-003  1.95e-003  5.07e-007  1.51e-010  3.42e-010  
3.82149e+016 2.53e-014  4.78e-011  8.78e-007  8.70e-007  1.74e-010  1.70e-008  7.71e-012  3.05e-005  3.02e-005  3.09e-011  1.73e-004  9.92e-001  2.22e-009  2.40e-005  4.03e-006  2.15e-003  1.68e-003  1.68e-003  1.66e-003  4.63e-007  1.21e-010  2.94e-010  
3.82433e+016 2.58e-014  3.99e-011  9.71e-007  9.64e-007  1.48e-010  1.40e-008  6.54e-012  4.99e-005  4.95e-005  2.38e-011  1.46e-004  9.95e-001  2.01e-009  2.58e-005  2.73e-006  1.15e-003  1.24e-003  1.24e-003  1.23e-003  4.26e-007  8.94e-011  2.34e-010  
3.82740e+016 2.65e-014  3.30e-011  9.67e-007  9.55e-007  1.24e-010  1.13e-008  5.47e-012  6.31e-005  6.23e-005  1.62e-011  1.25e-004  9.97e-001  1.84e-009  2.84e-005  1.57e-006  4.68e-004  7.70e-004  7.70e-004  7.63e-004  4.38e-007  6.49e-011  1.74e-010  
3.83054e+016 2.69e-014  2.75e-011  7.24e-007  7.16e-007  1.04e-010  9.28e-009  4.60e-012  3.75e-005  3.71e-005  8.46e-012  1.12e-004  9.98e-001  1.69e-009  3.11e-005  7.65e-007  1.26e-004  4.01e-004  4.01e-004  3.97e-004  5.34e-007  4.90e-011  1.18e-010  
3.83376e+016 2.74e-014  2.29e-011  4.34e-007  4.30e-007  8.79e-011  7.66e-009  3.87e-012  8.97e-006  8.86e-006  3.94e-012  9.88e-005  9.99e-001  1.47e-009  3.19e-005  3.22e-007  2.25e-005  1.76e-004  1.76e-004  1.74e-004  7.51e-007  3.72e-011  6.75e-011  
3.83751e+016 2.79e-014  1.87e-011  3.11e-007  3.08e-007  7.49e-011  6.20e-009  3.31e-012  1.19e-006  1.18e-006  2.34e-012  8.35e-005  1.00e+000  1.23e-009  3.17e-005  1.28e-007  2.58e-006  7.13e-005  7.13e-005  7.06e-005  1.26e-006  2.73e-011  2.48e-011  
3.84132e+016 2.85e-014  1.52e-011  2.82e-007  2.79e-007  6.63e-011  5.05e-009  2.92e-012  1.95e-007  1.93e-007  1.74e-012  6.98e-005  1.00e+000  1.01e-009  3.09e-005  9.82e-008  2.79e-007  5.51e-005  5.51e-005  5.47e-005  1.87e-006  2.03e-011  5.68e-012  
3.84531e+016 2.92e-014  1.24e-011  2.93e-007  2.90e-007  6.13e-011  4.11e-009  2.71e-012  8.01e-008  7.94e-008  1.36e-012  5.79e-005  1.00e+000  8.18e-010  2.92e-005  1.34e-007  8.90e-008  7.57e-005  7.57e-005  7.50e-005  2.29e-006  1.51e-011  1.61e-012  
3.84962e+016 3.01e-014  1.01e-011  3.39e-007  3.35e-007  6.11e-011  3.42e-009  2.70e-012  4.58e-008  4.55e-008  1.01e-012  4.85e-005  1.00e+000  6.57e-010  2.70e-005  1.82e-007  6.81e-008  1.03e-004  1.03e-004  1.02e-004  2.54e-006  1.15e-011  1.29e-012  
3.85449e+016 3.12e-014  8.23e-012  4.55e-007  4.52e-007  6.22e-011  2.84e-009  2.75e-012  2.93e-008  2.90e-008  7.14e-013  4.04e-005  1.00e+000  5.19e-010  2.45e-005  1.83e-007  5.54e-008  1.03e-004  1.03e-004  1.02e-004  2.57e-006  8.65e-012  1.11e-012  
3.85990e+016 3.27e-014  6.60e-012  6.42e-007  6.33e-007  5.69e-011  2.36e-009  2.51e-012  2.27e-008  2.24e-008  5.17e-013  3.30e-005  1.00e+000  4.07e-010  2.19e-005  1.02e-007  4.89e-008  5.63e-005  5.63e-005  5.56e-005  2.31e-006  6.45e-012  8.53e-013  
3.86597e+016 3.46e-014  5.26e-012  7.43e-007  7.34e-007  4.05e-011  1.96e-009  1.79e-012  2.32e-008  2.30e-008  3.70e-013  2.68e-005  1.00e+000  3.18e-010  1.95e-005  4.36e-008  5.09e-008  2.31e-005  2.31e-005  2.29e-005  1.80e-006  4.80e-012  5.72e-013  
3.87288e+016 3.73e-014  4.15e-012  5.84e-007  5.79e-007  2.06e-011  1.66e-009  9.09e-013  3.03e-008  2.98e-008  2.58e-013  2.16e-005  1.00e+000  2.51e-010  1.74e-005  4.40e-008  6.54e-008  2.21e-005  2.21e-005  2.19e-005  1.20e-006  3.54e-012  3.32e-013  
3.88139e+016 4.21e-014  3.30e-012  2.56e-007  2.54e-007  5.75e-012  1.46e-009  2.54e-013  4.25e-008  4.23e-008  1.82e-013  1.75e-005  1.00e+000  2.06e-010  1.56e-005  6.55e-008  9.12e-008  3.06e-005  3.06e-005  3.04e-005  6.77e-007  2.66e-012  1.71e-013  
3.89093e+016 5.03e-014  2.64e-012  4.81e-008  4.77e-008  6.54e-013  1.37e-009  2.88e-014  6.22e-008  6.14e-008  1.40e-013  1.42e-005  1.00e+000  1.78e-010  1.39e-005  1.05e-007  1.32e-007  4.45e-005  4.45e-005  4.41e-005  3.88e-007  2.01e-012  9.38e-014  
3.90068e+016 6.33e-014  2.20e-012  3.76e-009  3.71e-009  3.74e-014  1.40e-009  1.66e-015  9.02e-008  8.92e-008  1.22e-013  1.20e-005  1.00e+000  1.67e-010  1.27e-005  1.63e-007  1.93e-007  6.16e-005  6.16e-005  6.10e-005  2.57e-007  1.58e-012  6.54e-014  
3.91088e+016 8.45e-014  1.87e-012  6.02e-010  5.96e-010  1.42e-014  1.55e-009  6.25e-016  1.28e-007  1.27e-007  1.16e-013  1.04e-005  1.00e+000  1.70e-010  1.17e-005  2.39e-007  2.74e-007  7.91e-005  7.91e-005  7.84e-005  1.88e-007  1.29e-012  5.41e-014  
3.92181e+016 1.19e-013  1.65e-012  6.39e-010  6.33e-010  1.75e-014  1.86e-009  7.73e-016  1.76e-007  1.75e-007  1.18e-013  9.24e-006  1.00e+000  1.89e-010  1.09e-005  3.34e-007  3.82e-007  9.41e-005  9.41e-005  9.32e-005  1.44e-007  1.08e-012  5.03e-014  
3.93325e+016 1.73e-013  1.51e-012  7.16e-010  7.11e-010  2.19e-014  2.37e-009  9.65e-016  2.31e-007  2.29e-007  1.25e-013  8.55e-006  1.00e+000  2.22e-010  1.03e-005  4.40e-007  5.08e-007  1.04e-004  1.04e-004  1.03e-004  1.12e-007  9.25e-013  5.08e-014  
3.94519e+016 2.54e-013  1.44e-012  7.63e-010  7.56e-010  2.72e-014  3.11e-009  1.20e-015  2.83e-007  2.80e-007  1.38e-013  8.19e-006  1.00e+000  2.72e-010  9.72e-006  5.47e-007  6.34e-007  1.06e-004  1.06e-004  1.05e-004  8.93e-008  8.11e-013  5.39e-014  
3.95803e+016 3.72e-013  1.44e-012  7.71e-010  7.63e-010  3.36e-014  4.22e-009  1.48e-015  3.25e-007  3.22e-007  1.57e-013  8.14e-006  1.00e+000  3.47e-010  9.30e-006  6.48e-007  7.39e-007  1.03e-004  1.03e-004  1.02e-004  7.15e-008  7.34e-013  5.88e-014  
3.97190e+016 5.41e-013  1.50e-012  7.39e-010  7.32e-010  4.05e-014  5.82e-009  1.78e-015  3.42e-007  3.38e-007  1.85e-013  8.41e-006  1.00e+000  4.51e-010  8.91e-006  7.28e-007  7.98e-007  9.41e-005  9.41e-005  9.31e-005  5.69e-008  6.74e-013  6.49e-014  
3.98699e+016 7.71e-013  1.65e-012  6.76e-010  6.69e-010  4.75e-014  8.14e-009  2.10e-015  3.33e-007  3.29e-007  2.28e-013  9.10e-006  1.00e+000  5.99e-010  8.64e-006  7.82e-007  7.95e-007  8.29e-005  8.29e-005  8.21e-005  4.53e-008  6.38e-013  7.20e-014  
4.00514e+016 1.11e-012  1.95e-012  5.82e-010  5.76e-010  5.49e-014  1.20e-008  2.42e-015  2.95e-007  2.93e-007  3.12e-013  1.05e-005  1.00e+000  8.40e-010  8.42e-006  8.02e-007  7.21e-007  6.99e-005  6.99e-005  6.92e-005  3.49e-008  6.20e-013  8.11e-014  
4.02549e+016 1.56e-012  2.52e-012  4.81e-010  4.77e-010  6.26e-014  1.82e-008  2.76e-015  2.42e-007  2.40e-007  4.75e-013  1.31e-005  1.00e+000  1.22e-009  8.33e-006  7.88e-007  6.04e-007  5.77e-005  5.77e-005  5.72e-005  2.65e-008  6.29e-013  9.16e-014  
4.04761e+016 2.14e-012  3.51e-012  3.88e-010  3.84e-010  7.10e-014  2.83e-008  3.14e-015  1.87e-007  1.85e-007  7.90e-013  1.73e-005  1.00e+000  1.84e-009  8.32e-006  7.52e-007  4.77e-007  4.72e-005  4.72e-005  4.67e-005  1.98e-008  6.68e-013  1.05e-013  
4.07070e+016 2.83e-012  5.23e-012  3.14e-010  3.11e-010  8.34e-014  4.49e-008  3.67e-015  1.42e-007  1.40e-007  1.42e-012  2.42e-005  1.00e+000  2.85e-009  8.44e-006  7.14e-007  3.71e-007  3.89e-005  3.89e-005  3.85e-005  1.48e-008  7.42e-013  1.21e-013  
4.09451e+016 3.65e-012  8.38e-012  2.60e-010  2.57e-010  1.05e-013  7.50e-008  4.60e-015  1.08e-007  1.07e-007  2.79e-012  3.59e-005  1.00e+000  4.57e-009  8.63e-006  6.87e-007  2.93e-007  3.26e-005  3.26e-005  3.23e-005  1.09e-008  8.93e-013  1.44e-013  
4.11988e+016 4.66e-012  1.44e-011  2.21e-010  2.19e-010  1.42e-013  1.32e-007  6.26e-015  8.24e-008  8.15e-008  6.07e-012  5.51e-005  1.00e+000  7.74e-009  8.82e-006  6.78e-007  2.38e-007  2.77e-005  2.77e-005  2.75e-005  7.92e-009  1.14e-012  1.76e-013  
4.14624e+016 5.90e-012  2.61e-011  1.97e-010  1.95e-010  2.07e-013  2.46e-007  9.15e-015  6.37e-008  6.30e-008  1.43e-011  8.52e-005  1.00e+000  1.36e-008  8.96e-006  7.01e-007  2.03e-007  2.37e-005  2.37e-005  2.36e-005  5.59e-009  1.54e-012  2.20e-013  
4.17462e+016 7.49e-012  5.10e-011  1.85e-010  1.84e-010  3.32e-013  5.06e-007  1.47e-014  4.91e-008  4.86e-008  3.78e-011  1.32e-004  9.99e-001  2.60e-008  9.10e-006  7.82e-007  1.87e-007  2.10e-005  2.10e-005  2.07e-005  3.78e-009  2.26e-012  2.87e-013  
4.20512e+016 9.58e-012  1.09e-010  1.97e-010  1.95e-010  5.57e-013  1.17e-006  2.45e-014  3.51e-008  3.48e-008  1.13e-010  1.92e-004  9.99e-001  5.45e-008  9.22e-006  9.69e-007  1.81e-007  1.90e-005  1.90e-005  1.88e-005  2.40e-009  3.59e-012  3.91e-013  
4.23867e+016 1.24e-011  2.56e-010  2.58e-010  2.55e-010  9.11e-013  3.13e-006  4.00e-014  1.97e-008  1.96e-008  3.77e-010  2.46e-004  9.99e-001  1.30e-007  9.35e-006  1.35e-006  1.80e-007  1.78e-005  1.78e-005  1.76e-005  1.39e-009  6.28e-012  5.53e-013  
4.27356e+016 1.63e-011  6.56e-010  4.46e-010  4.42e-010  1.34e-012  9.38e-006  5.91e-014  7.60e-009  7.54e-009  1.27e-009  2.38e-004  9.99e-001  3.38e-007  9.56e-006  2.09e-006  1.75e-007  1.70e-005  1.70e-005  1.69e-005  7.72e-010  1.27e-011  8.46e-013  
4.30994e+016 2.15e-011  1.86e-009  1.05e-009  1.04e-009  1.98e-012  3.23e-005  8.74e-014  2.35e-009  2.33e-009  4.28e-009  1.72e-004  9.99e-001  9.99e-007  1.03e-005  3.56e-006  2.02e-007  1.66e-005  1.66e-005  1.65e-005  4.40e-010  3.24e-011  1.49e-012  
4.34671e+016 2.84e-011  5.77e-009  3.00e-009  2.98e-009  3.76e-012  1.46e-004  1.66e-013  4.93e-010  4.85e-010  1.45e-008  9.82e-005  9.99e-001  3.25e-006  1.25e-005  7.42e-006  2.68e-007  1.60e-005  1.60e-005  1.59e-005  3.20e-010  1.07e-010  3.69e-012  
4.38104e+016 3.70e-011  1.76e-008  8.96e-009  8.88e-009  1.49e-011  6.98e-004  6.58e-013  7.31e-011  7.25e-011  4.65e-008  5.85e-005  9.99e-001  1.04e-005  1.97e-005  1.27e-005  2.92e-007  1.18e-005  1.18e-005  1.17e-005  5.28e-010  4.17e-010  2.00e-011  
4.41007e+016 4.62e-011  4.79e-008  2.40e-008  2.38e-008  8.75e-011  2.79e-003  3.86e-012  1.40e-011  1.39e-011  1.29e-007  4.27e-005  9.96e-001  2.90e-005  3.81e-005  1.65e-005  2.75e-007  7.28e-006  7.28e-006  7.21e-006  1.59e-009  1.54e-009  1.67e-010  
4.42181e+016 5.04e-011  7.24e-008  3.65e-008  3.61e-008  1.96e-010  4.96e-003  8.65e-012  1.02e-011  1.01e-011  1.98e-007  3.91e-005  9.94e-001  4.43e-005  5.32e-005  1.78e-005  2.70e-007  5.75e-006  5.75e-006  5.70e-006  2.72e-009  2.68e-009  4.21e-010  
4.42811e+016 5.28e-011  9.03e-008  4.55e-008  4.51e-008  3.03e-010  6.74e-003  1.34e-011  1.08e-011  1.07e-011  2.48e-007  3.75e-005  9.92e-001  5.51e-005  6.40e-005  1.85e-005  2.78e-007  5.09e-006  5.09e-006  5.06e-006  3.62e-009  3.60e-009  6.86e-010  
4.43809e+016 5.68e-011  1.30e-007  6.55e-008  6.50e-008  6.30e-010  1.12e-002  2.78e-011  1.61e-011  1.60e-011  3.61e-007  3.56e-005  9.88e-001  7.89e-005  8.77e-005  2.10e-005  2.75e-007  4.37e-006  4.37e-006  4.33e-006  5.88e-009  5.86e-009  1.52e-009  
4.45030e+016 6.18e-011  2.02e-007  1.02e-007  1.01e-007  1.53e-009  2.04e-002  6.73e-011  3.48e-011  3.44e-011  5.66e-007  3.43e-005  9.78e-001  1.20e-004  1.28e-004  2.30e-005  2.59e-007  3.49e-006  3.49e-006  3.46e-006  1.05e-008  1.04e-008  3.74e-009  
4.45401e+016 6.34e-011  2.33e-007  1.18e-007  1.16e-007  2.02e-009  2.46e-002  8.91e-011  4.54e-011  4.49e-011  6.53e-007  3.39e-005  9.74e-001  1.36e-004  1.45e-004  2.25e-005  2.47e-007  3.09e-006  3.09e-006  3.06e-006  1.25e-008  1.25e-008  4.92e-009  
4.45998e+016 6.60e-011  2.90e-007  1.46e-007  1.45e-007  3.11e-009  3.29e-002  1.37e-010  6.93e-011  6.87e-011  8.16e-007  3.37e-005  9.66e-001  1.65e-004  1.73e-004  2.29e-005  2.33e-007  2.68e-006  2.68e-006  2.65e-006  1.65e-008  1.65e-008  7.38e-009  
4.46779e+016 6.90e-011  3.85e-007  1.96e-007  1.94e-007  5.48e-009  4.78e-002  2.42e-010  1.21e-010  1.20e-010  1.09e-006  3.38e-005  9.50e-001  2.12e-004  2.19e-004  2.45e-005  2.33e-007  2.38e-006  2.38e-006  2.35e-006  2.35e-008  2.35e-008  1.22e-008  
4.48006e+016 7.35e-011  5.95e-007  3.04e-007  3.01e-007  1.29e-008  8.28e-002  5.68e-010  2.85e-010  2.82e-010  1.70e-006  3.46e-005  9.15e-001  3.01e-004  3.09e-004  2.57e-005  2.26e-007  1.88e-006  1.88e-006  1.85e-006  3.91e-008  3.88e-008  2.45e-008  
4.48529e+016 7.52e-011  7.21e-007  3.70e-007  3.66e-007  1.88e-008  1.05e-001  8.26e-010  4.14e-010  4.08e-010  2.08e-006  3.51e-005  8.93e-001  3.49e-004  3.55e-004  2.41e-005  2.14e-007  1.56e-006  1.56e-006  1.54e-006  4.83e-008  4.80e-008  3.23e-008  
4.48834e+016 7.61e-011  8.01e-007  4.13e-007  4.08e-007  2.30e-008  1.19e-001  1.01e-009  5.07e-010  5.04e-010  2.31e-006  3.56e-005  8.78e-001  3.76e-004  3.84e-004  2.31e-005  1.99e-007  1.41e-006  1.41e-006  1.39e-006  5.42e-008  5.38e-008  3.75e-008  
4.49346e+016 7.73e-011  9.50e-007  4.91e-007  4.87e-007  3.18e-008  1.45e-001  1.40e-009  7.03e-010  6.95e-010  2.74e-006  3.68e-005  8.52e-001  4.26e-004  4.32e-004  2.43e-005  2.03e-007  1.33e-006  1.33e-006  1.32e-006  6.49e-008  6.43e-008  4.70e-008  
4.49870e+016 7.84e-011  1.13e-006  5.86e-007  5.80e-007  4.40e-008  1.75e-001  1.94e-009  9.71e-010  9.61e-010  3.28e-006  3.81e-005  8.21e-001  4.81e-004  4.87e-004  2.54e-005  2.07e-007  1.27e-006  1.27e-006  1.25e-006  7.70e-008  7.64e-008  5.82e-008  
4.50684e+016 7.98e-011  1.45e-006  7.65e-007  7.57e-007  7.11e-008  2.28e-001  3.13e-009  1.57e-009  1.55e-009  4.28e-006  4.06e-005  7.67e-001  5.72e-004  5.78e-004  2.61e-005  2.08e-007  1.15e-006  1.15e-006  1.13e-006  9.83e-008  9.74e-008  7.81e-008  
4.51867e+016 8.15e-011  2.07e-006  1.10e-006  1.09e-006  1.35e-007  3.20e-001  5.95e-009  2.97e-009  2.95e-009  6.12e-006  4.49e-005  6.74e-001  7.11e-004  7.17e-004  2.61e-005  2.06e-007  9.81e-007  9.81e-007  9.71e-007  1.34e-007  1.33e-007  1.12e-007  
4.51946e+016 8.14e-011  2.15e-006  1.15e-006  1.14e-006  1.45e-007  3.33e-001  6.39e-009  3.19e-009  3.16e-009  6.38e-006  4.53e-005  6.61e-001  7.27e-004  7.32e-004  2.42e-005  2.03e-007  8.87e-007  8.87e-007  8.77e-007  1.38e-007  1.36e-007  1.16e-007  
4.52061e+016 8.15e-011  2.23e-006  1.20e-006  1.18e-006  1.56e-007  3.44e-001  6.88e-009  3.45e-009  3.41e-009  6.63e-006  4.59e-005  6.50e-001  7.42e-004  7.47e-004  2.22e-005  1.86e-007  8.00e-007  8.00e-007  7.93e-007  1.41e-007  1.40e-007  1.20e-007  
4.52265e+016 8.17e-011  2.36e-006  1.26e-006  1.25e-006  1.73e-007  3.61e-001  7.60e-009  3.79e-009  3.76e-009  7.01e-006  4.67e-005  6.33e-001  7.67e-004  7.72e-004  2.24e-005  1.80e-007  7.89e-007  7.89e-007  7.81e-007  1.48e-007  1.47e-007  1.26e-007  
4.52632e+016 8.22e-011  2.60e-006  1.40e-006  1.39e-006  2.04e-007  3.92e-001  9.03e-009  4.52e-009  4.47e-009  7.75e-006  4.84e-005  6.01e-001  8.12e-004  8.18e-004  2.31e-005  1.84e-007  7.84e-007  7.84e-007  7.77e-007  1.61e-007  1.58e-007  1.38e-007  
4.53239e+016 8.31e-011  3.04e-006  1.66e-006  1.64e-006  2.71e-007  4.43e-001  1.19e-008  5.97e-009  5.91e-009  9.11e-006  5.14e-005  5.50e-001  8.87e-004  8.93e-004  2.42e-005  1.91e-007  7.77e-007  7.77e-007  7.70e-007  1.80e-007  1.78e-007  1.58e-007  
4.54167e+016 8.47e-011  3.81e-006  2.11e-006  2.09e-006  4.04e-007  5.19e-001  1.78e-008  8.91e-009  8.82e-009  1.15e-005  5.62e-005  4.72e-001  1.00e-003  1.01e-003  2.44e-005  1.94e-007  7.34e-007  7.34e-007  7.27e-007  2.11e-007  2.09e-007  1.89e-007  
4.55446e+016 8.75e-011  5.12e-006  2.90e-006  2.87e-006  6.83e-007  6.26e-001  3.02e-008  1.51e-008  1.50e-008  1.57e-005  6.35e-005  3.63e-001  1.17e-003  1.17e-003  2.35e-005  1.89e-007  6.43e-007  6.43e-007  6.38e-007  2.55e-007  2.51e-007  2.32e-007  
4.55658e+016 8.80e-011  5.37e-006  3.06e-006  3.03e-006  7.45e-007  6.44e-001  3.29e-008  1.65e-008  1.62e-008  1.65e-005  6.48e-005  3.45e-001  1.19e-003  1.19e-003  2.33e-005  1.87e-007  6.25e-007  6.25e-007  6.19e-007  2.62e-007  2.59e-007  2.40e-007  
4.55697e+016 8.82e-011  5.45e-006  3.12e-006  3.08e-006  7.66e-007  6.52e-001  3.38e-008  1.69e-008  1.68e-008  1.67e-005  6.49e-005  3.38e-001  1.19e-003  1.19e-003  2.15e-005  1.86e-007  5.72e-007  5.72e-007  5.67e-007  2.64e-007  2.61e-007  2.41e-007  
4.55761e+016 8.84e-011  5.54e-006  3.17e-006  3.13e-006  7.93e-007  6.58e-001  3.49e-008  1.75e-008  1.73e-008  1.70e-005  6.54e-005  3.31e-001  1.20e-003  1.20e-003  1.93e-005  1.76e-007  5.11e-007  5.11e-007  5.05e-007  2.66e-007  2.62e-007  2.44e-007  
4.55871e+016 8.87e-011  5.67e-006  3.25e-006  3.21e-006  8.27e-007  6.66e-001  3.64e-008  1.83e-008  1.80e-008  1.74e-005  6.61e-005  3.24e-001  1.21e-003  1.22e-003  1.87e-005  1.64e-007  4.91e-007  4.91e-007  4.85e-007  2.70e-007  2.66e-007  2.48e-007  
4.56066e+016 8.93e-011  5.90e-006  3.39e-006  3.36e-006  8.86e-007  6.79e-001  3.91e-008  1.96e-008  1.94e-008  1.81e-005  6.72e-005  3.10e-001  1.23e-003  1.23e-003  1.88e-005  1.58e-007  4.88e-007  4.88e-007  4.84e-007  2.76e-007  2.72e-007  2.54e-007  
4.56410e+016 9.05e-011  6.31e-006  3.66e-006  3.61e-006  1.00e-006  7.00e-001  4.41e-008  2.21e-008  2.19e-008  1.94e-005  6.94e-005  2.88e-001  1.27e-003  1.27e-003  1.91e-005  1.59e-007  4.91e-007  4.91e-007  4.85e-007  2.86e-007  2.83e-007  2.64e-007  
4.56849e+016 9.22e-011  6.88e-006  4.03e-006  3.98e-006  1.17e-006  7.27e-001  5.15e-008  2.58e-008  2.55e-008  2.13e-005  7.21e-005  2.61e-001  1.31e-003  1.32e-003  1.95e-005  1.62e-007  4.94e-007  4.94e-007  4.88e-007  2.99e-007  2.95e-007  2.78e-007  
4.57241e+016 9.37e-011  7.42e-006  4.37e-006  4.33e-006  1.33e-006  7.50e-001  5.90e-008  2.94e-008  2.92e-008  2.30e-005  7.47e-005  2.38e-001  1.36e-003  1.37e-003  1.97e-005  1.64e-007  4.89e-007  4.89e-007  4.84e-007  3.10e-007  3.07e-007  2.90e-007  
4.57850e+016 9.64e-011  8.30e-006  4.97e-006  4.92e-006  1.63e-006  7.84e-001  7.21e-008  3.60e-008  3.57e-008  2.59e-005  7.87e-005  2.03e-001  1.42e-003  1.42e-003  1.94e-005  1.63e-007  4.68e-007  4.68e-007  4.63e-007  3.29e-007  3.25e-007  3.08e-007  
4.58802e+016 1.01e-010  9.87e-006  6.05e-006  5.99e-006  2.23e-006  8.29e-001  9.84e-008  4.91e-008  4.86e-008  3.11e-005  8.55e-005  1.58e-001  1.50e-003  1.51e-003  1.83e-005  1.56e-007  4.24e-007  4.24e-007  4.19e-007  3.54e-007  3.49e-007  3.34e-007  
4.59720e+016 1.07e-010  1.16e-005  7.26e-006  7.19e-006  2.97e-006  8.64e-001  1.31e-007  6.54e-008  6.48e-008  3.67e-005  9.24e-005  1.23e-001  1.57e-003  1.58e-003  1.67e-005  1.48e-007  3.79e-007  3.79e-007  3.75e-007  3.76e-007  3.71e-007  3.57e-007  
4.59734e+016 1.07e-010  1.16e-005  7.29e-006  7.22e-006  2.98e-006  8.65e-001  1.32e-007  6.57e-008  6.50e-008  3.68e-005  9.24e-005  1.21e-001  1.58e-003  1.58e-003  1.66e-005  1.48e-007  3.73e-007  3.73e-007  3.69e-007  3.75e-007  3.71e-007  3.57e-007  
4.59759e+016 1.07e-010  1.17e-005  7.36e-006  7.29e-006  3.01e-006  8.68e-001  1.33e-007  6.66e-008  6.60e-008  3.71e-005  9.24e-005  1.18e-001  1.57e-003  1.57e-003  1.55e-005  1.46e-007  3.45e-007  3.45e-007  3.41e-007  3.75e-007  3.70e-007  3.56e-007  
4.59802e+016 1.08e-010  1.19e-005  7.47e-006  7.39e-006  3.10e-006  8.71e-001  1.37e-007  6.85e-008  6.77e-008  3.77e-005  9.28e-005  1.15e-001  1.58e-003  1.58e-003  1.39e-005  1.43e-007  3.08e-007  3.08e-007  3.04e-007  3.76e-007  3.71e-007  3.57e-007  
4.59873e+016 1.08e-010  1.20e-005  7.59e-006  7.50e-006  3.19e-006  8.73e-001  1.40e-007  7.04e-008  6.97e-008  3.81e-005  9.33e-005  1.13e-001  1.58e-003  1.58e-003  1.28e-005  1.36e-007  2.82e-007  2.82e-007  2.79e-007  3.78e-007  3.72e-007  3.60e-007  
4.59993e+016 1.09e-010  1.22e-005  7.76e-006  7.68e-006  3.30e-006  8.77e-001  1.46e-007  7.29e-008  7.22e-008  3.89e-005  9.45e-005  1.09e-001  1.59e-003  1.59e-003  1.25e-005  1.26e-007  2.73e-007  2.73e-007  2.71e-007  3.81e-007  3.75e-007  3.61e-007  
4.60196e+016 1.10e-010  1.26e-005  8.07e-006  7.98e-006  3.50e-006  8.83e-001  1.55e-007  7.73e-008  7.65e-008  4.02e-005  9.61e-005  1.03e-001  1.60e-003  1.60e-003  1.25e-005  1.20e-007  2.72e-007  2.72e-007  2.69e-007  3.85e-007  3.80e-007  3.66e-007  
4.60580e+016 1.13e-010  1.35e-005  8.68e-006  8.59e-006  3.91e-006  8.94e-001  1.73e-007  8.63e-008  8.54e-008  4.30e-005  9.91e-005  9.20e-002  1.63e-003  1.63e-003  1.26e-005  1.19e-007  2.72e-007  2.72e-007  2.69e-007  3.94e-007  3.88e-007  3.75e-007  
4.61139e+016 1.17e-010  1.47e-005  9.66e-006  9.58e-006  4.57e-006  9.07e-001  2.02e-007  1.01e-007  1.00e-007  4.73e-005  1.04e-004  7.90e-002  1.67e-003  1.67e-003  1.27e-005  1.21e-007  2.71e-007  2.71e-007  2.69e-007  4.05e-007  4.00e-007  3.88e-007  
4.61801e+016 1.23e-010  1.63e-005  1.08e-005  1.08e-005  5.47e-006  9.20e-001  2.41e-007  1.21e-007  1.19e-007  5.26e-005  1.10e-004  6.49e-002  1.70e-003  1.70e-003  1.25e-005  1.21e-007  2.61e-007  2.61e-007  2.57e-007  4.17e-007  4.11e-007  3.99e-007  
4.62829e+016 1.31e-010  1.93e-005  1.33e-005  1.31e-005  7.29e-006  9.37e-001  3.22e-007  1.61e-007  1.59e-007  6.30e-005  1.22e-004  4.75e-002  1.76e-003  1.76e-003  1.14e-005  1.16e-007  2.32e-007  2.32e-007  2.30e-007  4.37e-007  4.31e-007  4.20e-007  
4.63958e+016 1.43e-010  2.29e-005  1.63e-005  1.62e-005  9.73e-006  9.52e-001  4.30e-007  2.16e-007  2.13e-007  7.56e-005  1.35e-004  3.29e-002  1.80e-003  1.80e-003  9.94e-006  1.08e-007  1.95e-007  1.95e-007  1.93e-007  4.53e-007  4.47e-007  4.37e-007  
4.64165e+016 1.45e-010  2.37e-005  1.71e-005  1.69e-005  1.04e-005  9.54e-001  4.56e-007  2.28e-007  2.26e-007  7.88e-005  1.38e-004  3.08e-002  1.81e-003  1.82e-003  9.68e-006  1.06e-007  1.89e-007  1.89e-007  1.87e-007  4.57e-007  4.51e-007  4.41e-007  
4.64187e+016 1.46e-010  2.38e-005  1.71e-005  1.70e-005  1.04e-005  9.55e-001  4.59e-007  2.29e-007  2.27e-007  7.90e-005  1.38e-004  2.99e-002  1.80e-003  1.81e-003  9.27e-006  1.06e-007  1.79e-007  1.79e-007  1.77e-007  4.54e-007  4.48e-007  4.39e-007  
4.64224e+016 1.46e-010  2.40e-005  1.73e-005  1.71e-005  1.06e-005  9.56e-001  4.67e-007  2.33e-007  2.31e-007  7.99e-005  1.39e-004  2.89e-002  1.80e-003  1.80e-003  8.33e-006  1.05e-007  1.59e-007  1.59e-007  1.57e-007  4.53e-007  4.46e-007  4.37e-007  
4.64286e+016 1.47e-010  2.43e-005  1.76e-005  1.74e-005  1.09e-005  9.56e-001  4.78e-007  2.39e-007  2.37e-007  8.07e-005  1.39e-004  2.82e-002  1.79e-003  1.79e-003  7.19e-006  1.03e-007  1.38e-007  1.38e-007  1.36e-007  4.52e-007  4.46e-007  4.37e-007  
4.64396e+016 1.48e-010  2.47e-005  1.80e-005  1.78e-005  1.12e-005  9.57e-001  4.95e-007  2.47e-007  2.45e-007  8.22e-005  1.42e-004  2.74e-002  1.80e-003  1.80e-003  6.64e-006  9.77e-008  1.27e-007  1.27e-007  1.25e-007  4.55e-007  4.48e-007  4.39e-007  
4.64596e+016 1.50e-010  2.56e-005  1.87e-005  1.85e-005  1.19e-005  9.59e-001  5.23e-007  2.61e-007  2.58e-007  8.52e-005  1.44e-004  2.58e-002  1.81e-003  1.81e-003  6.54e-006  9.19e-008  1.25e-007  1.25e-007  1.23e-007  4.59e-007  4.52e-007  4.43e-007  
4.64933e+016 1.54e-010  2.70e-005  1.99e-005  1.97e-005  1.29e-005  9.61e-001  5.68e-007  2.84e-007  2.81e-007  9.03e-005  1.50e-004  2.33e-002  1.82e-003  1.82e-003  6.56e-006  8.96e-008  1.25e-007  1.25e-007  1.23e-007  4.64e-007  4.57e-007  4.48e-007  
4.65501e+016 1.61e-010  2.93e-005  2.20e-005  2.18e-005  1.46e-005  9.65e-001  6.47e-007  3.23e-007  3.20e-007  9.84e-005  1.59e-004  1.94e-002  1.84e-003  1.84e-003  6.60e-006  8.96e-008  1.23e-007  1.23e-007  1.22e-007  4.71e-007  4.64e-007  4.56e-007  
4.66259e+016 1.69e-010  3.31e-005  2.54e-005  2.52e-005  1.77e-005  9.69e-001  7.80e-007  3.89e-007  3.86e-007  1.12e-004  1.73e-004  1.52e-002  1.87e-003  1.87e-003  6.50e-006  9.16e-008  1.19e-007  1.19e-007  1.18e-007  4.83e-007  4.76e-007  4.68e-007  
4.67450e+016 1.86e-010  3.96e-005  3.14e-005  3.11e-005  2.31e-005  9.74e-001  1.02e-006  5.11e-007  5.05e-007  1.35e-004  1.97e-004  1.03e-002  1.89e-003  1.90e-003  5.70e-006  9.09e-008  1.02e-007  1.02e-007  1.01e-007  4.94e-007  4.88e-007  4.80e-007  
4.68726e+016 2.05e-010  4.89e-005  4.01e-005  3.97e-005  3.13e-005  9.77e-001  1.38e-006  6.89e-007  6.84e-007  1.69e-004  2.31e-004  6.60e-003  1.92e-003  1.92e-003  4.77e-006  9.19e-008  8.26e-008  8.26e-008  8.16e-008  5.08e-007  5.03e-007  4.93e-007  
4.69009e+016 2.09e-010  5.13e-005  4.24e-005  4.19e-005  3.34e-005  9.78e-001  1.48e-006  7.38e-007  7.28e-007  1.77e-004  2.40e-004  5.99e-003  1.93e-003  1.94e-003  4.58e-006  9.25e-008  7.86e-008  7.86e-008  7.76e-008  5.13e-007  5.03e-007  4.98e-007  
4.69024e+016 2.10e-010  5.15e-005  4.24e-005  4.20e-005  3.34e-005  9.78e-001  1.47e-006  7.39e-007  7.30e-007  1.77e-004  2.40e-004  5.91e-003  1.93e-003  1.93e-003  4.54e-006  9.25e-008  7.73e-008  7.73e-008  7.68e-008  5.10e-007  5.01e-007  4.96e-007  
4.69048e+016 2.11e-010  5.13e-005  4.25e-005  4.21e-005  3.36e-005  9.78e-001  1.48e-006  7.41e-007  7.36e-007  1.78e-004  2.40e-004  5.74e-003  1.92e-003  1.92e-003  4.38e-006  9.21e-008  7.41e-008  7.41e-008  7.31e-008  5.08e-007  5.03e-007  4.94e-007  
4.69090e+016 2.12e-010  5.20e-005  4.30e-005  4.25e-005  3.40e-005  9.78e-001  1.50e-006  7.51e-007  7.42e-007  1.79e-004  2.41e-004  5.58e-003  1.91e-003  1.91e-003  4.00e-006  9.26e-008  6.66e-008  6.66e-008  6.62e-008  5.06e-007  5.01e-007  4.91e-007  
4.69160e+016 2.14e-010  5.29e-005  4.37e-005  4.33e-005  3.47e-005  9.78e-001  1.53e-006  7.63e-007  7.58e-007  1.82e-004  2.44e-004  5.34e-003  1.90e-003  1.90e-003  3.42e-006  9.36e-008  5.66e-008  5.66e-008  5.62e-008  5.06e-007  4.96e-007  4.92e-007  
4.69279e+016 2.16e-010  5.38e-005  4.49e-005  4.44e-005  3.59e-005  9.79e-001  1.59e-006  7.93e-007  7.84e-007  1.86e-004  2.49e-004  5.10e-003  1.90e-003  1.90e-003  2.97e-006  9.46e-008  4.92e-008  4.92e-008  4.87e-008  5.06e-007  4.96e-007  4.92e-007  
4.69476e+016 2.19e-010  5.53e-005  4.67e-005  4.62e-005  3.75e-005  9.79e-001  1.66e-006  8.28e-007  8.19e-007  1.93e-004  2.55e-004  4.80e-003  1.91e-003  1.91e-003  2.84e-006  9.56e-008  4.71e-008  4.71e-008  4.67e-008  5.08e-007  4.99e-007  4.94e-007  
4.69806e+016 2.24e-010  5.86e-005  4.96e-005  4.87e-005  4.02e-005  9.79e-001  1.78e-006  8.90e-007  8.81e-007  2.03e-004  2.67e-004  4.33e-003  1.92e-003  1.92e-003  2.84e-006  9.75e-008  4.70e-008  4.70e-008  4.65e-008  5.14e-007  5.05e-007  4.96e-007  
4.70337e+016 2.33e-010  6.40e-005  5.46e-005  5.37e-005  4.51e-005  9.80e-001  1.99e-006  9.93e-007  9.84e-007  2.23e-004  2.86e-004  3.64e-003  1.93e-003  1.93e-003  2.87e-006  9.97e-008  4.68e-008  4.68e-008  4.64e-008  5.16e-007  5.11e-007  5.03e-007  
4.70622e+016 2.38e-010  6.69e-005  5.72e-005  5.68e-005  4.80e-005  9.80e-001  2.11e-006  1.06e-006  1.05e-006  2.33e-004  2.98e-004  3.30e-003  1.94e-003  1.94e-003  2.88e-006  1.01e-007  4.67e-008  4.67e-008  4.63e-008  5.22e-007  5.13e-007  5.05e-007  
4.71061e+016 2.46e-010  7.16e-005  6.18e-005  6.10e-005  5.21e-005  9.81e-001  2.30e-006  1.15e-006  1.14e-006  2.50e-004  3.15e-004  2.85e-003  1.94e-003  1.94e-003  2.84e-006  1.04e-007  4.56e-008  4.56e-008  4.52e-008  5.25e-007  5.17e-007  5.13e-007  
4.71746e+016 2.59e-010  7.95e-005  6.95e-005  6.91e-005  5.99e-005  9.81e-001  2.63e-006  1.32e-006  1.31e-006  2.80e-004  3.45e-004  2.42e-003  1.95e-003  1.95e-003  2.69e-006  1.09e-007  4.44e-008  4.44e-008  4.40e-008  5.29e-007  5.21e-007  5.17e-007  
4.72860e+016 2.82e-010  9.56e-005  8.54e-005  8.43e-005  7.47e-005  9.81e-001  3.30e-006  1.65e-006  1.63e-006  3.38e-004  4.04e-004  1.85e-003  1.96e-003  1.96e-003  2.36e-006  1.20e-007  4.11e-008  4.11e-008  4.07e-008  5.38e-007  5.31e-007  5.24e-007  
4.74240e+016 3.14e-010  1.21e-004  1.10e-004  1.09e-004  9.85e-005  9.81e-001  4.33e-006  2.17e-006  2.15e-006  4.27e-004  4.97e-004  1.31e-003  1.97e-003  1.97e-003  1.97e-006  1.41e-007  3.63e-008  3.63e-008  3.60e-008  5.48e-007  5.38e-007  5.32e-007  
4.74305e+016 3.15e-010  1.23e-004  1.11e-004  1.10e-004  1.00e-004  9.81e-001  4.41e-006  2.21e-006  2.19e-006  4.35e-004  5.02e-004  1.29e-003  1.98e-003  1.98e-003  1.96e-006  1.42e-007  3.62e-008  3.62e-008  3.59e-008  5.49e-007  5.40e-007  5.34e-007  
4.74313e+016 3.15e-010  1.23e-004  1.11e-004  1.11e-004  1.00e-004  9.81e-001  4.41e-006  2.21e-006  2.19e-006  4.35e-004  5.02e-004  1.29e-003  1.98e-003  1.98e-003  1.96e-006  1.43e-007  3.62e-008  3.62e-008  3.59e-008  5.49e-007  5.40e-007  5.34e-007  
4.74348e+016 3.16e-010  1.23e-004  1.12e-004  1.11e-004  1.01e-004  9.81e-001  4.46e-006  2.23e-006  2.20e-006  4.37e-004  5.07e-004  1.27e-003  1.98e-003  1.98e-003  1.94e-006  1.43e-007  3.58e-008  3.58e-008  3.55e-008  5.48e-007  5.41e-007  5.35e-007  
4.74406e+016 3.18e-010  1.25e-004  1.13e-004  1.12e-004  1.02e-004  9.81e-001  4.50e-006  2.25e-006  2.23e-006  4.40e-004  5.10e-004  1.23e-003  1.97e-003  1.97e-003  1.89e-006  1.44e-007  3.46e-008  3.46e-008  3.43e-008  5.47e-007  5.41e-007  5.35e-007  
4.74503e+016 3.22e-010  1.27e-004  1.16e-004  1.15e-004  1.04e-004  9.81e-001  4.60e-006  2.30e-006  2.28e-006  4.50e-004  5.19e-004  1.17e-003  1.95e-003  1.95e-003  1.74e-006  1.47e-007  3.20e-008  3.20e-008  3.17e-008  5.44e-007  5.37e-007  5.31e-007  
4.74676e+016 3.27e-010  1.32e-004  1.20e-004  1.19e-004  1.09e-004  9.82e-001  4.80e-006  2.40e-006  2.38e-006  4.68e-004  5.35e-004  1.10e-003  1.94e-003  1.94e-003  1.54e-006  1.54e-007  2.81e-008  2.81e-008  2.78e-008  5.41e-007  5.35e-007  5.29e-007  
4.74972e+016 3.35e-010  1.39e-004  1.27e-004  1.26e-004  1.16e-004  9.82e-001  5.10e-006  2.55e-006  2.53e-006  4.92e-004  5.61e-004  1.01e-003  1.94e-003  1.94e-003  1.38e-006  1.67e-007  2.55e-008  2.55e-008  2.53e-008  5.43e-007  5.34e-007  5.28e-007  
4.75283e+016 3.42e-010  1.47e-004  1.35e-004  1.34e-004  1.23e-004  9.82e-001  5.43e-006  2.72e-006  2.69e-006  5.20e-004  5.87e-004  9.32e-004  1.95e-003  1.95e-003  1.36e-006  1.81e-007  2.55e-008  2.55e-008  2.53e-008  5.46e-007  5.37e-007  5.32e-007  
4.75365e+016 3.44e-010  1.49e-004  1.37e-004  1.36e-004  1.25e-004  9.81e-001  5.52e-006  2.76e-006  2.74e-006  5.28e-004  5.95e-004  9.15e-004  1.95e-003  1.95e-003  1.36e-006  1.84e-007  2.57e-008  2.57e-008  2.54e-008  5.46e-007  5.37e-007  5.31e-007  
4.75556e+016 3.49e-010  1.54e-004  1.42e-004  1.40e-004  1.30e-004  9.81e-001  5.72e-006  2.86e-006  2.83e-006  5.44e-004  6.12e-004  8.73e-004  1.95e-003  1.95e-003  1.37e-006  1.91e-007  2.60e-008  2.60e-008  2.58e-008  5.47e-007  5.41e-007  5.32e-007  
4.75856e+016 3.58e-010  1.61e-004  1.49e-004  1.48e-004  1.37e-004  9.81e-001  6.04e-006  3.02e-006  2.99e-006  5.70e-004  6.40e-004  8.14e-004  1.95e-003  1.95e-003  1.39e-006  2.00e-007  2.67e-008  2.67e-008  2.65e-008  5.48e-007  5.42e-007  5.37e-007  
4.76342e+016 3.70e-010  1.76e-004  1.63e-004  1.61e-004  1.50e-004  9.81e-001  6.62e-006  3.33e-006  3.27e-006  6.22e-004  6.89e-004  7.27e-004  1.96e-003  1.96e-003  1.41e-006  2.13e-007  2.78e-008  2.78e-008  2.76e-008  5.54e-007  5.46e-007  5.41e-007  
4.77120e+016 3.92e-010  2.02e-004  1.89e-004  1.87e-004  1.75e-004  9.81e-001  7.72e-006  3.87e-006  3.82e-006  7.11e-004  7.82e-004  5.99e-004  1.96e-003  1.96e-003  1.40e-006  2.33e-007  2.91e-008  2.91e-008  2.85e-008  5.58e-007  5.50e-007  5.45e-007  
4.78339e+016 4.30e-010  2.49e-004  2.35e-004  2.32e-004  2.19e-004  9.81e-001  9.67e-006  4.83e-006  4.79e-006  8.67e-004  9.37e-004  4.32e-004  1.97e-003  1.97e-003  1.38e-006  2.70e-007  2.97e-008  2.97e-008  2.93e-008  5.67e-007  5.58e-007  5.53e-007  
4.79819e+016 4.82e-010  3.26e-004  3.09e-004  3.05e-004  2.91e-004  9.80e-001  1.29e-005  6.44e-006  6.38e-006  1.11e-003  1.18e-003  2.87e-004  1.96e-003  1.96e-003  1.38e-006  3.28e-007  3.16e-008  3.16e-008  3.11e-008  5.73e-007  5.65e-007  5.59e-007  
4.80101e+016 4.92e-010  3.44e-004  3.25e-004  3.23e-004  3.07e-004  9.80e-001  1.36e-005  6.79e-006  6.73e-006  1.16e-003  1.23e-003  2.64e-004  1.96e-003  1.96e-003  1.39e-006  3.42e-007  3.19e-008  3.19e-008  3.17e-008  5.73e-007  5.65e-007  5.59e-007  
4.80156e+016 4.94e-010  3.48e-004  3.30e-004  3.26e-004  3.12e-004  9.80e-001  1.37e-005  6.86e-006  6.78e-006  1.17e-003  1.24e-003  2.61e-004  1.96e-003  1.96e-003  1.39e-006  3.44e-007  3.22e-008  3.22e-008  3.18e-008  5.73e-007  5.67e-007  5.61e-007  
4.80288e+016 4.99e-010  3.57e-004  3.37e-004  3.35e-004  3.19e-004  9.80e-001  1.41e-005  7.03e-006  6.97e-006  1.20e-003  1.27e-003  2.50e-004  1.96e-003  1.96e-003  1.39e-006  3.53e-007  3.23e-008  3.23e-008  3.21e-008  5.75e-007  5.67e-007  5.61e-007  
4.80511e+016 5.08e-010  3.70e-004  3.52e-004  3.48e-004  3.32e-004  9.80e-001  1.47e-005  7.34e-006  7.26e-006  1.24e-003  1.31e-003  2.36e-004  1.96e-003  1.96e-003  1.39e-006  3.64e-007  3.27e-008  3.27e-008  3.23e-008  5.74e-007  5.67e-007  5.61e-007  
4.80875e+016 5.23e-010  3.98e-004  3.77e-004  3.73e-004  3.58e-004  9.80e-001  1.58e-005  7.88e-006  7.81e-006  1.31e-003  1.39e-003  2.12e-004  1.95e-003  1.95e-003  1.40e-006  3.85e-007  3.35e-008  3.35e-008  3.31e-008  5.74e-007  5.66e-007  5.61e-007  
4.81463e+016 5.47e-010  4.46e-004  4.24e-004  4.20e-004  4.02e-004  9.79e-001  1.78e-005  8.88e-006  8.79e-006  1.45e-003  1.52e-003  1.77e-004  1.94e-003  1.94e-003  1.43e-006  4.22e-007  3.49e-008  3.49e-008  3.45e-008  5.75e-007  5.68e-007  5.61e-007  
4.82445e+016 5.90e-010  5.34e-004  5.09e-004  5.04e-004  4.85e-004  9.78e-001  2.14e-005  1.07e-005  1.06e-005  1.68e-003  1.75e-003  1.32e-004  1.93e-003  1.93e-003  1.51e-006  4.95e-007  3.80e-008  3.80e-008  3.76e-008  5.78e-007  5.70e-007  5.65e-007  
4.83636e+016 6.45e-010  6.72e-004  6.42e-004  6.36e-004  6.14e-004  9.77e-001  2.71e-005  1.35e-005  1.34e-005  2.00e-003  2.06e-003  9.35e-005  1.92e-003  1.92e-003  1.63e-006  5.94e-007  4.33e-008  4.33e-008  4.28e-008  5.82e-007  5.74e-007  5.68e-007  
4.84912e+016 7.09e-010  8.64e-004  8.29e-004  8.21e-004  7.92e-004  9.76e-001  3.50e-005  1.75e-005  1.73e-005  2.40e-003  2.45e-003  6.40e-005  1.92e-003  1.92e-003  1.79e-006  7.13e-007  4.99e-008  4.99e-008  4.95e-008  5.85e-007  5.77e-007  5.71e-007  
4.86294e+016 7.88e-010  1.14e-003  1.09e-003  1.08e-003  1.05e-003  9.74e-001  4.62e-005  2.31e-005  2.29e-005  2.84e-003  2.91e-003  4.15e-005  1.89e-003  1.89e-003  1.97e-006  8.65e-007  5.83e-008  5.83e-008  5.76e-008  5.87e-007  5.79e-007  5.73e-007  
4.87591e+016 8.68e-010  1.49e-003  1.43e-003  1.41e-003  1.37e-003  9.72e-001  6.04e-005  3.02e-005  2.99e-005  3.30e-003  3.34e-003  2.79e-005  1.88e-003  1.88e-003  2.18e-006  1.03e-006  6.81e-008  6.81e-008  6.74e-008  5.89e-007  5.81e-007  5.74e-007  
4.88968e+016 9.62e-010  1.96e-003  1.89e-003  1.87e-003  1.82e-003  9.69e-001  8.03e-005  4.01e-005  3.97e-005  3.75e-003  3.79e-003  1.77e-005  1.85e-003  1.85e-003  2.42e-006  1.23e-006  7.95e-008  7.95e-008  7.88e-008  5.89e-007  5.81e-007  5.75e-007  
4.90444e+016 1.08e-009  2.67e-003  2.57e-003  2.54e-003  2.47e-003  9.65e-001  1.09e-004  5.45e-005  5.39e-005  4.21e-003  4.24e-003  1.09e-005  1.81e-003  1.81e-003  2.71e-006  1.46e-006  9.47e-008  9.47e-008  9.38e-008  5.87e-007  5.78e-007  5.73e-007  
4.91980e+016 1.21e-009  3.69e-003  3.56e-003  3.52e-003  3.42e-003  9.61e-001  1.51e-004  7.55e-005  7.48e-005  4.62e-003  4.65e-003  6.43e-006  1.77e-003  1.77e-003  3.06e-006  1.71e-006  1.13e-007  1.13e-007  1.11e-007  5.85e-007  5.76e-007  5.71e-007  
4.93317e+016 1.33e-009  4.93e-003  4.75e-003  4.70e-003  4.57e-003  9.55e-001  2.02e-004  1.01e-004  1.00e-004  4.93e-003  4.96e-003  4.06e-006  1.74e-003  1.74e-003  3.40e-006  1.96e-006  1.31e-007  1.31e-007  1.30e-007  5.83e-007  5.75e-007  5.69e-007  
4.94239e+016 1.42e-009  6.02e-003  5.80e-003  5.75e-003  5.59e-003  9.51e-001  2.46e-004  1.23e-004  1.22e-004  5.11e-003  5.14e-003  2.96e-006  1.71e-003  1.71e-003  3.66e-006  2.13e-006  1.46e-007  1.46e-007  1.45e-007  5.82e-007  5.74e-007  5.68e-007  
4.95192e+016 1.52e-009  7.35e-003  7.09e-003  7.02e-003  6.83e-003  9.45e-001  3.01e-004  1.51e-004  1.49e-004  5.25e-003  5.27e-003  2.08e-006  1.68e-003  1.68e-003  3.97e-006  2.30e-006  1.61e-007  1.61e-007  1.60e-007  5.79e-007  5.70e-007  5.65e-007  
4.96202e+016 1.64e-009  9.02e-003  8.72e-003  8.65e-003  8.41e-003  9.39e-001  3.71e-004  1.85e-004  1.83e-004  5.35e-003  5.38e-003  1.44e-006  1.65e-003  1.65e-003  4.31e-006  2.47e-006  1.79e-007  1.79e-007  1.77e-007  5.75e-007  5.67e-007  5.61e-007  
4.97297e+016 1.77e-009  1.13e-002  1.09e-002  1.08e-002  1.05e-002  9.30e-001  4.62e-004  2.31e-004  2.29e-004  5.44e-003  5.46e-003  9.75e-007  1.61e-003  1.61e-003  4.73e-006  2.67e-006  2.01e-007  2.01e-007  1.99e-007  5.69e-007  5.63e-007  5.57e-007  
4.98461e+016 1.94e-009  1.40e-002  1.36e-002  1.34e-002  1.31e-002  9.19e-001  5.78e-004  2.89e-004  2.86e-004  5.47e-003  5.47e-003  6.20e-007  1.56e-003  1.56e-003  5.21e-006  2.86e-006  2.21e-007  2.21e-007  2.19e-007  5.63e-007  5.58e-007  5.47e-007  
4.99670e+016 2.11e-009  1.76e-002  1.70e-002  1.68e-002  1.64e-002  9.05e-001  7.25e-004  3.62e-004  3.58e-004  5.50e-003  5.50e-003  3.95e-007  1.52e-003  1.52e-003  5.78e-006  3.06e-006  2.46e-007  2.46e-007  2.44e-007  5.59e-007  5.50e-007  5.45e-007  
5.00936e+016 2.31e-009  2.20e-002  2.12e-002  2.10e-002  2.05e-002  8.88e-001  9.05e-004  4.51e-004  4.46e-004  5.46e-003  5.50e-003  2.40e-007  1.46e-003  1.46e-003  6.46e-006  3.25e-006  2.69e-007  2.69e-007  2.66e-007  5.50e-007  5.42e-007  5.37e-007  
5.02240e+016 2.53e-009  2.71e-002  2.62e-002  2.60e-002  2.53e-002  8.68e-001  1.12e-003  5.60e-004  5.52e-004  5.45e-003  5.45e-003  1.43e-007  1.40e-003  1.40e-003  7.18e-006  3.42e-006  2.89e-007  2.89e-007  2.86e-007  5.37e-007  5.33e-007  5.25e-007  
5.03584e+016 2.77e-009  3.33e-002  3.22e-002  3.19e-002  3.11e-002  8.44e-001  1.37e-003  6.85e-004  6.78e-004  5.37e-003  5.37e-003  8.33e-008  1.35e-003  1.35e-003  8.01e-006  3.61e-006  3.05e-007  3.05e-007  3.02e-007  5.30e-007  5.23e-007  5.16e-007  
5.05026e+016 3.06e-009  4.02e-002  3.89e-002  3.86e-002  3.76e-002  8.17e-001  1.66e-003  8.34e-004  8.24e-004  5.26e-003  5.30e-003  4.61e-008  1.28e-003  1.28e-003  8.89e-006  3.76e-006  3.12e-007  3.12e-007  3.09e-007  5.17e-007  5.10e-007  5.03e-007  
5.05959e+016 3.27e-009  4.50e-002  4.35e-002  4.32e-002  4.19e-002  7.99e-001  1.85e-003  9.27e-004  9.18e-004  5.20e-003  5.23e-003  3.24e-008  1.24e-003  1.24e-003  9.46e-006  3.86e-006  3.15e-007  3.15e-007  3.12e-007  5.08e-007  5.02e-007  4.96e-007  
5.06957e+016 3.50e-009  5.00e-002  4.83e-002  4.77e-002  4.66e-002  7.80e-001  2.06e-003  1.03e-003  1.02e-003  5.14e-003  5.14e-003  2.18e-008  1.19e-003  1.19e-003  1.01e-005  3.97e-006  3.11e-007  3.11e-007  3.09e-007  5.00e-007  4.94e-007  4.89e-007  
5.07988e+016 3.74e-009  5.53e-002  5.34e-002  5.29e-002  5.18e-002  7.59e-001  2.28e-003  1.14e-003  1.13e-003  5.08e-003  5.10e-003  1.47e-008  1.15e-003  1.15e-003  1.08e-005  4.09e-006  3.07e-007  3.07e-007  3.05e-007  4.94e-007  4.86e-007  4.81e-007  
5.09058e+016 4.03e-009  6.06e-002  5.89e-002  5.81e-002  5.69e-002  7.38e-001  2.51e-003  1.25e-003  1.24e-003  5.02e-003  5.02e-003  9.91e-009  1.11e-003  1.11e-003  1.15e-005  4.17e-006  3.03e-007  3.03e-007  2.98e-007  4.84e-007  4.77e-007  4.72e-007  
5.10237e+016 4.34e-009  6.68e-002  6.47e-002  6.40e-002  6.26e-002  7.14e-001  2.76e-003  1.38e-003  1.37e-003  4.93e-003  4.95e-003  6.29e-009  1.06e-003  1.06e-003  1.23e-005  4.28e-006  2.90e-007  2.90e-007  2.88e-007  4.77e-007  4.70e-007  4.65e-007  
5.11496e+016 4.72e-009  7.33e-002  7.10e-002  7.02e-002  6.87e-002  6.89e-001  3.03e-003  1.51e-003  1.50e-003  4.85e-003  4.85e-003  3.94e-009  1.01e-003  1.01e-003  1.31e-005  4.37e-006  2.76e-007  2.76e-007  2.73e-007  4.68e-007  4.62e-007  4.56e-007  
5.12843e+016 5.13e-009  8.06e-002  7.81e-002  7.73e-002  7.56e-002  6.60e-001  3.33e-003  1.67e-003  1.65e-003  4.77e-003  4.77e-003  2.16e-009  9.64e-004  9.64e-004  1.39e-005  4.46e-006  2.63e-007  2.63e-007  2.59e-007  4.60e-007  4.52e-007  4.48e-007  
5.14296e+016 5.63e-009  8.91e-002  8.62e-002  8.55e-002  8.34e-002  6.27e-001  3.68e-003  1.85e-003  1.83e-003  4.68e-003  4.69e-003  1.10e-009  9.10e-004  9.10e-004  1.48e-005  4.55e-006  2.44e-007  2.44e-007  2.42e-007  4.50e-007  4.43e-007  4.39e-007  
5.15425e+016 6.04e-009  9.58e-002  9.28e-002  9.18e-002  8.96e-002  6.01e-001  3.96e-003  1.97e-003  1.96e-003  4.61e-003  4.61e-003  6.74e-010  8.72e-004  8.70e-004  1.54e-005  4.62e-006  2.34e-007  2.34e-007  2.30e-007  4.42e-007  4.36e-007  4.31e-007  
5.16792e+016 6.56e-009  1.04e-001  1.01e-001  9.96e-002  9.74e-002  5.70e-001  4.30e-003  2.15e-003  2.12e-003  4.52e-003  4.52e-003  3.70e-010  8.24e-004  8.24e-004  1.61e-005  4.68e-006  2.18e-007  2.18e-007  2.16e-007  4.33e-007  4.27e-007  4.24e-007  
5.18319e+016 7.19e-009  1.13e-001  1.09e-001  1.08e-001  1.06e-001  5.35e-001  4.66e-003  2.34e-003  2.31e-003  4.42e-003  4.43e-003  1.90e-010  7.74e-004  7.74e-004  1.70e-005  4.75e-006  2.00e-007  2.00e-007  1.99e-007  4.24e-007  4.18e-007  4.14e-007  
5.19950e+016 7.92e-009  1.22e-001  1.18e-001  1.17e-001  1.14e-001  5.00e-001  5.04e-003  2.52e-003  2.50e-003  4.33e-003  4.33e-003  9.48e-011  7.22e-004  7.22e-004  1.78e-005  4.80e-006  1.82e-007  1.82e-007  1.81e-007  4.14e-007  4.09e-007  4.04e-007  
5.21655e+016 8.72e-009  1.31e-001  1.27e-001  1.25e-001  1.23e-001  4.65e-001  5.41e-003  2.71e-003  2.68e-003  4.23e-003  4.23e-003  4.57e-011  6.73e-004  6.73e-004  1.88e-005  4.85e-006  1.62e-007  1.62e-007  1.61e-007  4.06e-007  4.00e-007  3.96e-007  
5.23457e+016 9.62e-009  1.40e-001  1.35e-001  1.34e-001  1.31e-001  4.30e-001  5.78e-003  2.89e-003  2.86e-003  4.14e-003  4.15e-003  2.17e-011  6.24e-004  6.24e-004  1.97e-005  4.90e-006  1.44e-007  1.44e-007  1.42e-007  3.97e-007  3.91e-007  3.88e-007  
5.25384e+016 1.06e-008  1.49e-001  1.44e-001  1.43e-001  1.39e-001  3.95e-001  6.16e-003  3.08e-003  3.05e-003  4.06e-003  4.06e-003  9.89e-012  5.76e-004  5.76e-004  2.06e-005  4.94e-006  1.25e-007  1.25e-007  1.23e-007  3.90e-007  3.84e-007  3.80e-007  
5.27451e+016 1.17e-008  1.58e-001  1.53e-001  1.51e-001  1.47e-001  3.61e-001  6.53e-003  3.26e-003  3.23e-003  3.99e-003  3.99e-003  4.41e-012  5.30e-004  5.30e-004  2.16e-005  4.98e-006  1.07e-007  1.07e-007  1.07e-007  3.83e-007  3.77e-007  3.74e-007  
5.29668e+016 1.30e-008  1.66e-001  1.61e-001  1.59e-001  1.55e-001  3.28e-001  6.87e-003  3.44e-003  3.40e-003  3.92e-003  3.92e-003  1.87e-012  4.84e-004  4.84e-004  2.28e-005  5.03e-006  9.00e-008  9.00e-008  8.93e-008  3.77e-007  3.72e-007  3.69e-007  
5.31993e+016 1.44e-008  1.74e-001  1.68e-001  1.67e-001  1.63e-001  2.97e-001  7.17e-003  3.60e-003  3.56e-003  3.85e-003  3.85e-003  7.86e-013  4.40e-004  4.40e-004  2.39e-005  5.06e-006  7.51e-008  7.51e-008  7.44e-008  3.72e-007  3.67e-007  3.63e-007  
5.34440e+016 1.58e-008  1.81e-001  1.76e-001  1.74e-001  1.70e-001  2.68e-001  7.52e-003  3.76e-003  3.72e-003  3.81e-003  3.81e-003  3.23e-013  4.00e-004  4.00e-004  2.51e-005  5.10e-006  6.20e-008  6.20e-008  6.14e-008  3.69e-007  3.64e-007  3.61e-007  
5.36995e+016 1.74e-008  1.88e-001  1.83e-001  1.80e-001  1.76e-001  2.41e-001  7.81e-003  3.89e-003  3.86e-003  3.77e-003  3.77e-003  1.33e-013  3.62e-004  3.62e-004  2.62e-005  5.12e-006  5.08e-008  5.08e-008  5.02e-008  3.66e-007  3.61e-007  3.58e-007  
5.39765e+016 1.91e-008  1.95e-001  1.89e-001  1.87e-001  1.83e-001  2.16e-001  8.06e-003  4.03e-003  3.99e-003  3.74e-003  3.74e-003  5.19e-014  3.26e-004  3.26e-004  2.75e-005  5.15e-006  4.06e-008  4.06e-008  4.02e-008  3.66e-007  3.61e-007  3.58e-007  
5.42627e+016 2.09e-008  2.01e-001  1.94e-001  1.93e-001  1.88e-001  1.92e-001  8.34e-003  4.16e-003  4.11e-003  3.72e-003  3.72e-003  2.09e-014  2.94e-004  2.93e-004  2.88e-005  5.17e-006  3.28e-008  3.28e-008  3.25e-008  3.67e-007  3.62e-007  3.58e-007  
5.45738e+016 2.28e-008  2.06e-001  2.00e-001  1.98e-001  1.94e-001  1.70e-001  8.56e-003  4.27e-003  4.23e-003  3.71e-003  3.71e-003  7.73e-015  2.63e-004  2.62e-004  3.00e-005  5.18e-006  2.55e-008  2.55e-008  2.53e-008  3.68e-007  3.63e-007  3.60e-007  
5.49079e+016 2.47e-008  2.11e-001  2.05e-001  2.03e-001  1.99e-001  1.50e-001  8.77e-003  4.37e-003  4.33e-003  3.71e-003  3.70e-003  2.94e-015  2.35e-004  2.34e-004  3.13e-005  5.22e-006  2.01e-008  2.01e-008  1.99e-008  3.72e-007  3.67e-007  3.64e-007  
5.52575e+016 2.67e-008  2.16e-001  2.09e-001  2.08e-001  2.03e-001  1.31e-001  8.95e-003  4.50e-003  4.42e-003  3.71e-003  3.71e-003  1.09e-015  2.10e-004  2.10e-004  3.24e-005  5.21e-006  1.55e-008  1.55e-008  1.54e-008  3.78e-007  3.72e-007  3.69e-007  
5.56155e+016 2.85e-008  2.20e-001  2.14e-001  2.12e-001  2.07e-001  1.15e-001  9.14e-003  4.55e-003  4.52e-003  3.75e-003  3.71e-003  4.20e-016  1.90e-004  1.89e-004  3.35e-005  5.22e-006  1.21e-008  1.21e-008  1.20e-008  3.85e-007  3.78e-007  3.75e-007  
5.59918e+016 3.03e-008  2.24e-001  2.17e-001  2.15e-001  2.11e-001  1.00e-001  9.31e-003  4.65e-003  4.59e-003  3.76e-003  3.76e-003  1.66e-016  1.73e-004  1.72e-004  3.43e-005  5.22e-006  9.54e-009  9.54e-009  9.44e-009  3.93e-007  3.86e-007  3.83e-007  
5.63913e+016 3.19e-008  2.27e-001  2.20e-001  2.18e-001  2.14e-001  8.67e-002  9.43e-003  4.73e-003  4.67e-003  3.79e-003  3.79e-003  6.61e-017  1.58e-004  1.58e-004  3.51e-005  5.23e-006  7.45e-009  7.45e-009  7.39e-009  4.01e-007  3.95e-007  3.91e-007  
5.68226e+016 3.34e-008  2.30e-001  2.23e-001  2.21e-001  2.17e-001  7.48e-002  9.57e-003  4.78e-003  4.72e-003  3.83e-003  3.83e-003  2.60e-017  1.47e-004  1.46e-004  3.53e-005  5.23e-006  5.83e-009  5.83e-009  5.77e-009  4.13e-007  4.07e-007  4.04e-007  
5.72780e+016 3.47e-008  2.33e-001  2.26e-001  2.24e-001  2.19e-001  6.40e-002  9.69e-003  4.85e-003  4.79e-003  3.86e-003  3.86e-003  1.04e-017  1.38e-004  1.38e-004  3.55e-005  5.28e-006  4.53e-009  4.53e-009  4.50e-009  4.24e-007  4.15e-007  4.12e-007  
5.77650e+016 3.56e-008  2.35e-001  2.28e-001  2.26e-001  2.22e-001  5.48e-002  9.77e-003  4.89e-003  4.86e-003  3.93e-003  3.93e-003  4.38e-018  1.32e-004  1.31e-004  3.51e-005  5.31e-006  3.59e-009  3.59e-009  3.54e-009  4.35e-007  4.27e-007  4.24e-007  
5.82707e+016 3.62e-008  2.37e-001  2.30e-001  2.28e-001  2.24e-001  4.67e-002  9.86e-003  4.94e-003  4.89e-003  3.98e-003  3.98e-003  1.94e-018  1.28e-004  1.27e-004  3.48e-005  5.39e-006  2.87e-009  2.87e-009  2.84e-009  4.45e-007  4.39e-007  4.36e-007  
5.88124e+016 3.64e-008  2.39e-001  2.32e-001  2.30e-001  2.25e-001  3.98e-002  9.93e-003  4.97e-003  4.94e-003  4.03e-003  4.03e-003  8.70e-019  1.25e-004  1.25e-004  3.40e-005  5.49e-006  2.32e-009  2.32e-009  2.29e-009  4.55e-007  4.50e-007  4.47e-007  
5.93801e+016 3.63e-008  2.40e-001  2.33e-001  2.31e-001  2.27e-001  3.39e-002  1.00e-002  5.01e-003  4.96e-003  4.10e-003  4.08e-003  4.19e-019  1.24e-004  1.23e-004  3.31e-005  5.62e-006  1.92e-009  1.92e-009  1.90e-009  4.66e-007  4.57e-007  4.57e-007  
5.99878e+016 3.58e-008  2.41e-001  2.35e-001  2.32e-001  2.28e-001  2.88e-002  1.01e-002  5.03e-003  4.98e-003  4.14e-003  4.14e-003  2.09e-019  1.24e-004  1.23e-004  3.22e-005  5.79e-006  1.60e-009  1.60e-009  1.59e-009  4.75e-007  4.67e-007  4.67e-007  
6.06254e+016 3.49e-008  2.42e-001  2.36e-001  2.33e-001  2.29e-001  2.46e-002  1.01e-002  5.07e-003  5.02e-003  4.21e-003  4.19e-003  1.11e-019  1.25e-004  1.24e-004  3.15e-005  5.99e-006  1.38e-009  1.38e-009  1.37e-009  4.85e-007  4.76e-007  4.73e-007  
6.12860e+016 3.37e-008  2.43e-001  2.37e-001  2.34e-001  2.30e-001  2.11e-002  1.02e-002  5.08e-003  5.05e-003  4.24e-003  4.24e-003  6.41e-020  1.26e-004  1.25e-004  3.12e-005  6.26e-006  1.24e-009  1.24e-009  1.23e-009  4.93e-007  4.84e-007  4.81e-007  
6.19772e+016 3.23e-008  2.44e-001  2.37e-001  2.35e-001  2.31e-001  1.81e-002  1.02e-002  5.11e-003  5.05e-003  4.31e-003  4.28e-003  3.87e-020  1.27e-004  1.26e-004  3.10e-005  6.57e-006  1.14e-009  1.14e-009  1.13e-009  4.99e-007  4.90e-007  4.90e-007  
6.27006e+016 3.06e-008  2.44e-001  2.38e-001  2.35e-001  2.32e-001  1.56e-002  1.02e-002  5.13e-003  5.06e-003  4.38e-003  4.34e-003  2.44e-020  1.29e-004  1.28e-004  3.13e-005  6.92e-006  1.09e-009  1.09e-009  1.08e-009  5.06e-007  4.96e-007  4.96e-007  
6.34752e+016 2.88e-008  2.45e-001  2.38e-001  2.36e-001  2.32e-001  1.34e-002  1.03e-002  5.14e-003  5.07e-003  4.41e-003  4.38e-003  1.62e-020  1.31e-004  1.30e-004  3.21e-005  7.40e-006  1.08e-009  1.08e-009  1.07e-009  5.14e-007  5.04e-007  5.04e-007  
6.43223e+016 2.67e-008  2.45e-001  2.39e-001  2.37e-001  2.32e-001  1.15e-002  1.03e-002  5.13e-003  5.09e-003  4.49e-003  4.45e-003  1.12e-020  1.33e-004  1.32e-004  3.35e-005  7.97e-006  1.12e-009  1.12e-009  1.10e-009  5.24e-007  5.16e-007  5.16e-007  
6.52408e+016 2.45e-008  2.45e-001  2.39e-001  2.37e-001  2.33e-001  9.79e-003  1.03e-002  5.14e-003  5.10e-003  4.57e-003  4.53e-003  8.07e-021  1.36e-004  1.35e-004  3.56e-005  8.64e-006  1.20e-009  1.20e-009  1.19e-009  5.38e-007  5.30e-007  5.30e-007  
6.62440e+016 2.22e-008  2.46e-001  2.39e-001  2.37e-001  2.34e-001  8.28e-003  1.03e-002  5.17e-003  5.13e-003  4.63e-003  4.63e-003  5.98e-021  1.39e-004  1.38e-004  3.87e-005  9.54e-006  1.35e-009  1.35e-009  1.33e-009  5.58e-007  5.49e-007  5.49e-007  
6.73219e+016 1.99e-008  2.46e-001  2.40e-001  2.37e-001  2.34e-001  6.99e-003  1.03e-002  5.18e-003  5.13e-003  4.78e-003  4.76e-003  4.54e-021  1.43e-004  1.42e-004  4.27e-005  1.07e-005  1.56e-009  1.56e-009  1.54e-009  5.88e-007  5.73e-007  5.73e-007  
6.84641e+016 1.76e-008  2.46e-001  2.40e-001  2.38e-001  2.34e-001  5.85e-003  1.03e-002  5.18e-003  5.13e-003  4.95e-003  4.92e-003  3.60e-021  1.49e-004  1.48e-004  4.80e-005  1.20e-005  1.89e-009  1.89e-009  1.87e-009  6.25e-007  6.14e-007  6.14e-007  
6.96945e+016 1.54e-008  2.46e-001  2.40e-001  2.38e-001  2.34e-001  4.83e-003  1.03e-002  5.18e-003  5.13e-003  5.16e-003  5.13e-003  2.93e-021  1.57e-004  1.55e-004  5.49e-005  1.38e-005  2.39e-009  2.39e-009  2.36e-009  6.70e-007  6.57e-007  6.57e-007  
7.10391e+016 1.32e-008  2.46e-001  2.41e-001  2.37e-001  2.34e-001  3.94e-003  1.04e-002  5.19e-003  5.14e-003  5.45e-003  5.42e-003  2.44e-021  1.67e-004  1.66e-004  6.41e-005  1.61e-005  3.16e-009  3.16e-009  3.13e-009  7.39e-007  7.25e-007  7.25e-007  
7.25155e+016 1.12e-008  2.46e-001  2.40e-001  2.38e-001  2.35e-001  3.16e-003  1.04e-002  5.19e-003  5.14e-003  5.85e-003  5.82e-003  2.07e-021  1.82e-004  1.80e-004  7.65e-005  1.92e-005  4.40e-009  4.40e-009  4.36e-009  8.34e-007  8.19e-007  8.19e-007  
7.42223e+016 9.14e-009  2.45e-001  2.40e-001  2.37e-001  2.35e-001  2.44e-003  1.04e-002  5.19e-003  5.14e-003  6.46e-003  6.41e-003  1.76e-021  2.05e-004  2.02e-004  9.46e-005  2.36e-005  6.60e-009  6.60e-009  6.53e-009  9.82e-007  9.64e-007  9.64e-007  
7.63108e+016 7.12e-009  2.44e-001  2.40e-001  2.37e-001  2.34e-001  1.78e-003  1.04e-002  5.19e-003  5.14e-003  7.43e-003  7.39e-003  1.50e-021  2.43e-004  2.40e-004  1.24e-004  3.07e-005  1.11e-008  1.11e-008  1.10e-008  1.23e-006  1.21e-006  1.21e-006  
7.86896e+016 5.36e-009  2.43e-001  2.39e-001  2.37e-001  2.35e-001  1.23e-003  1.03e-002  5.19e-003  5.13e-003  8.88e-003  8.84e-003  1.28e-021  3.06e-004  3.04e-004  1.68e-004  4.16e-005  2.05e-008  2.05e-008  2.03e-008  1.65e-006  1.62e-006  1.61e-006  
8.18150e+016 3.67e-009  2.41e-001  2.38e-001  2.35e-001  2.34e-001  7.58e-004  1.03e-002  5.18e-003  5.13e-003  1.16e-002  1.16e-002  1.07e-021  4.39e-004  4.36e-004  2.53e-004  6.27e-005  4.69e-008  4.69e-008  4.64e-008  2.51e-006  2.46e-006  2.46e-006  
8.55776e+016 2.33e-009  2.37e-001  2.35e-001  2.33e-001  2.33e-001  4.21e-004  1.03e-002  5.16e-003  5.12e-003  1.63e-002  1.62e-002  8.90e-022  7.27e-004  7.22e-004  4.14e-004  1.02e-004  1.29e-007  1.29e-007  1.28e-007  4.30e-006  4.23e-006  4.21e-006  
9.00548e+016 1.36e-009  2.30e-001  2.31e-001  2.28e-001  2.31e-001  2.08e-004  1.02e-002  5.12e-003  5.07e-003  2.42e-002  2.41e-002  7.28e-022  1.38e-003  1.37e-003  7.34e-004  1.81e-004  4.28e-007  4.28e-007  4.24e-007  8.30e-006  8.15e-006  8.15e-006  
9.53916e+016 7.33e-010  2.17e-001  2.22e-001  2.21e-001  2.29e-001  8.94e-005  1.01e-002  5.06e-003  5.01e-003  3.70e-002  3.68e-002  5.84e-022  2.92e-003  2.91e-003  1.42e-003  3.51e-004  1.75e-006  1.75e-006  1.73e-006  1.80e-005  1.77e-005  1.76e-005  
1.01535e+017 3.74e-010  1.99e-001  2.12e-001  2.10e-001  2.24e-001  3.43e-005  9.87e-003  4.98e-003  4.92e-003  5.43e-002  5.43e-002  4.58e-022  5.89e-003  5.83e-003  2.89e-003  7.20e-004  8.16e-006  8.16e-006  8.08e-006  4.23e-005  4.15e-005  4.09e-005  
1.09249e+017 1.76e-010  1.75e-001  1.96e-001  1.95e-001  2.18e-001  1.10e-005  9.62e-003  4.84e-003  4.80e-003  7.57e-002  7.63e-002  3.43e-022  9.68e-003  9.62e-003  6.43e-003  1.62e-003  4.71e-005  4.71e-005  4.66e-005  1.12e-004  1.10e-004  1.08e-004  
1.19176e+017 8.38e-011  1.47e-001  1.78e-001  1.75e-001  2.08e-001  3.32e-006  9.17e-003  4.62e-003  4.57e-003  9.62e-002  9.80e-002  2.48e-022  1.68e-002  1.67e-002  1.37e-002  3.67e-003  2.71e-004  2.71e-004  2.69e-004  3.01e-004  2.96e-004  2.87e-004  
1.32448e+017 5.04e-011  1.26e-001  1.57e-001  1.55e-001  1.88e-001  1.31e-006  8.31e-003  4.18e-003  4.14e-003  1.14e-001  1.18e-001  1.86e-022  2.70e-002  2.68e-002  2.40e-002  6.80e-003  9.93e-004  9.93e-004  9.83e-004  6.96e-004  6.86e-004  6.56e-004  
