! 0       CH3OH + H2 -> CH3 + OH + H2
! 1       CH3OH + H2 -> CH2OH + H + H2
! 2       CH3OH + H -> CH3O + H2
! 3       CH3OH + H -> CH2OH + H2
! 4       CH3OH + GRAIN -> *CH3OH + GRAIN
! 5       CH3OH + H3CO+ -> H2CO + CH3OH2+
! 6       CH3OH + H3O+ -> H2O + CH3OH2+
! 7       CH3OH + OH -> CH2OH + H2O
! 8       CH3OH + O -> OH + CH3O
! 9       CH3OH + O -> OH + CH2OH
! 10      CH3OH + HCO+ -> CO + CH3OH2+
! 11      CH3OH + H3+ -> H2O + H2 + CH3+
! 12      CH + CH3OH -> CH3CHO + H
! 13      CH3OH + CH3+ -> CH4 + H3CO+
! 14      CH3OH + CRPhoton -> OH + CH3
! 15      CH3OH + CRPhoton -> H2CO + H2
! 16      CH3OH + H3+ -> H2 + CH3OH2+
! 17      CH3OH + CRPhoton -> CH3OH+ + e-
! 18      CH3OH + H+ -> H2 + H3CO+
! 19      CH3OH + C+ -> HCO + CH3+
! 20      CH3OH + C+ -> CH + H3CO+
!            tot_rate   0          1          2          3          4          5          6          7          8          9          10         11         12         13         14         15         16         17         18         19         20         
1.58188e+013 5.95e-017  0.00e+000  0.00e+000  0.00e+000  0.00e+000  1.09e-002  6.56e-004  8.27e-002  3.83e-004  0.00e+000  0.00e+000  2.64e-001  1.98e-001  2.81e-003  2.79e-003  6.05e-003  6.05e-003  4.49e-002  1.82e-003  4.00e-002  2.17e-001  5.43e-002  
3.50727e+014 5.95e-017  0.00e+000  0.00e+000  0.00e+000  0.00e+000  1.09e-002  6.56e-004  8.27e-002  3.83e-004  0.00e+000  0.00e+000  2.64e-001  1.98e-001  2.81e-003  2.79e-003  6.05e-003  6.05e-003  4.49e-002  1.82e-003  4.00e-002  2.17e-001  5.43e-002  
5.21628e+015 5.94e-017  0.00e+000  0.00e+000  0.00e+000  0.00e+000  1.10e-002  6.53e-004  8.26e-002  3.84e-004  0.00e+000  0.00e+000  2.64e-001  1.99e-001  2.81e-003  2.79e-003  6.06e-003  6.06e-003  4.49e-002  1.82e-003  3.99e-002  2.17e-001  5.42e-002  
2.67137e+016 3.56e-017  0.00e+000  0.00e+000  0.00e+000  0.00e+000  6.06e-002  3.45e-004  6.40e-002  6.43e-004  0.00e+000  0.00e+000  1.96e-001  2.39e-001  4.69e-003  2.57e-003  1.01e-002  1.01e-002  5.42e-002  3.03e-003  5.19e-002  1.84e-001  4.60e-002  
3.33598e+016 1.60e-017  0.00e+000  0.00e+000  0.00e+000  0.00e+000  2.46e-001  2.00e-004  4.48e-002  1.44e-003  0.00e+000  0.00e+000  1.59e-001  1.94e-001  1.04e-002  1.63e-003  2.27e-002  2.27e-002  4.38e-002  6.81e-003  5.06e-002  1.13e-001  2.83e-002  
3.42055e+016 1.25e-017  0.00e+000  0.00e+000  4.83e-079  4.83e-079  2.38e-001  1.89e-004  4.41e-002  1.85e-003  0.00e+000  0.00e+000  1.62e-001  1.89e-001  1.33e-002  1.47e-003  2.92e-002  2.92e-002  4.29e-002  8.75e-003  5.07e-002  1.08e-001  2.71e-002  
3.44017e+016 1.17e-017  0.00e+000  0.00e+000  2.46e-078  2.46e-078  2.32e-001  1.85e-004  4.42e-002  1.97e-003  0.00e+000  0.00e+000  1.63e-001  1.90e-001  1.42e-002  1.45e-003  3.12e-002  3.12e-002  4.29e-002  9.35e-003  5.10e-002  1.08e-001  2.69e-002  
3.46353e+016 1.06e-017  0.00e+000  0.00e+000  2.81e-077  2.81e-077  2.23e-001  1.83e-004  4.44e-002  2.16e-003  0.00e+000  0.00e+000  1.65e-001  1.89e-001  1.56e-002  1.51e-003  3.42e-002  3.42e-002  4.27e-002  1.02e-002  5.09e-002  1.07e-001  2.68e-002  
3.48860e+016 9.59e-018  0.00e+000  0.00e+000  8.58e-076  8.58e-076  2.10e-001  1.82e-004  4.48e-002  2.40e-003  0.00e+000  0.00e+000  1.68e-001  1.89e-001  1.73e-002  2.40e-003  3.80e-002  3.80e-002  4.28e-002  1.14e-002  5.14e-002  1.05e-001  2.65e-002  
3.51370e+016 8.54e-018  0.00e+000  0.00e+000  8.39e-074  8.39e-074  1.94e-001  1.79e-004  4.52e-002  2.69e-003  0.00e+000  0.00e+000  1.71e-001  1.89e-001  1.94e-002  8.04e-003  4.26e-002  4.26e-002  4.28e-002  1.28e-002  5.16e-002  1.00e-001  2.50e-002  
3.53250e+016 7.75e-018  0.00e+000  0.00e+000  7.39e-072  7.39e-072  1.82e-001  1.78e-004  4.58e-002  2.97e-003  0.00e+000  0.00e+000  1.74e-001  1.88e-001  2.15e-002  2.32e-002  4.70e-002  4.70e-002  4.27e-002  1.41e-002  5.16e-002  8.53e-002  2.13e-002  
3.55515e+016 6.87e-018  0.00e+000  0.00e+000  8.21e-069  8.21e-069  1.65e-001  1.79e-004  4.65e-002  3.35e-003  0.00e+000  0.00e+000  1.78e-001  1.91e-001  2.46e-002  6.28e-002  5.30e-002  5.30e-002  4.31e-002  1.59e-002  5.23e-002  4.65e-002  1.16e-002  
3.57182e+016 6.24e-018  0.00e+000  0.00e+000  6.34e-066  6.34e-066  1.51e-001  1.79e-004  4.69e-002  3.68e-003  2.56e-076  2.56e-076  1.81e-001  1.91e-001  2.77e-002  9.40e-002  5.85e-002  5.85e-002  4.31e-002  1.75e-002  5.25e-002  1.54e-002  3.84e-003  
3.58524e+016 5.79e-018  0.00e+000  0.00e+000  4.23e-063  4.23e-063  1.39e-001  1.80e-004  4.72e-002  3.99e-003  5.17e-073  5.17e-073  1.83e-001  1.90e-001  3.06e-002  1.05e-001  6.32e-002  6.32e-002  4.30e-002  1.90e-002  5.24e-002  3.06e-003  7.67e-004  
3.60047e+016 5.31e-018  0.00e+000  0.00e+000  3.07e-059  3.07e-059  1.25e-001  1.79e-004  4.73e-002  4.37e-003  1.68e-068  1.68e-068  1.85e-001  1.88e-001  3.43e-002  1.06e-001  6.93e-002  6.93e-002  4.27e-002  2.07e-002  5.20e-002  2.62e-004  6.55e-005  
3.61718e+016 4.84e-018  0.00e+000  0.00e+000  4.65e-054  4.65e-054  1.09e-001  1.78e-004  4.73e-002  4.83e-003  1.90e-062  1.90e-062  1.85e-001  1.86e-001  3.88e-002  1.04e-001  7.66e-002  7.66e-002  4.21e-002  2.29e-002  5.12e-002  8.51e-005  2.13e-005  
3.62899e+016 4.54e-018  0.00e+000  0.00e+000  9.81e-050  9.81e-050  9.81e-002  1.77e-004  4.72e-002  5.20e-003  2.13e-057  2.13e-057  1.85e-001  1.84e-001  4.23e-002  1.02e-001  8.25e-002  8.25e-002  4.17e-002  2.47e-002  5.05e-002  7.16e-005  1.79e-005  
3.63893e+016 4.31e-018  0.00e+000  0.00e+000  1.17e-045  1.17e-045  8.90e-002  1.76e-004  4.71e-002  5.53e-003  1.21e-052  1.21e-052  1.85e-001  1.81e-001  4.58e-002  9.96e-002  8.76e-002  8.76e-002  4.11e-002  2.62e-002  4.99e-002  7.04e-005  1.76e-005  
3.64972e+016 4.09e-018  0.00e+000  0.00e+000  8.12e-041  8.12e-041  7.93e-002  1.76e-004  4.67e-002  5.92e-003  5.36e-047  5.36e-047  1.84e-001  1.79e-001  4.94e-002  9.71e-002  9.37e-002  9.37e-002  4.04e-002  2.81e-002  4.92e-002  6.92e-005  1.73e-005  
3.66124e+016 4.11e-018  0.00e+000  0.00e+000  2.84e-035  2.84e-035  6.83e-002  1.90e-004  4.55e-002  6.20e-003  1.51e-040  1.51e-040  1.99e-001  1.72e-001  5.27e-002  9.26e-002  9.82e-002  9.82e-002  3.89e-002  2.94e-002  4.74e-002  6.66e-005  1.66e-005  
3.67348e+016 5.80e-018  0.00e+000  0.00e+000  3.69e-029  3.69e-029  5.69e-002  2.04e-004  4.90e-002  6.44e-003  1.92e-033  1.92e-033  2.14e-001  1.61e-001  5.57e-002  9.13e-002  1.02e-001  1.02e-001  3.64e-002  3.05e-002  4.45e-002  6.32e-005  1.58e-005  
3.68621e+016 1.41e-017  0.00e+000  0.00e+000  7.39e-023  7.39e-023  4.63e-002  2.17e-004  5.26e-002  6.60e-003  3.70e-026  3.70e-026  2.30e-001  1.48e-001  5.81e-002  9.59e-002  1.04e-001  1.04e-001  3.35e-002  3.13e-002  4.11e-002  6.79e-005  1.70e-005  
3.69700e+016 3.59e-017  0.00e+000  0.00e+000  8.14e-018  8.14e-018  3.85e-002  2.29e-004  5.58e-002  6.69e-003  2.33e-020  2.33e-020  2.45e-001  1.37e-001  5.97e-002  9.96e-002  1.06e-001  1.06e-001  3.10e-002  3.18e-002  3.82e-002  7.42e-005  1.85e-005  
3.70376e+016 6.56e-017  0.00e+000  0.00e+000  6.68e-015  6.68e-015  3.43e-002  2.36e-004  5.81e-002  6.72e-003  5.00e-017  5.00e-017  2.55e-001  1.30e-001  6.07e-002  1.02e-001  1.06e-001  1.06e-001  2.94e-002  3.19e-002  3.63e-002  7.99e-005  2.00e-005  
3.71087e+016 1.24e-016  0.00e+000  0.00e+000  4.23e-012  4.23e-012  3.03e-002  2.45e-004  6.03e-002  6.73e-003  7.57e-014  7.57e-014  2.66e-001  1.22e-001  6.14e-002  1.04e-001  1.07e-001  1.07e-001  2.75e-002  3.20e-002  3.42e-002  8.72e-005  2.19e-005  
3.71826e+016 2.39e-016  0.00e+000  0.00e+000  1.58e-009  1.58e-009  2.64e-002  2.52e-004  6.23e-002  6.64e-003  5.93e-011  5.93e-011  2.75e-001  1.20e-001  6.14e-002  1.06e-001  1.05e-001  1.05e-001  2.71e-002  3.16e-002  3.19e-002  9.78e-005  2.44e-005  
3.72589e+016 4.69e-016  0.00e+000  0.00e+000  2.79e-007  2.79e-007  2.28e-002  2.60e-004  6.46e-002  6.52e-003  1.86e-008  1.86e-008  2.86e-001  1.18e-001  6.09e-002  1.07e-001  1.03e-001  1.03e-001  2.68e-002  3.09e-002  2.94e-002  1.12e-004  2.79e-005  
3.73370e+016 9.22e-016  1.07e-074  3.55e-075  1.98e-005  1.98e-005  1.98e-002  2.69e-004  6.72e-002  6.40e-003  1.96e-006  1.96e-006  2.97e-001  1.15e-001  6.04e-002  1.10e-001  1.01e-001  1.01e-001  2.61e-002  3.04e-002  2.66e-002  1.31e-004  3.28e-005  
3.74165e+016 1.83e-015  1.78e-055  5.91e-056  5.47e-004  5.47e-004  1.73e-002  2.81e-004  7.00e-002  6.24e-003  6.79e-005  6.79e-005  3.11e-001  1.09e-001  5.91e-002  1.11e-001  9.85e-002  9.85e-002  2.48e-002  2.96e-002  2.58e-002  1.52e-004  3.80e-005  
3.74829e+016 3.24e-015  2.19e-043  7.25e-044  4.63e-003  4.63e-003  1.55e-002  2.92e-004  7.31e-002  7.25e-003  6.26e-004  6.26e-004  3.21e-001  1.02e-001  5.62e-002  1.11e-001  9.53e-002  9.53e-002  2.31e-002  2.86e-002  2.43e-002  1.66e-004  4.17e-005  
3.75505e+016 5.92e-015  8.08e-034  2.69e-034  2.54e-002  2.54e-002  1.36e-002  3.01e-004  7.50e-002  9.13e-003  3.50e-003  3.50e-003  3.25e-001  9.09e-002  3.75e-002  1.09e-001  8.98e-002  8.98e-002  2.06e-002  2.69e-002  2.15e-002  1.69e-004  4.23e-005  
3.76194e+016 1.22e-014  4.61e-026  1.53e-026  9.28e-002  9.28e-002  1.06e-002  2.81e-004  6.97e-002  1.03e-002  1.25e-002  1.25e-002  2.90e-001  7.01e-002  1.42e-002  9.36e-002  7.46e-002  7.46e-002  1.58e-002  2.24e-002  1.56e-002  1.43e-004  3.56e-005  
3.76839e+016 3.01e-014  4.95e-020  1.65e-020  2.08e-001  2.08e-001  6.68e-003  2.14e-004  5.22e-002  9.31e-003  2.63e-002  2.63e-002  2.04e-001  4.26e-002  2.52e-003  6.42e-002  4.92e-002  4.92e-002  9.64e-003  1.48e-002  8.21e-003  9.11e-005  2.28e-005  
3.76854e+016 3.08e-014  6.56e-020  2.18e-020  2.11e-001  2.11e-001  6.59e-003  2.12e-004  5.16e-002  9.25e-003  2.65e-002  2.65e-002  2.02e-001  4.19e-002  2.39e-003  6.33e-002  4.87e-002  4.87e-002  9.51e-003  1.46e-002  8.08e-003  8.99e-005  2.25e-005  
3.76877e+016 3.20e-014  1.05e-019  3.47e-020  2.16e-001  2.16e-001  6.47e-003  2.09e-004  5.09e-002  9.18e-003  2.71e-002  2.71e-002  1.98e-001  4.09e-002  2.20e-003  6.22e-002  4.78e-002  4.78e-002  9.28e-003  1.43e-002  7.81e-003  8.81e-005  2.20e-005  
3.76917e+016 3.41e-014  2.24e-019  7.44e-020  2.24e-001  2.24e-001  6.24e-003  2.04e-004  4.95e-002  9.05e-003  2.79e-002  2.79e-002  1.92e-001  3.93e-002  1.90e-003  6.01e-002  4.60e-002  4.60e-002  8.91e-003  1.38e-002  7.41e-003  8.47e-005  2.12e-005  
3.76980e+016 3.80e-014  7.55e-019  2.51e-019  2.36e-001  2.36e-001  5.84e-003  1.95e-004  4.74e-002  8.82e-003  2.92e-002  2.92e-002  1.82e-001  3.68e-002  1.48e-003  5.68e-002  4.34e-002  4.34e-002  8.32e-003  1.30e-002  6.76e-003  7.95e-005  1.99e-005  
3.77083e+016 4.54e-014  5.17e-018  1.72e-018  2.55e-001  2.55e-001  5.26e-003  1.82e-004  4.38e-002  8.43e-003  3.10e-002  3.10e-002  1.66e-001  3.28e-002  9.71e-004  5.17e-002  3.94e-002  3.94e-002  7.42e-003  1.18e-002  5.81e-003  7.13e-005  1.78e-005  
3.77248e+016 6.12e-014  1.02e-016  3.38e-017  2.84e-001  2.84e-001  4.40e-003  1.61e-004  3.84e-002  7.78e-003  3.38e-002  3.38e-002  1.43e-001  2.70e-002  4.61e-004  4.41e-002  3.32e-002  3.32e-002  6.10e-003  9.96e-003  4.45e-003  5.95e-005  1.49e-005  
3.77450e+016 9.02e-014  3.15e-015  1.05e-015  3.17e-001  3.17e-001  3.48e-003  1.36e-004  3.21e-002  6.98e-003  3.62e-002  3.62e-002  1.16e-001  2.08e-002  1.70e-004  3.56e-002  2.65e-002  2.65e-002  4.72e-003  7.96e-003  3.11e-003  4.67e-005  1.16e-005  
3.77655e+016 1.35e-013  7.17e-014  2.38e-014  3.44e-001  3.44e-001  2.74e-003  1.16e-004  2.68e-002  6.29e-003  3.78e-002  3.78e-002  9.42e-002  1.60e-002  6.09e-005  2.85e-002  2.11e-002  2.11e-002  3.63e-003  6.33e-003  2.12e-003  3.65e-005  9.12e-006  
3.77936e+016 1.72e-013  1.17e-012  3.88e-013  3.65e-001  3.65e-001  2.17e-003  1.02e-004  2.30e-002  5.81e-003  3.86e-002  3.86e-002  7.67e-002  1.23e-002  2.22e-005  2.32e-002  1.69e-002  1.69e-002  2.77e-003  5.08e-003  1.36e-003  2.85e-005  7.15e-006  
3.78016e+016 1.84e-013  2.53e-012  8.39e-013  3.71e-001  3.71e-001  2.03e-003  9.75e-005  2.19e-002  5.72e-003  3.87e-002  3.87e-002  7.24e-002  1.13e-002  1.79e-005  2.18e-002  1.58e-002  1.58e-002  2.56e-003  4.76e-003  1.19e-003  2.66e-005  6.64e-006  
3.78111e+016 1.99e-013  6.34e-012  2.11e-012  3.77e-001  3.77e-001  1.87e-003  9.26e-005  2.07e-002  5.59e-003  3.88e-002  3.88e-002  6.75e-002  1.03e-002  1.41e-005  2.03e-002  1.47e-002  1.47e-002  2.33e-003  4.40e-003  1.02e-003  2.44e-005  6.09e-006  
3.78273e+016 2.27e-013  3.00e-011  9.93e-012  3.87e-001  3.87e-001  1.63e-003  8.53e-005  1.87e-002  5.45e-003  3.88e-002  3.88e-002  5.98e-002  8.75e-003  1.00e-005  1.78e-002  1.28e-002  1.28e-002  1.98e-003  3.84e-003  7.82e-004  2.09e-005  5.23e-006  
3.78530e+016 2.84e-013  3.27e-010  1.09e-010  4.01e-001  4.01e-001  1.29e-003  7.35e-005  1.58e-002  5.31e-003  3.83e-002  3.83e-002  4.89e-002  6.68e-003  6.65e-006  1.44e-002  1.03e-002  1.03e-002  1.51e-003  3.08e-003  5.06e-004  1.63e-005  4.08e-006  
3.78818e+016 3.63e-013  4.30e-009  1.43e-009  4.13e-001  4.13e-001  1.01e-003  6.26e-005  1.31e-002  5.46e-003  3.75e-002  3.75e-002  3.91e-002  4.96e-003  4.49e-006  1.14e-002  8.05e-003  8.05e-003  1.13e-003  2.41e-003  3.14e-004  1.25e-005  3.11e-006  
3.79076e+016 4.51e-013  3.74e-008  1.25e-008  4.23e-001  4.23e-001  8.06e-004  5.41e-005  1.11e-002  5.85e-003  3.61e-002  3.61e-002  3.19e-002  3.81e-003  3.21e-006  9.26e-003  6.47e-003  6.47e-003  8.64e-004  1.94e-003  2.06e-004  9.75e-006  2.44e-006  
3.79253e+016 5.25e-013  1.53e-007  5.09e-008  4.29e-001  4.29e-001  6.92e-004  4.88e-005  9.87e-003  6.23e-003  3.51e-002  3.51e-002  2.78e-002  3.18e-003  2.57e-006  8.01e-003  5.57e-003  5.57e-003  7.22e-004  1.67e-003  1.54e-004  8.25e-006  2.06e-006  
3.79502e+016 6.42e-013  1.00e-006  3.32e-007  4.36e-001  4.36e-001  5.65e-004  4.25e-005  8.44e-003  7.07e-003  3.33e-002  3.33e-002  2.30e-002  2.49e-003  1.93e-006  6.58e-003  4.55e-003  4.55e-003  5.63e-004  1.36e-003  1.04e-004  6.55e-006  1.63e-006  
3.79755e+016 7.80e-013  6.09e-006  2.02e-006  4.46e-001  4.46e-001  4.64e-004  3.74e-005  7.27e-003  8.24e-003  2.69e-002  2.69e-002  1.94e-002  1.96e-003  1.51e-006  5.46e-003  3.74e-003  3.74e-003  4.45e-004  1.12e-003  7.15e-005  5.25e-006  1.32e-006  
3.79897e+016 8.70e-013  1.58e-005  5.23e-006  4.51e-001  4.51e-001  4.16e-004  3.47e-005  6.69e-003  9.02e-003  2.38e-002  2.38e-002  1.75e-002  1.71e-003  1.33e-006  4.92e-003  3.36e-003  3.36e-003  3.89e-004  1.01e-003  5.82e-005  4.65e-006  1.16e-006  
3.79918e+016 8.84e-013  1.82e-005  6.03e-006  4.51e-001  4.51e-001  4.10e-004  3.44e-005  6.61e-003  9.14e-003  2.34e-002  2.34e-002  1.72e-002  1.69e-003  1.31e-006  4.84e-003  3.30e-003  3.30e-003  3.81e-004  9.91e-004  5.63e-005  4.56e-006  1.14e-006  
3.79956e+016 9.08e-013  2.31e-005  7.67e-006  4.53e-001  4.53e-001  4.00e-004  3.38e-005  6.47e-003  9.37e-003  2.27e-002  2.27e-002  1.67e-002  1.63e-003  1.28e-006  4.71e-003  3.21e-003  3.21e-003  3.69e-004  9.64e-004  5.35e-005  4.41e-006  1.10e-006  
3.80017e+016 9.51e-013  3.40e-005  1.13e-005  4.54e-001  4.54e-001  3.82e-004  3.27e-005  6.25e-003  9.74e-003  2.15e-002  2.15e-002  1.61e-002  1.54e-003  1.22e-006  4.51e-003  3.07e-003  3.07e-003  3.49e-004  9.22e-004  4.91e-005  4.20e-006  1.05e-006  
3.80129e+016 1.03e-012  6.73e-005  2.23e-005  4.57e-001  4.57e-001  3.52e-004  3.11e-005  5.87e-003  1.05e-002  1.94e-002  1.94e-002  1.49e-002  1.40e-003  1.14e-006  4.17e-003  2.83e-003  2.83e-003  3.15e-004  8.51e-004  4.22e-005  3.82e-006  9.55e-007  
3.80319e+016 1.18e-012  2.09e-004  6.93e-005  4.61e-001  4.61e-001  3.07e-004  2.83e-005  5.28e-003  1.17e-002  1.64e-002  1.64e-002  1.32e-002  1.17e-003  1.03e-006  3.64e-003  2.47e-003  2.47e-003  2.66e-004  7.41e-004  3.27e-005  3.25e-006  8.14e-007  
3.80578e+016 1.43e-012  8.97e-004  2.97e-004  4.66e-001  4.66e-001  2.56e-004  2.49e-005  4.58e-003  1.36e-002  1.27e-002  1.27e-002  1.11e-002  9.32e-004  9.60e-007  3.03e-003  2.05e-003  2.05e-003  2.12e-004  6.15e-004  2.35e-005  2.62e-006  6.55e-007  
3.80629e+016 1.48e-012  1.17e-003  3.87e-004  4.67e-001  4.67e-001  2.47e-004  2.43e-005  4.44e-003  1.39e-002  1.21e-002  1.21e-002  1.07e-002  8.92e-004  9.52e-007  2.92e-003  1.97e-003  1.97e-003  2.02e-004  5.92e-004  2.20e-005  2.51e-006  6.27e-007  
3.80713e+016 1.57e-012  1.77e-003  5.89e-004  4.68e-001  4.68e-001  2.33e-004  2.34e-005  4.26e-003  1.45e-002  1.11e-002  1.11e-002  1.01e-002  8.29e-004  9.44e-007  2.76e-003  1.86e-003  1.86e-003  1.88e-004  5.59e-004  1.99e-005  2.35e-006  5.87e-007  
3.80859e+016 1.73e-012  3.56e-003  1.18e-003  4.68e-001  4.68e-001  2.11e-004  2.19e-005  3.95e-003  1.54e-002  9.53e-003  9.53e-003  9.24e-003  7.34e-004  9.47e-007  2.51e-003  1.69e-003  1.69e-003  1.66e-004  5.07e-004  1.68e-005  2.09e-006  5.22e-007  
3.81083e+016 2.04e-012  1.03e-002  3.41e-003  4.67e-001  4.67e-001  1.81e-004  1.96e-005  3.48e-003  1.63e-002  7.32e-003  7.32e-003  7.91e-003  6.04e-004  9.73e-007  2.13e-003  1.44e-003  1.44e-003  1.37e-004  4.31e-004  1.30e-005  1.73e-006  4.32e-007  
3.81265e+016 2.34e-012  2.27e-002  7.52e-003  4.61e-001  4.61e-001  1.58e-004  1.77e-005  3.11e-003  1.66e-002  5.73e-003  5.73e-003  6.92e-003  5.13e-004  1.00e-006  1.85e-003  1.25e-003  1.25e-003  1.16e-004  3.75e-004  1.05e-005  1.47e-006  3.68e-007  
3.81480e+016 2.78e-012  5.04e-002  1.67e-002  4.46e-001  4.46e-001  1.33e-004  1.56e-005  2.71e-003  1.60e-002  4.10e-003  4.10e-003  5.86e-003  4.17e-004  1.02e-006  1.56e-003  1.05e-003  1.05e-003  9.43e-005  3.16e-004  8.24e-006  1.21e-006  3.02e-007  
3.81769e+016 3.81e-012  1.37e-001  4.54e-002  3.94e-001  3.94e-001  9.82e-005  1.21e-005  2.06e-003  1.33e-002  2.29e-003  2.29e-003  4.33e-003  2.91e-004  9.87e-007  1.14e-003  7.69e-004  7.69e-004  6.61e-005  2.31e-004  5.51e-006  8.50e-007  2.12e-007  
3.81836e+016 4.15e-012  1.66e-001  5.51e-002  3.76e-001  3.76e-001  9.03e-005  1.12e-005  1.91e-003  1.24e-002  1.95e-003  1.95e-003  3.97e-003  2.65e-004  9.63e-007  1.04e-003  7.06e-004  7.06e-004  6.00e-005  2.12e-004  4.96e-006  7.73e-007  1.93e-007  
3.81952e+016 4.89e-012  2.21e-001  7.36e-002  3.41e-001  3.41e-001  7.68e-005  9.75e-006  1.65e-003  1.07e-002  1.44e-003  1.44e-003  3.39e-003  2.21e-004  9.03e-007  8.83e-004  5.99e-004  5.99e-004  5.01e-005  1.80e-004  4.09e-006  6.46e-007  1.62e-007  
3.82149e+016 7.00e-012  3.36e-001  1.11e-001  2.69e-001  2.69e-001  5.42e-005  7.07e-006  1.18e-003  7.37e-003  7.62e-004  7.62e-004  2.37e-003  1.51e-004  7.43e-007  6.16e-004  4.19e-004  4.19e-004  3.41e-005  1.26e-004  2.73e-006  4.42e-007  1.10e-007  
3.82433e+016 1.34e-011  4.96e-001  1.65e-001  1.66e-001  1.66e-001  2.86e-005  3.90e-006  6.46e-004  3.43e-003  2.40e-004  2.40e-004  1.25e-003  7.63e-005  4.78e-007  3.21e-004  2.19e-004  2.19e-004  1.72e-005  6.57e-005  1.35e-006  2.23e-007  5.56e-008  
3.82740e+016 2.98e-011  6.17e-001  2.05e-001  8.76e-002  8.76e-002  1.30e-005  1.85e-006  3.01e-004  1.09e-003  5.30e-005  5.30e-005  5.60e-004  3.29e-005  2.52e-007  1.43e-004  9.83e-005  9.83e-005  7.45e-006  2.95e-005  5.70e-007  9.60e-008  2.40e-008  
3.83054e+016 6.87e-011  6.84e-001  2.27e-001  4.40e-002  4.40e-002  5.66e-006  8.43e-007  1.36e-004  2.62e-004  8.88e-006  8.88e-006  2.43e-004  1.37e-005  1.20e-007  6.10e-005  4.25e-005  4.25e-005  3.10e-006  1.27e-005  2.34e-007  3.99e-008  9.96e-009  
3.83376e+016 1.55e-010  7.17e-001  2.38e-001  2.22e-002  2.22e-002  2.52e-006  3.90e-007  6.20e-005  5.38e-005  1.13e-006  1.13e-006  1.07e-004  5.82e-006  5.31e-008  2.65e-005  1.87e-005  1.87e-005  1.32e-006  5.60e-006  9.82e-008  1.68e-008  4.20e-009  
3.83751e+016 3.61e-010  7.34e-001  2.44e-001  1.07e-002  1.07e-002  1.06e-006  1.72e-007  2.70e-005  9.73e-006  7.51e-008  7.51e-008  4.41e-005  2.34e-006  1.99e-008  1.08e-005  7.76e-006  7.76e-006  5.29e-007  2.33e-006  3.91e-008  6.68e-009  1.67e-009  
3.84132e+016 7.41e-010  7.43e-001  2.47e-001  4.90e-003  4.90e-003  4.91e-007  8.26e-008  1.27e-005  3.67e-006  4.28e-009  4.28e-009  1.98e-005  1.02e-006  6.57e-009  4.82e-006  3.51e-006  3.51e-006  2.32e-007  1.05e-006  1.71e-008  2.89e-009  7.22e-010  
3.84531e+016 1.32e-009  7.47e-001  2.48e-001  2.36e-003  2.36e-003  2.39e-007  4.17e-008  6.36e-006  2.56e-006  7.34e-010  7.34e-010  9.43e-006  4.74e-007  2.97e-009  2.25e-006  1.68e-006  1.68e-006  1.07e-007  5.04e-007  7.91e-009  1.32e-009  3.29e-010  
3.84962e+016 1.83e-009  7.49e-001  2.49e-001  1.20e-003  1.20e-003  1.22e-007  2.21e-008  3.32e-006  1.86e-006  3.35e-010  3.35e-010  4.65e-006  2.30e-007  2.40e-009  1.09e-006  8.42e-007  8.42e-007  5.20e-008  2.52e-007  3.80e-009  6.29e-010  1.57e-010  
3.85449e+016 1.59e-009  7.50e-001  2.49e-001  6.23e-004  6.23e-004  6.43e-008  1.21e-008  1.78e-006  1.01e-006  1.73e-010  1.73e-010  2.33e-006  1.14e-007  3.08e-009  5.37e-007  4.30e-007  4.30e-007  2.58e-008  1.29e-007  1.87e-009  3.05e-010  7.62e-011  
3.85990e+016 5.33e-010  7.50e-001  2.49e-001  3.41e-004  3.41e-004  3.54e-008  6.97e-009  9.96e-007  3.17e-007  9.96e-011  9.96e-011  1.22e-006  5.92e-008  4.29e-009  2.74e-007  2.31e-007  2.31e-007  1.34e-008  6.92e-008  9.64e-010  1.55e-010  3.88e-011  
3.86597e+016 3.21e-011  7.50e-001  2.49e-001  1.97e-004  1.97e-004  2.05e-008  4.20e-009  5.85e-007  8.03e-008  7.16e-011  7.16e-011  6.60e-007  3.24e-008  6.23e-009  1.45e-007  1.30e-007  1.30e-007  7.32e-009  3.89e-008  5.20e-010  8.28e-011  2.07e-011  
3.87288e+016 6.65e-013  7.50e-001  2.50e-001  1.21e-004  1.21e-004  1.26e-008  2.57e-009  3.59e-007  5.02e-008  6.92e-011  6.92e-011  3.71e-007  1.86e-008  9.97e-009  7.92e-008  7.65e-008  7.65e-008  4.22e-009  2.30e-008  2.95e-010  4.66e-011  1.16e-011  
3.88139e+016 4.54e-014  7.51e-001  2.49e-001  7.91e-005  7.91e-005  7.95e-009  1.55e-009  2.27e-007  4.69e-008  7.44e-011  7.44e-011  2.09e-007  1.10e-008  1.65e-008  4.34e-008  4.62e-008  4.62e-008  2.49e-009  1.39e-008  1.70e-010  2.69e-011  6.72e-012  
3.89093e+016 4.07e-015  7.52e-001  2.48e-001  5.85e-005  5.85e-005  5.43e-009  9.65e-010  1.52e-007  5.04e-008  8.40e-011  8.40e-011  1.23e-007  7.05e-009  2.48e-008  2.55e-008  3.00e-008  3.00e-008  1.59e-009  8.99e-009  1.06e-010  1.69e-011  4.23e-012  
3.90068e+016 1.27e-015  7.51e-001  2.49e-001  4.99e-005  4.99e-005  4.10e-009  6.47e-010  1.10e-007  5.67e-008  9.62e-011  9.62e-011  7.89e-008  4.98e-009  3.32e-008  1.70e-008  2.14e-008  2.14e-008  1.13e-009  6.43e-009  7.38e-011  1.19e-011  2.97e-012  
3.91088e+016 7.60e-016  7.51e-001  2.49e-001  4.82e-005  4.82e-005  3.32e-009  4.58e-010  8.41e-008  6.45e-008  1.09e-010  1.09e-010  5.32e-008  3.79e-009  4.08e-008  1.24e-008  1.63e-008  1.63e-008  8.58e-010  4.91e-009  5.53e-011  9.01e-012  2.25e-012  
3.92181e+016 5.02e-016  7.51e-001  2.49e-001  5.12e-005  5.12e-005  2.83e-009  3.35e-010  6.63e-008  7.29e-008  1.21e-010  1.21e-010  3.66e-008  3.03e-009  4.74e-008  1.00e-008  1.31e-008  1.31e-008  6.83e-010  3.92e-009  4.38e-011  7.23e-012  1.81e-012  
3.93325e+016 3.53e-016  7.51e-001  2.49e-001  5.86e-005  5.86e-005  2.51e-009  2.52e-010  5.35e-008  8.10e-008  1.31e-010  1.31e-010  2.58e-008  2.51e-009  5.21e-008  8.64e-009  1.09e-008  1.09e-008  5.69e-010  3.29e-009  3.65e-011  6.06e-012  1.52e-012  
3.94519e+016 2.68e-016  7.51e-001  2.49e-001  7.02e-005  7.02e-005  2.34e-009  1.96e-010  4.44e-008  8.89e-008  1.38e-010  1.38e-010  1.88e-008  2.18e-009  5.57e-008  7.88e-009  9.56e-009  9.56e-009  4.93e-010  2.86e-009  3.20e-011  5.34e-012  1.33e-012  
3.95803e+016 2.21e-016  7.50e-001  2.50e-001  8.72e-005  8.72e-005  2.27e-009  1.55e-010  3.76e-008  9.63e-008  1.41e-010  1.41e-010  1.40e-008  1.97e-009  5.83e-008  7.41e-009  8.63e-009  8.63e-009  4.45e-010  2.59e-009  2.93e-011  4.84e-012  1.21e-012  
3.97190e+016 2.01e-016  7.51e-001  2.49e-001  1.10e-004  1.10e-004  2.29e-009  1.25e-010  3.21e-008  1.02e-007  1.40e-010  1.40e-010  1.07e-008  1.83e-009  5.97e-008  7.01e-009  8.06e-009  8.06e-009  4.13e-010  2.42e-009  2.78e-011  4.53e-012  1.13e-012  
3.98699e+016 1.96e-016  7.50e-001  2.50e-001  1.41e-004  1.41e-004  2.41e-009  1.03e-010  2.82e-008  1.08e-007  1.34e-010  1.34e-010  8.57e-009  1.77e-009  6.12e-008  6.79e-009  7.86e-009  7.86e-009  3.99e-010  2.35e-009  2.75e-011  4.41e-012  1.10e-012  
4.00514e+016 2.04e-016  7.51e-001  2.49e-001  1.85e-004  1.85e-004  2.65e-009  8.34e-011  2.47e-008  1.13e-007  1.22e-010  1.22e-010  7.16e-009  1.75e-009  6.23e-008  6.53e-009  7.85e-009  7.85e-009  3.97e-010  2.36e-009  2.81e-011  4.41e-012  1.10e-012  
4.02549e+016 2.18e-016  7.51e-001  2.49e-001  2.43e-004  2.43e-004  3.07e-009  6.82e-011  2.23e-008  1.19e-007  1.06e-010  1.06e-010  6.55e-009  1.80e-009  6.32e-008  6.32e-009  8.15e-009  8.15e-009  4.09e-010  2.45e-009  3.00e-011  4.56e-012  1.14e-012  
4.04761e+016 2.35e-016  7.50e-001  2.49e-001  3.21e-004  3.21e-004  3.73e-009  5.67e-011  2.09e-008  1.24e-007  9.03e-011  9.03e-011  6.56e-009  1.94e-009  6.39e-008  6.22e-009  8.82e-009  8.82e-009  4.39e-010  2.65e-009  3.32e-011  4.90e-012  1.23e-012  
4.07070e+016 2.52e-016  7.51e-001  2.49e-001  4.17e-004  4.17e-004  4.65e-009  4.77e-011  2.06e-008  1.31e-007  7.55e-011  7.55e-011  7.03e-009  2.13e-009  6.39e-008  6.12e-009  9.77e-009  9.77e-009  4.81e-010  2.93e-009  3.73e-011  5.36e-012  1.34e-012  
4.09451e+016 2.65e-016  7.50e-001  2.49e-001  5.42e-004  5.42e-004  5.99e-009  4.11e-011  2.17e-008  1.41e-007  6.33e-011  6.33e-011  7.99e-009  2.41e-009  6.33e-008  6.21e-009  1.11e-008  1.11e-008  5.46e-010  3.34e-009  4.33e-011  6.10e-012  1.52e-012  
4.11988e+016 2.80e-016  7.50e-001  2.49e-001  7.18e-004  7.18e-004  8.07e-009  3.64e-011  2.43e-008  1.56e-007  5.36e-011  5.36e-011  9.50e-009  2.83e-009  6.14e-008  6.43e-009  1.31e-008  1.31e-008  6.43e-010  3.93e-009  5.18e-011  7.10e-012  1.77e-012  
4.14624e+016 2.91e-016  7.49e-001  2.49e-001  9.76e-004  9.76e-004  1.14e-008  3.39e-011  2.96e-008  1.81e-007  4.74e-011  4.74e-011  1.19e-008  3.47e-009  5.81e-008  6.84e-009  1.62e-008  1.62e-008  7.84e-010  4.85e-009  6.46e-011  8.66e-012  2.16e-012  
4.17462e+016 2.95e-016  7.49e-001  2.48e-001  1.39e-003  1.39e-003  1.71e-008  3.34e-011  3.93e-008  2.25e-007  4.51e-011  4.51e-011  1.59e-008  4.51e-009  5.25e-008  7.49e-009  2.10e-008  2.10e-008  1.02e-009  6.30e-009  8.51e-011  1.11e-011  2.79e-012  
4.20512e+016 2.84e-016  7.47e-001  2.49e-001  2.11e-003  2.11e-003  2.82e-008  3.56e-011  5.75e-008  3.11e-007  4.86e-011  4.86e-011  2.27e-008  6.27e-009  4.48e-008  8.42e-009  2.94e-008  2.94e-008  1.42e-009  8.81e-009  1.21e-010  1.55e-011  3.88e-012  
4.23867e+016 2.55e-016  7.46e-001  2.47e-001  3.55e-003  3.55e-003  5.18e-008  4.04e-011  9.34e-008  4.87e-007  6.28e-011  6.28e-011  3.57e-008  9.58e-009  3.51e-008  1.00e-008  4.52e-008  4.52e-008  2.17e-009  1.35e-008  1.88e-010  2.36e-011  5.93e-012  
4.27356e+016 2.19e-016  7.41e-001  2.46e-001  6.54e-003  6.54e-003  1.06e-007  5.12e-011  1.69e-007  8.69e-007  1.01e-010  1.01e-010  6.17e-008  1.63e-008  2.60e-008  1.34e-008  7.68e-008  7.68e-008  3.68e-009  2.30e-008  3.23e-010  4.01e-011  1.00e-011  
4.30994e+016 1.96e-016  7.31e-001  2.42e-001  1.33e-002  1.33e-002  2.42e-007  7.31e-011  3.36e-007  1.74e-006  2.32e-010  2.32e-010  1.18e-007  3.06e-008  1.90e-008  2.14e-008  1.44e-007  1.44e-007  6.90e-009  4.32e-008  6.14e-010  7.57e-011  1.89e-011  
4.34671e+016 1.87e-016  7.05e-001  2.34e-001  3.03e-002  3.03e-002  6.20e-007  1.26e-010  7.42e-007  3.94e-006  7.00e-010  7.00e-010  2.49e-007  6.41e-008  1.59e-008  4.13e-008  3.01e-007  3.01e-007  1.45e-008  9.03e-008  1.29e-009  1.59e-010  3.96e-011  
4.38104e+016 1.90e-016  6.47e-001  2.15e-001  6.89e-002  6.89e-002  1.57e-006  2.37e-010  1.64e-006  7.15e-006  1.71e-009  1.71e-009  5.31e-007  1.35e-007  1.80e-008  8.47e-008  6.31e-007  6.31e-007  3.05e-008  1.89e-007  2.73e-009  3.34e-010  8.36e-011  
4.41007e+016 1.98e-016  5.46e-001  1.81e-001  1.36e-001  1.36e-001  3.44e-006  4.16e-010  3.17e-006  1.02e-005  3.22e-009  3.22e-009  9.96e-007  2.51e-007  2.56e-008  1.57e-007  1.18e-006  1.18e-006  5.66e-008  3.53e-007  5.11e-009  6.22e-010  1.56e-010  
4.42181e+016 1.94e-016  4.80e-001  1.59e-001  1.80e-001  1.80e-001  4.72e-006  5.22e-010  4.14e-006  1.16e-005  4.13e-009  4.13e-009  1.29e-006  3.22e-007  3.13e-008  2.03e-007  1.51e-006  1.51e-006  7.29e-008  4.53e-007  6.56e-009  8.01e-010  2.01e-010  
4.42811e+016 1.92e-016  4.27e-001  1.42e-001  2.15e-001  2.15e-001  5.77e-006  6.08e-010  4.92e-006  1.29e-005  5.06e-009  5.06e-009  1.52e-006  3.80e-007  3.58e-008  2.39e-007  1.78e-006  1.78e-006  8.58e-008  5.36e-007  7.70e-009  9.46e-010  2.36e-010  
4.43809e+016 2.07e-016  3.89e-001  1.29e-001  2.41e-001  2.41e-001  6.80e-006  6.71e-010  5.60e-006  1.41e-005  5.69e-009  5.69e-009  1.71e-006  4.26e-007  4.02e-008  2.69e-007  1.99e-006  1.99e-006  9.65e-008  5.98e-007  8.64e-009  1.06e-009  2.65e-010  
4.45030e+016 2.09e-016  3.28e-001  1.09e-001  2.81e-001  2.81e-001  8.84e-006  7.98e-010  6.88e-006  1.62e-005  6.59e-009  6.59e-009  2.07e-006  5.16e-007  4.97e-008  3.26e-007  2.41e-006  2.41e-006  1.17e-007  7.21e-007  1.07e-008  1.28e-009  3.21e-010  
4.45401e+016 1.90e-016  2.73e-001  9.06e-002  3.18e-001  3.18e-001  1.07e-005  9.37e-010  8.21e-006  1.81e-005  7.48e-009  7.48e-009  2.46e-006  6.11e-007  5.95e-008  3.88e-007  2.85e-006  2.85e-006  1.38e-007  8.58e-007  1.29e-008  1.52e-009  3.80e-010  
4.45998e+016 2.00e-016  2.38e-001  7.91e-002  3.41e-001  3.41e-001  1.22e-005  1.02e-009  9.11e-006  1.89e-005  7.86e-009  7.86e-009  2.71e-006  6.76e-007  6.61e-008  4.28e-007  3.14e-006  3.14e-006  1.53e-007  9.41e-007  1.44e-008  1.68e-009  4.19e-010  
4.46779e+016 2.20e-016  2.23e-001  7.41e-002  3.52e-001  3.52e-001  1.31e-005  1.04e-009  9.45e-006  1.94e-005  8.09e-009  8.09e-009  2.80e-006  6.95e-007  6.91e-008  4.42e-007  3.23e-006  3.23e-006  1.57e-007  9.68e-007  1.51e-008  1.73e-009  4.31e-010  
4.48006e+016 2.28e-016  1.73e-001  5.75e-002  3.85e-001  3.85e-001  1.59e-005  1.15e-009  1.09e-005  2.07e-005  8.73e-009  8.73e-009  3.18e-006  7.85e-007  8.11e-008  5.00e-007  3.65e-006  3.65e-006  1.78e-007  1.10e-006  1.75e-008  1.95e-009  4.87e-010  
4.48529e+016 2.00e-016  1.06e-001  3.53e-002  4.29e-001  4.29e-001  2.01e-005  1.39e-009  1.34e-005  2.28e-005  1.02e-008  1.02e-008  3.90e-006  9.62e-007  1.03e-007  6.16e-007  4.48e-006  4.48e-006  2.18e-007  1.34e-006  2.18e-008  2.39e-009  5.96e-010  
4.48834e+016 2.06e-016  9.55e-002  3.17e-002  4.36e-001  4.36e-001  2.10e-005  1.43e-009  1.39e-005  2.21e-005  9.60e-009  9.60e-009  4.03e-006  9.94e-007  1.07e-007  6.35e-007  4.62e-006  4.62e-006  2.24e-007  1.39e-006  2.27e-008  2.47e-009  6.16e-010  
4.49346e+016 2.27e-016  9.48e-002  3.15e-002  4.37e-001  4.37e-001  2.15e-005  1.39e-009  1.39e-005  2.21e-005  9.57e-009  9.57e-009  3.99e-006  9.84e-007  1.07e-007  6.31e-007  4.59e-006  4.59e-006  2.22e-007  1.37e-006  2.27e-008  2.44e-009  6.09e-010  
4.49870e+016 2.41e-016  9.08e-002  3.02e-002  4.39e-001  4.39e-001  2.22e-005  1.38e-009  1.40e-005  2.22e-005  9.66e-009  9.66e-009  4.00e-006  9.83e-007  1.08e-007  6.34e-007  4.56e-006  4.56e-006  2.23e-007  1.37e-006  2.30e-008  2.45e-009  6.14e-010  
4.50684e+016 2.51e-016  7.56e-002  2.51e-002  4.50e-001  4.50e-001  2.42e-005  1.41e-009  1.48e-005  2.24e-005  9.83e-009  9.83e-009  4.18e-006  1.03e-006  1.16e-007  6.64e-007  4.77e-006  4.77e-006  2.32e-007  1.43e-006  2.44e-008  2.55e-009  6.37e-010  
4.51867e+016 2.60e-016  5.19e-002  1.72e-002  4.65e-001  4.65e-001  2.80e-005  1.48e-009  1.62e-005  2.24e-005  1.00e-008  1.00e-008  4.54e-006  1.11e-006  1.31e-007  7.23e-007  5.15e-006  5.15e-006  2.51e-007  1.55e-006  2.72e-008  2.76e-009  6.92e-010  
4.51946e+016 2.31e-016  2.86e-002  9.49e-003  4.81e-001  4.81e-001  3.19e-005  1.69e-009  1.84e-005  2.16e-005  1.12e-008  1.12e-008  5.16e-006  1.26e-006  1.55e-007  8.19e-007  5.85e-006  5.85e-006  2.85e-007  1.76e-006  3.10e-008  3.14e-009  7.84e-010  
4.52061e+016 2.30e-016  2.55e-002  8.48e-003  4.83e-001  4.83e-001  3.29e-005  1.72e-009  1.89e-005  1.98e-005  1.04e-008  1.04e-008  5.26e-006  1.29e-006  1.59e-007  8.40e-007  6.00e-006  6.00e-006  2.92e-007  1.80e-006  3.18e-008  3.21e-009  8.05e-010  
4.52265e+016 2.38e-016  2.54e-002  8.44e-003  4.83e-001  4.83e-001  3.31e-005  1.70e-009  1.89e-005  1.96e-005  9.95e-009  9.95e-009  5.25e-006  1.28e-006  1.58e-007  8.36e-007  5.96e-006  5.96e-006  2.90e-007  1.79e-006  3.18e-008  3.20e-009  7.98e-010  
4.52632e+016 2.51e-016  2.55e-002  8.46e-003  4.83e-001  4.83e-001  3.37e-005  1.68e-009  1.89e-005  1.97e-005  9.94e-009  9.94e-009  5.23e-006  1.27e-006  1.58e-007  8.34e-007  5.95e-006  5.95e-006  2.89e-007  1.78e-006  3.20e-008  3.19e-009  7.98e-010  
4.53239e+016 2.71e-016  2.48e-002  8.23e-003  4.83e-001  4.83e-001  3.44e-005  1.62e-009  1.87e-005  1.96e-005  9.93e-009  9.93e-009  5.17e-006  1.26e-006  1.59e-007  8.23e-007  5.87e-006  5.87e-006  2.85e-007  1.76e-006  3.21e-008  3.14e-009  7.86e-010  
4.54167e+016 2.86e-016  1.99e-002  6.58e-003  4.87e-001  4.87e-001  3.71e-005  1.61e-009  1.95e-005  1.88e-005  9.94e-009  9.94e-009  5.25e-006  1.32e-006  1.68e-007  8.47e-007  5.99e-006  5.99e-006  2.98e-007  1.80e-006  3.36e-008  3.22e-009  8.05e-010  
4.55446e+016 2.97e-016  1.22e-002  4.04e-003  4.92e-001  4.92e-001  4.24e-005  1.64e-009  2.11e-005  1.71e-005  9.84e-009  9.84e-009  5.56e-006  1.43e-006  1.87e-007  9.03e-007  6.37e-006  6.37e-006  3.24e-007  1.91e-006  3.67e-008  3.40e-009  8.52e-010  
4.55658e+016 2.90e-016  9.53e-003  3.17e-003  4.94e-001  4.94e-001  4.49e-005  1.70e-009  2.20e-005  1.69e-005  1.01e-008  1.01e-008  5.80e-006  1.50e-006  1.98e-007  9.42e-007  6.63e-006  6.63e-006  3.39e-007  1.98e-006  3.87e-008  3.56e-009  8.87e-010  
4.55697e+016 2.64e-016  5.31e-003  1.75e-003  4.96e-001  4.96e-001  4.93e-005  1.87e-009  2.43e-005  1.61e-005  1.10e-008  1.10e-008  6.37e-006  1.65e-006  2.27e-007  1.04e-006  7.28e-006  7.28e-006  3.74e-007  2.19e-006  4.24e-008  3.90e-009  9.78e-010  
4.55761e+016 2.60e-016  4.47e-003  1.49e-003  4.97e-001  4.97e-001  5.09e-005  1.91e-009  2.49e-005  1.46e-005  1.07e-008  1.07e-008  6.55e-006  1.70e-006  2.34e-007  1.06e-006  7.47e-006  7.47e-006  3.84e-007  2.24e-006  4.39e-008  4.01e-009  1.00e-009  
4.55871e+016 2.64e-016  4.48e-003  1.48e-003  4.97e-001  4.97e-001  5.12e-005  1.90e-009  2.49e-005  1.40e-005  9.86e-009  9.86e-009  6.52e-006  1.70e-006  2.33e-007  1.06e-006  7.47e-006  7.47e-006  3.83e-007  2.24e-006  4.40e-008  4.02e-009  1.00e-009  
4.56066e+016 2.72e-016  4.45e-003  1.48e-003  4.97e-001  4.97e-001  5.15e-005  1.88e-009  2.48e-005  1.39e-005  9.42e-009  9.42e-009  6.52e-006  1.70e-006  2.32e-007  1.06e-006  7.44e-006  7.44e-006  3.83e-007  2.23e-006  4.38e-008  3.98e-009  9.98e-010  
4.56410e+016 2.86e-016  4.44e-003  1.47e-003  4.97e-001  4.97e-001  5.18e-005  1.83e-009  2.47e-005  1.38e-005  9.31e-009  9.31e-009  6.40e-006  1.69e-006  2.30e-007  1.05e-006  7.35e-006  7.35e-006  3.81e-007  2.20e-006  4.37e-008  3.95e-009  9.83e-010  
4.56849e+016 3.02e-016  4.44e-003  1.47e-003  4.97e-001  4.97e-001  5.27e-005  1.78e-009  2.45e-005  1.38e-005  9.31e-009  9.31e-009  6.33e-006  1.68e-006  2.30e-007  1.04e-006  7.26e-006  7.26e-006  3.81e-007  2.17e-006  4.37e-008  3.88e-009  9.74e-010  
4.57241e+016 3.12e-016  4.23e-003  1.40e-003  4.97e-001  4.97e-001  5.39e-005  1.75e-009  2.46e-005  1.37e-005  9.33e-009  9.33e-009  6.32e-006  1.69e-006  2.33e-007  1.04e-006  7.25e-006  7.25e-006  3.85e-007  2.17e-006  4.39e-008  3.88e-009  9.72e-010  
4.57850e+016 3.22e-016  3.58e-003  1.19e-003  4.98e-001  4.98e-001  5.66e-005  1.73e-009  2.52e-005  1.33e-005  9.33e-009  9.33e-009  6.41e-006  1.74e-006  2.42e-007  1.05e-006  7.34e-006  7.34e-006  3.95e-007  2.20e-006  4.54e-008  3.95e-009  9.86e-010  
4.58802e+016 3.31e-016  2.43e-003  8.06e-004  4.98e-001  4.98e-001  6.22e-005  1.73e-009  2.65e-005  1.23e-005  9.21e-009  9.21e-009  6.64e-006  1.84e-006  2.62e-007  1.10e-006  7.64e-006  7.64e-006  4.17e-007  2.29e-006  4.83e-008  4.11e-009  1.02e-009  
4.59720e+016 3.39e-016  1.55e-003  5.17e-004  4.99e-001  4.99e-001  6.85e-005  1.73e-009  2.81e-005  1.12e-005  9.03e-009  9.03e-009  6.91e-006  1.96e-006  2.85e-007  1.15e-006  7.97e-006  7.97e-006  4.43e-007  2.39e-006  5.17e-008  4.28e-009  1.07e-009  
4.59734e+016 3.25e-016  1.16e-003  3.85e-004  4.99e-001  4.99e-001  7.15e-005  1.81e-009  2.94e-005  1.12e-005  9.43e-009  9.43e-009  7.21e-006  2.05e-006  3.02e-007  1.20e-006  8.35e-006  8.35e-006  4.65e-007  2.50e-006  5.42e-008  4.47e-009  1.12e-009  
4.59759e+016 2.98e-016  6.17e-004  2.05e-004  5.00e-001  5.00e-001  7.78e-005  1.97e-009  3.20e-005  1.08e-005  1.03e-008  1.03e-008  7.88e-006  2.24e-006  3.42e-007  1.31e-006  9.08e-006  9.08e-006  5.06e-007  2.73e-006  5.90e-008  4.86e-009  1.22e-009  
4.59802e+016 2.88e-016  4.72e-004  1.57e-004  5.00e-001  5.00e-001  8.12e-005  2.05e-009  3.34e-005  9.78e-006  1.04e-008  1.04e-008  8.19e-006  2.33e-006  3.61e-007  1.37e-006  9.47e-006  9.47e-006  5.27e-007  2.84e-006  6.18e-008  5.07e-009  1.27e-009  
4.59873e+016 2.90e-016  4.69e-004  1.55e-004  5.00e-001  5.00e-001  8.17e-005  2.04e-009  3.35e-005  8.99e-006  9.89e-009  9.89e-009  8.20e-006  2.34e-006  3.62e-007  1.37e-006  9.48e-006  9.48e-006  5.31e-007  2.85e-006  6.20e-008  5.10e-009  1.27e-009  
4.59993e+016 2.96e-016  4.66e-004  1.55e-004  5.00e-001  5.00e-001  8.20e-005  2.02e-009  3.34e-005  8.71e-006  9.08e-009  9.08e-009  8.17e-006  2.34e-006  3.58e-007  1.36e-006  9.45e-006  9.45e-006  5.30e-007  2.83e-006  6.18e-008  5.06e-009  1.27e-009  
4.60196e+016 3.06e-016  4.64e-004  1.54e-004  5.00e-001  5.00e-001  8.23e-005  1.99e-009  3.33e-005  8.65e-006  8.59e-009  8.59e-009  8.10e-006  2.33e-006  3.53e-007  1.36e-006  9.37e-006  9.37e-006  5.26e-007  2.81e-006  6.17e-008  5.03e-009  1.26e-009  
4.60580e+016 3.22e-016  4.65e-004  1.55e-004  5.00e-001  5.00e-001  8.38e-005  1.93e-009  3.32e-005  8.66e-006  8.47e-009  8.47e-009  8.04e-006  2.33e-006  3.51e-007  1.35e-006  9.31e-006  9.31e-006  5.28e-007  2.79e-006  6.18e-008  5.00e-009  1.25e-009  
4.61139e+016 3.44e-016  4.62e-004  1.53e-004  5.00e-001  5.00e-001  8.54e-005  1.85e-009  3.31e-005  8.66e-006  8.45e-009  8.45e-009  7.93e-006  2.32e-006  3.54e-007  1.33e-006  9.18e-006  9.18e-006  5.26e-007  2.76e-006  6.19e-008  4.91e-009  1.23e-009  
4.61801e+016 3.62e-016  3.92e-004  1.30e-004  5.00e-001  5.00e-001  8.92e-005  1.79e-009  3.34e-005  8.39e-006  8.45e-009  8.45e-009  7.92e-006  2.37e-006  3.64e-007  1.34e-006  9.22e-006  9.22e-006  5.36e-007  2.76e-006  6.32e-008  4.94e-009  1.23e-009  
4.62829e+016 3.76e-016  2.50e-004  8.29e-005  5.00e-001  5.00e-001  9.89e-005  1.77e-009  3.54e-005  7.68e-006  8.40e-009  8.40e-009  8.24e-006  2.52e-006  3.99e-007  1.40e-006  9.62e-006  9.62e-006  5.72e-007  2.90e-006  6.80e-008  5.16e-009  1.29e-009  
4.63958e+016 3.88e-016  1.32e-004  4.41e-005  5.00e-001  5.00e-001  1.12e-004  1.76e-009  3.84e-005  6.75e-006  8.32e-009  8.32e-009  8.71e-006  2.73e-006  4.46e-007  1.50e-006  1.02e-005  1.02e-005  6.21e-007  3.07e-006  7.45e-008  5.46e-009  1.37e-009  
4.64165e+016 3.86e-016  1.08e-004  3.57e-005  5.00e-001  5.00e-001  1.17e-004  1.78e-009  3.94e-005  6.60e-006  8.39e-009  8.39e-009  8.91e-006  2.82e-006  4.61e-007  1.54e-006  1.05e-005  1.05e-005  6.37e-007  3.13e-006  7.67e-008  5.59e-009  1.40e-009  
4.64187e+016 3.52e-016  5.40e-005  1.79e-005  5.00e-001  5.00e-001  1.28e-004  1.95e-009  4.32e-005  6.59e-006  9.20e-009  9.20e-009  9.80e-006  3.10e-006  5.28e-007  1.68e-006  1.15e-005  1.15e-005  7.01e-007  3.44e-006  8.43e-008  6.16e-009  1.54e-009  
4.64224e+016 3.24e-016  2.86e-005  9.47e-006  5.00e-001  5.00e-001  1.39e-004  2.13e-009  4.72e-005  6.08e-006  1.00e-008  1.00e-008  1.07e-005  3.36e-006  5.99e-007  1.84e-006  1.26e-005  1.26e-005  7.65e-007  3.76e-006  9.19e-008  6.70e-009  1.68e-009  
4.64286e+016 3.20e-016  2.40e-005  7.97e-006  5.00e-001  5.00e-001  1.43e-004  2.16e-009  4.81e-005  5.28e-006  1.00e-008  1.00e-008  1.09e-005  3.47e-006  6.15e-007  1.88e-006  1.28e-005  1.28e-005  7.81e-007  3.84e-006  9.40e-008  6.84e-009  1.72e-009  
4.64396e+016 3.26e-016  2.37e-005  7.88e-006  5.00e-001  5.00e-001  1.44e-004  2.14e-009  4.81e-005  4.81e-006  9.45e-009  9.45e-009  1.09e-005  3.47e-006  6.07e-007  1.88e-006  1.28e-005  1.28e-005  7.82e-007  3.83e-006  9.41e-008  6.84e-009  1.71e-009  
4.64596e+016 3.38e-016  2.36e-005  7.84e-006  5.00e-001  5.00e-001  1.44e-004  2.09e-009  4.79e-005  4.70e-006  8.73e-009  8.73e-009  1.08e-005  3.46e-006  5.97e-007  1.86e-006  1.27e-005  1.27e-005  7.81e-007  3.82e-006  9.41e-008  6.80e-009  1.70e-009  
4.64933e+016 3.56e-016  2.36e-005  7.83e-006  5.00e-001  5.00e-001  1.46e-004  2.03e-009  4.77e-005  4.72e-006  8.31e-009  8.31e-009  1.07e-005  3.45e-006  5.90e-007  1.85e-006  1.26e-005  1.26e-005  7.81e-007  3.79e-006  9.44e-008  6.74e-009  1.68e-009  
4.65501e+016 3.88e-016  2.35e-005  7.81e-006  5.00e-001  5.00e-001  1.49e-004  1.92e-009  4.74e-005  4.69e-006  8.14e-009  8.14e-009  1.05e-005  3.43e-006  5.82e-007  1.82e-006  1.24e-005  1.24e-005  7.76e-007  3.71e-006  9.40e-008  6.62e-009  1.65e-009  
4.66259e+016 4.18e-016  1.99e-005  6.60e-006  5.00e-001  5.00e-001  1.56e-004  1.83e-009  4.81e-005  4.57e-006  8.23e-009  8.23e-009  1.05e-005  3.49e-006  6.03e-007  1.83e-006  1.24e-005  1.24e-005  7.89e-007  3.73e-006  9.64e-008  6.65e-009  1.66e-009  
4.67450e+016 4.46e-016  1.08e-005  3.59e-006  5.00e-001  5.00e-001  1.77e-004  1.81e-009  5.13e-005  4.06e-006  8.47e-009  8.47e-009  1.10e-005  3.77e-006  6.70e-007  1.94e-006  1.31e-005  1.31e-005  8.52e-007  3.94e-006  1.05e-007  6.99e-009  1.75e-009  
4.68726e+016 4.70e-016  4.47e-006  1.48e-006  5.00e-001  5.00e-001  2.07e-004  1.84e-009  5.68e-005  3.42e-006  8.93e-009  8.93e-009  1.19e-005  4.19e-006  7.70e-007  2.11e-006  1.43e-005  1.43e-005  9.51e-007  4.28e-006  1.18e-007  7.81e-009  1.95e-009  
4.69009e+016 4.76e-016  3.57e-006  1.19e-006  5.00e-001  5.00e-001  2.14e-004  1.84e-009  5.80e-005  3.28e-006  9.05e-009  9.05e-009  1.21e-005  4.31e-006  7.94e-007  2.16e-006  1.46e-005  1.46e-005  9.74e-007  4.37e-006  1.21e-007  8.00e-009  2.00e-009  
4.69024e+016 4.64e-016  2.93e-006  9.72e-007  5.00e-001  5.00e-001  2.20e-004  1.89e-009  5.97e-005  3.30e-006  9.31e-009  9.31e-009  1.24e-005  4.42e-006  8.23e-007  2.22e-006  1.50e-005  1.50e-005  1.00e-006  4.48e-006  1.25e-007  8.23e-009  2.06e-009  
4.69048e+016 4.36e-016  1.73e-006  5.75e-007  5.00e-001  5.00e-001  2.36e-004  2.01e-009  6.35e-005  3.26e-006  9.95e-009  9.95e-009  1.33e-005  4.72e-006  9.06e-007  2.36e-006  1.59e-005  1.59e-005  1.07e-006  4.79e-006  1.33e-007  8.78e-009  2.20e-009  
4.69090e+016 4.02e-016  8.68e-007  2.88e-007  5.00e-001  5.00e-001  2.56e-004  2.19e-009  6.94e-005  3.06e-006  1.09e-008  1.09e-008  1.44e-005  5.15e-006  1.03e-006  2.59e-006  1.74e-005  1.74e-005  1.17e-006  5.22e-006  1.45e-007  9.60e-009  2.40e-009  
4.69160e+016 3.76e-016  4.65e-007  1.54e-007  5.00e-001  5.00e-001  2.79e-004  2.36e-009  7.50e-005  2.64e-006  1.20e-008  1.20e-008  1.56e-005  5.58e-006  1.15e-006  2.79e-006  1.88e-005  1.88e-005  1.26e-006  5.64e-006  1.58e-007  1.04e-008  2.59e-009  
4.69279e+016 3.78e-016  3.97e-007  1.32e-007  5.00e-001  5.00e-001  2.86e-004  2.37e-009  7.64e-005  2.24e-006  1.23e-008  1.23e-008  1.58e-005  5.69e-006  1.16e-006  2.83e-006  1.91e-005  1.91e-005  1.29e-006  5.74e-006  1.61e-007  1.06e-008  2.64e-009  
4.69476e+016 3.92e-016  3.93e-007  1.30e-007  5.00e-001  5.00e-001  2.88e-004  2.33e-009  7.62e-005  2.11e-006  1.23e-008  1.23e-008  1.58e-005  5.69e-006  1.13e-006  2.83e-006  1.91e-005  1.91e-005  1.29e-006  5.71e-006  1.61e-007  1.06e-008  2.65e-009  
4.69806e+016 4.18e-016  3.90e-007  1.30e-007  5.00e-001  5.00e-001  2.92e-004  2.26e-009  7.58e-005  2.09e-006  1.22e-008  1.22e-008  1.56e-005  5.67e-006  1.10e-006  2.80e-006  1.89e-005  1.89e-005  1.29e-006  5.67e-006  1.61e-007  1.06e-008  2.65e-009  
4.70337e+016 4.60e-016  3.89e-007  1.29e-007  5.00e-001  5.00e-001  2.96e-004  2.15e-009  7.52e-005  2.09e-006  1.21e-008  1.21e-008  1.54e-005  5.65e-006  1.06e-006  2.78e-006  1.86e-005  1.86e-005  1.28e-006  5.58e-006  1.61e-007  1.06e-008  2.65e-009  
4.70622e+016 4.82e-016  3.79e-007  1.26e-007  5.00e-001  5.00e-001  3.01e-004  2.09e-009  7.49e-005  2.07e-006  1.20e-008  1.20e-008  1.53e-005  5.66e-006  1.05e-006  2.80e-006  1.86e-005  1.86e-005  1.28e-006  5.56e-006  1.62e-007  1.07e-008  2.65e-009  
4.71061e+016 5.10e-016  3.35e-007  1.11e-007  5.00e-001  5.00e-001  3.10e-004  2.06e-009  7.57e-005  2.04e-006  1.22e-008  1.22e-008  1.52e-005  5.74e-006  1.06e-006  2.84e-006  1.87e-005  1.87e-005  1.30e-006  5.61e-006  1.65e-007  1.08e-008  2.70e-009  
4.71746e+016 5.46e-016  2.36e-007  7.82e-008  5.00e-001  5.00e-001  3.31e-004  2.01e-009  7.82e-005  1.92e-006  1.28e-008  1.28e-008  1.53e-005  5.97e-006  1.10e-006  2.98e-006  1.92e-005  1.92e-005  1.35e-006  5.75e-006  1.72e-007  1.13e-008  2.84e-009  
4.72860e+016 5.94e-016  1.02e-007  3.40e-008  5.00e-001  5.00e-001  3.79e-004  1.99e-009  8.60e-005  1.64e-006  1.47e-008  1.47e-008  1.60e-005  6.56e-006  1.22e-006  3.30e-006  2.05e-005  2.05e-005  1.48e-006  6.18e-006  1.90e-007  1.26e-008  3.13e-009  
4.74240e+016 6.48e-016  2.84e-008  9.41e-009  5.00e-001  5.00e-001  4.63e-004  1.99e-009  1.02e-004  1.29e-006  1.88e-008  1.88e-008  1.73e-005  7.57e-006  1.40e-006  3.87e-006  2.31e-005  2.31e-005  1.71e-006  6.96e-006  2.24e-007  1.47e-008  3.67e-009  
4.74305e+016 6.50e-016  2.66e-008  8.81e-009  5.00e-001  5.00e-001  4.67e-004  1.98e-009  1.03e-004  1.27e-006  1.92e-008  1.92e-008  1.74e-005  7.64e-006  1.41e-006  3.91e-006  2.34e-005  2.34e-005  1.74e-006  7.00e-006  2.26e-007  1.48e-008  3.69e-009  
4.74313e+016 6.50e-016  2.61e-008  8.67e-009  5.00e-001  5.00e-001  4.69e-004  1.98e-009  1.03e-004  1.27e-006  1.92e-008  1.92e-008  1.74e-005  7.66e-006  1.41e-006  3.91e-006  2.34e-005  2.34e-005  1.74e-006  7.01e-006  2.26e-007  1.48e-008  3.71e-009  
4.74348e+016 6.42e-016  2.26e-008  7.47e-009  5.00e-001  5.00e-001  4.78e-004  2.02e-009  1.05e-004  1.27e-006  1.93e-008  1.93e-008  1.77e-005  7.80e-006  1.45e-006  3.98e-006  2.38e-005  2.38e-005  1.76e-006  7.13e-006  2.30e-007  1.51e-008  3.77e-009  
4.74406e+016 6.16e-016  1.45e-008  4.82e-009  5.00e-001  5.00e-001  5.05e-004  2.11e-009  1.10e-004  1.24e-006  1.98e-008  1.98e-008  1.87e-005  8.21e-006  1.55e-006  4.20e-006  2.50e-005  2.50e-005  1.87e-006  7.51e-006  2.42e-007  1.59e-008  3.97e-009  
4.74503e+016 5.72e-016  6.57e-009  2.18e-009  5.00e-001  5.00e-001  5.54e-004  2.29e-009  1.21e-004  1.14e-006  2.08e-008  2.08e-008  2.03e-005  9.00e-006  1.76e-006  4.59e-006  2.74e-005  2.74e-005  2.04e-006  8.21e-006  2.66e-007  1.74e-008  4.35e-009  
4.74676e+016 5.28e-016  2.46e-009  8.19e-010  5.00e-001  5.00e-001  6.24e-004  2.52e-009  1.36e-004  9.42e-007  2.27e-008  2.27e-008  2.25e-005  1.01e-005  2.02e-006  5.17e-006  3.07e-005  3.07e-005  2.29e-006  9.20e-006  2.99e-007  1.95e-008  4.88e-009  
4.74972e+016 5.20e-016  1.22e-009  4.05e-010  5.00e-001  5.00e-001  6.84e-004  2.61e-009  1.48e-004  7.65e-007  2.59e-008  2.59e-008  2.42e-005  1.09e-005  2.15e-006  5.61e-006  3.30e-005  3.30e-005  2.48e-006  9.89e-006  3.25e-007  2.13e-008  5.30e-009  
4.75283e+016 5.49e-016  1.04e-009  3.45e-010  5.00e-001  5.00e-001  7.04e-004  2.55e-009  1.52e-004  7.13e-007  2.84e-008  2.84e-008  2.42e-005  1.11e-005  2.06e-006  5.72e-006  3.34e-005  3.34e-005  2.52e-006  1.00e-005  3.32e-007  2.17e-008  5.41e-009  
4.75365e+016 5.59e-016  1.02e-009  3.38e-010  5.00e-001  5.00e-001  7.05e-004  2.52e-009  1.52e-004  7.07e-007  2.90e-008  2.90e-008  2.42e-005  1.11e-005  2.02e-006  5.73e-006  3.33e-005  3.33e-005  2.52e-006  9.99e-006  3.31e-007  2.17e-008  5.41e-009  
4.75556e+016 5.81e-016  9.99e-010  3.31e-010  5.00e-001  5.00e-001  7.13e-004  2.46e-009  1.53e-004  7.03e-007  3.01e-008  3.01e-008  2.39e-005  1.11e-005  1.96e-006  5.75e-006  3.32e-005  3.32e-005  2.53e-006  9.99e-006  3.32e-007  2.17e-008  5.44e-009  
4.75856e+016 6.19e-016  9.72e-010  3.23e-010  4.99e-001  4.99e-001  7.23e-004  2.38e-009  1.54e-004  6.98e-007  3.15e-008  3.15e-008  2.36e-005  1.12e-005  1.86e-006  5.77e-006  3.31e-005  3.31e-005  2.52e-006  9.93e-006  3.35e-007  2.18e-008  5.45e-009  
4.76342e+016 6.75e-016  8.27e-010  2.74e-010  4.99e-001  4.99e-001  7.47e-004  2.27e-009  1.57e-004  6.85e-007  3.31e-008  3.31e-008  2.36e-005  1.13e-005  1.76e-006  5.87e-006  3.32e-005  3.32e-005  2.56e-006  9.97e-006  3.39e-007  2.22e-008  5.54e-009  
4.77120e+016 7.49e-016  5.01e-010  1.67e-010  4.99e-001  4.99e-001  8.11e-004  2.22e-009  1.67e-004  6.37e-007  3.57e-008  3.57e-008  2.43e-005  1.19e-005  1.71e-006  6.22e-006  3.45e-005  3.45e-005  2.70e-006  1.03e-005  3.61e-007  2.35e-008  5.88e-009  
4.78339e+016 8.41e-016  1.52e-010  5.05e-011  4.99e-001  4.99e-001  9.67e-004  2.25e-009  1.94e-004  5.36e-007  4.14e-008  4.14e-008  2.70e-005  1.36e-005  1.72e-006  7.15e-006  3.83e-005  3.83e-005  3.06e-006  1.15e-005  4.13e-007  2.70e-008  6.74e-009  
4.79819e+016 9.34e-016  2.34e-011  7.76e-012  4.99e-001  4.99e-001  1.25e-003  2.38e-009  2.41e-004  4.25e-007  5.28e-008  5.28e-008  3.19e-005  1.65e-005  1.75e-006  8.84e-006  4.55e-005  4.55e-005  3.73e-006  1.37e-005  5.11e-007  3.33e-008  8.32e-009  
4.80101e+016 9.50e-016  1.57e-011  5.20e-012  4.99e-001  4.99e-001  1.32e-003  2.41e-009  2.52e-004  4.08e-007  5.57e-008  5.57e-008  3.31e-005  1.72e-005  1.74e-006  9.25e-006  4.73e-005  4.73e-005  3.89e-006  1.42e-005  5.35e-007  3.49e-008  8.71e-009  
4.80156e+016 9.52e-016  1.44e-011  4.77e-012  4.99e-001  4.99e-001  1.33e-003  2.43e-009  2.54e-004  4.05e-007  5.62e-008  5.62e-008  3.33e-005  1.73e-005  1.73e-006  9.33e-006  4.76e-005  4.76e-005  3.93e-006  1.43e-005  5.40e-007  3.52e-008  8.79e-009  
4.80288e+016 9.56e-016  1.13e-011  3.76e-012  4.99e-001  4.99e-001  1.37e-003  2.45e-009  2.62e-004  3.97e-007  5.77e-008  5.77e-008  3.40e-005  1.78e-005  1.75e-006  9.56e-006  4.87e-005  4.87e-005  4.02e-006  1.46e-005  5.53e-007  3.60e-008  9.01e-009  
4.80511e+016 9.56e-016  7.23e-012  2.41e-012  4.99e-001  4.99e-001  1.45e-003  2.51e-009  2.75e-004  3.83e-007  6.04e-008  6.04e-008  3.56e-005  1.86e-005  1.76e-006  1.01e-005  5.08e-005  5.08e-005  4.22e-006  1.53e-005  5.82e-007  3.79e-008  9.46e-009  
4.80875e+016 9.52e-016  3.37e-012  1.11e-012  4.99e-001  4.99e-001  1.60e-003  2.64e-009  2.99e-004  3.62e-007  6.57e-008  6.57e-008  3.82e-005  2.02e-005  1.79e-006  1.09e-005  5.48e-005  5.48e-005  4.58e-006  1.65e-005  6.34e-007  4.12e-008  1.03e-008  
4.81463e+016 9.62e-016  1.07e-012  3.55e-013  4.99e-001  4.99e-001  1.84e-003  2.80e-009  3.40e-004  3.38e-007  7.52e-008  7.52e-008  4.25e-005  2.28e-005  1.77e-006  1.24e-005  6.10e-005  6.10e-005  5.14e-006  1.83e-005  7.18e-007  4.66e-008  1.16e-008  
4.82445e+016 1.01e-015  2.08e-013  6.93e-014  4.99e-001  4.99e-001  2.25e-003  3.02e-009  4.07e-004  3.27e-007  9.35e-008  9.35e-008  4.92e-005  2.69e-005  1.66e-006  1.47e-005  7.09e-005  7.09e-005  6.08e-006  2.13e-005  8.58e-007  5.55e-008  1.39e-008  
4.83636e+016 1.09e-015  3.05e-014  1.02e-014  4.98e-001  4.98e-001  2.86e-003  3.35e-009  5.01e-004  3.43e-007  1.19e-007  1.19e-007  5.82e-005  3.26e-005  1.45e-006  1.81e-005  8.43e-005  8.43e-005  7.39e-006  2.53e-005  1.06e-006  6.81e-008  1.70e-008  
4.84912e+016 1.15e-015  2.90e-015  9.64e-016  4.98e-001  4.98e-001  3.79e-003  3.95e-009  6.42e-004  3.99e-007  1.53e-007  1.53e-007  7.15e-005  4.12e-005  1.26e-006  2.31e-005  1.04e-004  1.04e-004  9.29e-006  3.13e-005  1.35e-006  8.68e-008  2.17e-008  
4.86294e+016 1.19e-015  1.56e-016  5.19e-017  4.97e-001  4.97e-001  5.33e-003  5.11e-009  8.68e-004  5.29e-007  1.98e-007  1.98e-007  9.19e-005  5.49e-005  1.12e-006  3.13e-005  1.36e-004  1.36e-004  1.24e-005  4.07e-005  1.83e-006  1.17e-007  2.93e-008  
4.87591e+016 1.19e-015  7.03e-018  2.33e-018  4.95e-001  4.95e-001  7.54e-003  7.08e-009  1.19e-003  7.53e-007  2.51e-007  2.51e-007  1.21e-004  7.40e-005  1.10e-006  4.26e-005  1.79e-004  1.79e-004  1.68e-005  5.37e-005  2.50e-006  1.60e-007  3.99e-008  
4.88968e+016 1.16e-015  1.80e-019  5.97e-020  4.93e-001  4.93e-001  1.12e-002  1.09e-008  1.68e-003  1.18e-006  3.17e-007  3.17e-007  1.66e-004  1.04e-004  1.30e-006  6.09e-005  2.47e-004  2.47e-004  2.37e-005  7.42e-005  3.59e-006  2.37e-007  5.92e-008  
4.90444e+016 1.08e-015  2.04e-021  6.78e-022  4.89e-001  4.89e-001  1.79e-002  1.93e-008  2.56e-003  2.08e-006  3.98e-007  3.98e-007  2.42e-004  1.58e-004  1.89e-006  9.28e-005  3.66e-004  3.66e-004  3.58e-005  1.10e-004  5.53e-006  4.12e-007  1.03e-007  
4.91980e+016 9.53e-016  1.02e-023  3.38e-024  4.82e-001  4.82e-001  3.03e-002  3.94e-008  4.12e-003  4.02e-006  4.90e-007  4.90e-007  3.77e-004  2.54e-004  3.29e-006  1.52e-004  5.74e-004  5.74e-004  5.75e-005  1.72e-004  9.07e-006  7.77e-007  1.94e-007  
4.93317e+016 8.17e-016  5.23e-026  1.74e-026  4.70e-001  4.70e-001  5.02e-002  7.94e-008  6.50e-003  7.56e-006  5.68e-007  5.68e-007  5.76e-004  4.00e-004  5.80e-006  2.41e-004  8.87e-004  8.87e-004  9.07e-005  2.66e-004  1.46e-005  1.42e-006  3.54e-007  
4.94239e+016 7.16e-016  9.16e-028  3.05e-028  4.57e-001  4.57e-001  7.25e-002  1.34e-007  9.09e-003  1.20e-005  6.16e-007  6.16e-007  7.91e-004  5.60e-004  8.90e-006  3.39e-004  1.23e-003  1.23e-003  1.27e-004  3.67e-004  2.05e-005  2.21e-006  5.52e-007  
4.95192e+016 6.14e-016  9.40e-030  3.13e-030  4.36e-001  4.36e-001  1.07e-001  2.34e-007  1.30e-002  1.97e-005  6.51e-007  6.51e-007  1.11e-003  8.04e-004  1.41e-005  4.90e-004  1.73e-003  1.73e-003  1.82e-004  5.19e-004  3.00e-005  3.55e-006  8.87e-007  
4.96202e+016 5.19e-016  4.87e-032  1.62e-032  4.04e-001  4.04e-001  1.62e-001  4.29e-007  1.90e-002  3.33e-005  6.64e-007  6.64e-007  1.59e-003  1.18e-003  2.31e-005  7.22e-004  2.50e-003  2.50e-003  2.68e-004  7.51e-004  4.45e-005  5.91e-006  1.47e-006  
4.97297e+016 4.37e-016  9.39e-035  3.11e-035  3.53e-001  3.53e-001  2.52e-001  8.15e-007  2.82e-002  5.75e-005  6.37e-007  6.37e-007  2.31e-003  1.76e-003  3.92e-005  1.08e-003  3.66e-003  3.66e-003  3.98e-004  1.10e-003  6.71e-005  1.01e-005  2.54e-006  
4.98461e+016 3.74e-016  5.23e-038  1.73e-038  2.78e-001  2.78e-001  3.82e-001  1.55e-006  4.14e-002  9.75e-005  5.42e-007  5.42e-007  3.31e-003  2.58e-003  6.62e-005  1.60e-003  5.31e-003  5.31e-003  5.85e-004  1.59e-003  1.00e-004  1.75e-005  4.38e-006  
4.99670e+016 3.45e-016  8.70e-042  2.89e-042  1.86e-001  1.86e-001  5.42e-001  2.76e-006  5.63e-002  1.53e-004  3.92e-007  3.92e-007  4.44e-003  3.54e-003  9.63e-005  2.19e-003  7.14e-003  7.14e-003  7.98e-004  2.14e-003  1.39e-004  2.84e-005  7.11e-006  
5.00936e+016 3.52e-016  2.65e-046  8.80e-047  1.00e-001  1.00e-001  6.95e-001  4.45e-006  6.89e-002  2.12e-004  2.23e-007  2.23e-007  5.33e-003  4.34e-003  1.19e-004  2.70e-003  8.65e-003  8.65e-003  9.85e-004  2.60e-003  1.75e-004  4.23e-005  1.06e-005  
5.02240e+016 3.98e-016  1.36e-051  4.52e-052  4.32e-002  4.32e-002  7.99e-001  6.51e-006  7.59e-002  2.64e-004  9.95e-008  9.95e-008  5.75e-003  4.83e-003  1.34e-004  2.99e-003  9.47e-003  9.47e-003  1.09e-003  2.84e-003  1.98e-004  5.73e-005  1.43e-005  
5.03584e+016 4.81e-016  1.08e-057  3.58e-058  1.51e-002  1.51e-002  8.53e-001  8.76e-006  7.76e-002  3.33e-004  3.56e-008  3.56e-008  5.76e-003  4.97e-003  1.40e-004  3.04e-003  9.59e-003  9.59e-003  1.13e-003  2.87e-003  2.08e-004  7.32e-005  1.83e-005  
5.05026e+016 6.00e-016  3.07e-065  1.02e-065  4.05e-003  4.05e-003  8.77e-001  1.15e-005  7.64e-002  4.02e-004  9.37e-009  9.37e-009  5.55e-003  4.95e-003  1.42e-004  2.97e-003  9.37e-003  9.37e-003  1.12e-003  2.82e-003  2.12e-004  9.20e-005  2.30e-005  
5.05959e+016 6.95e-016  2.98e-070  9.88e-071  1.67e-003  1.67e-003  8.84e-001  1.37e-005  7.52e-002  4.41e-004  3.80e-009  3.80e-009  5.37e-003  4.87e-003  1.41e-004  2.87e-003  9.11e-003  9.11e-003  1.10e-003  2.74e-003  2.10e-004  1.05e-004  2.62e-005  
5.06957e+016 8.08e-016  7.26e-076  2.41e-076  6.25e-004  6.25e-004  8.89e-001  1.65e-005  7.38e-002  4.81e-004  1.37e-009  1.37e-009  5.17e-003  4.76e-003  1.40e-004  2.76e-003  8.82e-003  8.82e-003  1.08e-003  2.65e-003  2.08e-004  1.21e-004  3.02e-005  
5.07988e+016 9.42e-016  0.00e+000  0.00e+000  2.17e-004  2.17e-004  8.92e-001  1.95e-005  7.21e-002  5.23e-004  4.57e-010  4.57e-010  4.97e-003  4.65e-003  1.39e-004  2.62e-003  8.52e-003  8.52e-003  1.05e-003  2.56e-003  2.06e-004  1.39e-004  3.48e-005  
5.09058e+016 1.10e-015  0.00e+000  0.00e+000  7.39e-005  7.39e-005  8.95e-001  2.34e-005  7.05e-002  5.63e-004  1.48e-010  1.48e-010  4.78e-003  4.54e-003  1.39e-004  2.47e-003  8.22e-003  8.22e-003  1.03e-003  2.46e-003  2.04e-004  1.60e-004  4.02e-005  
5.10237e+016 1.29e-015  0.00e+000  0.00e+000  2.14e-005  2.14e-005  8.98e-001  2.81e-005  6.86e-002  6.06e-004  3.96e-011  3.96e-011  4.58e-003  4.41e-003  1.37e-004  2.29e-003  7.90e-003  7.90e-003  9.99e-004  2.36e-003  2.01e-004  1.87e-004  4.67e-005  
5.11496e+016 1.52e-015  0.00e+000  0.00e+000  5.61e-006  5.61e-006  9.01e-001  3.41e-005  6.71e-002  6.52e-004  9.47e-012  9.47e-012  4.39e-003  4.30e-003  1.36e-004  2.09e-003  7.56e-003  7.56e-003  9.73e-004  2.27e-003  1.99e-004  2.18e-004  5.46e-005  
5.12843e+016 1.80e-015  0.00e+000  0.00e+000  1.35e-006  1.35e-006  9.04e-001  4.14e-005  6.54e-002  6.99e-004  2.05e-012  2.05e-012  4.19e-003  4.16e-003  1.34e-004  1.86e-003  7.21e-003  7.21e-003  9.43e-004  2.17e-003  1.96e-004  2.53e-004  6.32e-005  
5.14296e+016 2.15e-015  0.00e+000  0.00e+000  2.72e-007  2.72e-007  9.07e-001  5.07e-005  6.37e-002  7.49e-004  3.63e-013  3.63e-013  4.02e-003  4.04e-003  1.33e-004  1.61e-003  6.93e-003  6.93e-003  9.16e-004  2.07e-003  1.95e-004  2.93e-004  7.35e-005  
5.15425e+016 2.47e-015  0.00e+000  0.00e+000  8.29e-008  8.29e-008  9.09e-001  5.94e-005  6.22e-002  7.84e-004  9.94e-014  9.94e-014  3.88e-003  3.94e-003  1.33e-004  1.42e-003  6.67e-003  6.67e-003  8.93e-004  2.00e-003  1.93e-004  3.21e-004  8.04e-005  
5.16792e+016 2.94e-015  0.00e+000  0.00e+000  1.99e-008  1.99e-008  9.12e-001  7.08e-005  6.06e-002  8.27e-004  2.10e-014  2.10e-014  3.74e-003  3.85e-003  1.31e-004  1.20e-003  6.40e-003  6.40e-003  8.68e-004  1.92e-003  1.91e-004  3.51e-004  8.78e-005  
5.18319e+016 3.57e-015  0.00e+000  0.00e+000  3.80e-009  3.80e-009  9.15e-001  8.59e-005  5.90e-002  8.73e-004  3.41e-015  3.41e-015  3.58e-003  3.72e-003  1.31e-004  9.96e-004  6.10e-003  6.10e-003  8.39e-004  1.83e-003  1.88e-004  3.78e-004  9.40e-005  
5.19950e+016 4.42e-015  0.00e+000  0.00e+000  5.31e-010  5.31e-010  9.18e-001  1.04e-004  5.72e-002  9.20e-004  3.89e-016  3.89e-016  3.39e-003  3.59e-003  1.31e-004  8.16e-004  5.81e-003  5.81e-003  8.12e-004  1.74e-003  1.86e-004  3.93e-004  9.86e-005  
5.21655e+016 5.53e-015  0.00e+000  0.00e+000  8.07e-011  8.07e-011  9.20e-001  1.27e-004  5.55e-002  9.69e-004  4.77e-017  4.77e-017  3.22e-003  3.47e-003  1.31e-004  6.80e-004  5.52e-003  5.52e-003  7.87e-004  1.66e-003  1.84e-004  4.01e-004  1.01e-004  
5.23457e+016 7.00e-015  0.00e+000  0.00e+000  1.04e-011  1.04e-011  9.23e-001  1.53e-004  5.37e-002  1.02e-003  4.89e-018  4.89e-018  3.04e-003  3.36e-003  1.32e-004  5.83e-004  5.25e-003  5.25e-003  7.60e-004  1.57e-003  1.82e-004  4.02e-004  1.00e-004  
5.25384e+016 8.98e-015  0.00e+000  0.00e+000  1.46e-012  1.46e-012  9.26e-001  1.86e-004  5.20e-002  1.07e-003  5.45e-019  5.45e-019  2.86e-003  3.24e-003  1.34e-004  5.17e-004  4.97e-003  4.97e-003  7.33e-004  1.49e-003  1.79e-004  3.93e-004  9.84e-005  
5.27451e+016 1.16e-014  0.00e+000  0.00e+000  1.63e-013  1.63e-013  9.29e-001  2.27e-004  5.02e-002  1.12e-003  4.63e-020  4.63e-020  2.68e-003  3.13e-003  1.35e-004  4.75e-004  4.71e-003  4.71e-003  7.08e-004  1.41e-003  1.77e-004  3.82e-004  9.54e-005  
5.29668e+016 1.52e-014  0.00e+000  0.00e+000  2.10e-014  2.10e-014  9.31e-001  2.76e-004  4.84e-002  1.17e-003  4.63e-021  4.63e-021  2.50e-003  3.02e-003  1.36e-004  4.49e-004  4.45e-003  4.45e-003  6.82e-004  1.34e-003  1.76e-004  3.66e-004  9.18e-005  
5.31993e+016 2.00e-014  0.00e+000  0.00e+000  2.08e-015  2.08e-015  9.34e-001  3.34e-004  4.66e-002  1.22e-003  3.40e-022  3.40e-022  2.33e-003  2.91e-003  1.39e-004  4.31e-004  4.20e-003  4.20e-003  6.59e-004  1.26e-003  1.74e-004  3.50e-004  8.74e-005  
5.34440e+016 2.63e-014  0.00e+000  0.00e+000  2.80e-016  2.80e-016  9.36e-001  4.03e-004  4.49e-002  1.27e-003  3.52e-023  3.52e-023  2.17e-003  2.81e-003  1.40e-004  4.19e-004  3.96e-003  3.96e-003  6.36e-004  1.19e-003  1.74e-004  3.34e-004  8.34e-005  
5.36995e+016 3.44e-014  0.00e+000  0.00e+000  2.69e-017  2.69e-017  9.39e-001  4.85e-004  4.33e-002  1.31e-003  2.46e-024  2.46e-024  2.02e-003  2.72e-003  1.43e-004  4.10e-004  3.75e-003  3.75e-003  6.16e-004  1.13e-003  1.73e-004  3.17e-004  7.96e-005  
5.39765e+016 4.53e-014  0.00e+000  0.00e+000  3.60e-018  3.60e-018  9.41e-001  5.83e-004  4.19e-002  1.36e-003  2.49e-025  2.49e-025  1.88e-003  2.63e-003  1.44e-004  4.04e-004  3.55e-003  3.55e-003  5.96e-004  1.06e-003  1.73e-004  3.02e-004  7.57e-005  
5.42627e+016 5.90e-014  0.00e+000  0.00e+000  3.95e-019  3.95e-019  9.42e-001  6.97e-004  4.05e-002  1.40e-003  2.00e-026  2.00e-026  1.76e-003  2.56e-003  1.47e-004  3.98e-004  3.36e-003  3.36e-003  5.80e-004  1.01e-003  1.73e-004  2.90e-004  7.24e-005  
5.45738e+016 7.70e-014  0.00e+000  0.00e+000  3.70e-020  3.70e-020  9.44e-001  8.35e-004  3.92e-002  1.44e-003  1.34e-027  1.34e-027  1.64e-003  2.49e-003  1.51e-004  3.95e-004  3.18e-003  3.18e-003  5.66e-004  9.56e-004  1.74e-004  2.77e-004  6.92e-005  
5.49079e+016 1.00e-013  0.00e+000  0.00e+000  4.35e-021  4.35e-021  9.46e-001  1.01e-003  3.81e-002  1.48e-003  1.15e-028  1.15e-028  1.54e-003  2.44e-003  1.55e-004  3.93e-004  3.02e-003  3.02e-003  5.54e-004  9.08e-004  1.77e-004  2.65e-004  6.64e-005  
5.52575e+016 1.29e-013  0.00e+000  0.00e+000  4.45e-022  4.45e-022  9.47e-001  1.20e-003  3.72e-002  1.51e-003  8.38e-030  8.38e-030  1.44e-003  2.41e-003  1.59e-004  3.93e-004  2.89e-003  2.89e-003  5.46e-004  8.69e-004  1.75e-004  2.56e-004  6.40e-005  
5.56155e+016 1.63e-013  0.00e+000  0.00e+000  3.80e-023  3.80e-023  9.47e-001  1.43e-003  3.66e-002  1.53e-003  4.92e-031  4.92e-031  1.37e-003  2.39e-003  1.67e-004  3.96e-004  2.77e-003  2.77e-003  5.41e-004  8.31e-004  1.72e-004  2.49e-004  6.21e-005  
5.59918e+016 2.04e-013  0.00e+000  0.00e+000  4.84e-024  4.84e-024  9.48e-001  1.70e-003  3.60e-002  1.53e-003  4.57e-032  4.57e-032  1.31e-003  2.37e-003  1.72e-004  3.99e-004  2.66e-003  2.66e-003  5.35e-004  7.96e-004  1.69e-004  2.41e-004  6.04e-005  
5.63913e+016 2.51e-013  0.00e+000  0.00e+000  5.58e-025  5.58e-025  9.48e-001  2.03e-003  3.57e-002  1.53e-003  3.76e-033  3.76e-033  1.26e-003  2.39e-003  1.81e-004  4.06e-004  2.58e-003  2.58e-003  5.42e-004  7.73e-004  1.68e-004  2.37e-004  5.94e-005  
5.68226e+016 3.08e-013  0.00e+000  0.00e+000  5.19e-026  5.19e-026  9.48e-001  2.42e-003  3.57e-002  1.52e-003  2.43e-034  2.43e-034  1.22e-003  2.41e-003  1.92e-004  4.19e-004  2.50e-003  2.50e-003  5.45e-004  7.50e-004  1.67e-004  2.32e-004  5.81e-005  
5.72780e+016 3.70e-013  0.00e+000  0.00e+000  3.72e-027  3.72e-027  9.47e-001  2.92e-003  3.59e-002  1.50e-003  1.16e-035  1.16e-035  1.20e-003  2.47e-003  2.07e-004  4.37e-004  2.45e-003  2.45e-003  5.59e-004  7.37e-004  1.69e-004  2.31e-004  5.78e-005  
5.77650e+016 4.39e-013  0.00e+000  0.00e+000  4.22e-028  4.22e-028  9.46e-001  3.51e-003  3.65e-002  1.46e-003  9.37e-037  9.37e-037  1.19e-003  2.55e-003  2.24e-004  4.61e-004  2.42e-003  2.42e-003  5.79e-004  7.27e-004  1.72e-004  2.33e-004  5.79e-005  
5.82707e+016 5.09e-013  0.00e+000  0.00e+000  4.48e-029  4.48e-029  9.44e-001  4.24e-003  3.73e-002  1.42e-003  7.03e-038  7.03e-038  1.19e-003  2.67e-003  2.45e-004  4.91e-004  2.41e-003  2.41e-003  6.07e-004  7.24e-004  1.77e-004  2.34e-004  5.87e-005  
5.88124e+016 5.83e-013  0.00e+000  0.00e+000  3.79e-030  3.79e-030  9.42e-001  5.15e-003  3.86e-002  1.36e-003  4.07e-039  4.07e-039  1.20e-003  2.83e-003  2.73e-004  5.28e-004  2.42e-003  2.42e-003  6.40e-004  7.27e-004  1.84e-004  2.38e-004  5.97e-005  
5.93801e+016 6.52e-013  0.00e+000  0.00e+000  2.55e-031  2.55e-031  9.38e-001  6.26e-003  4.03e-002  1.30e-003  1.81e-040  1.81e-040  1.23e-003  3.04e-003  3.08e-004  5.74e-004  2.47e-003  2.47e-003  6.85e-004  7.39e-004  1.95e-004  2.45e-004  6.13e-005  
5.99878e+016 7.17e-013  0.00e+000  0.00e+000  2.65e-032  2.65e-032  9.34e-001  7.68e-003  4.27e-002  1.24e-003  1.35e-041  1.35e-041  1.28e-003  3.29e-003  3.51e-004  6.22e-004  2.52e-003  2.52e-003  7.44e-004  7.57e-004  2.06e-004  2.55e-004  6.38e-005  
6.06254e+016 7.74e-013  0.00e+000  0.00e+000  2.29e-033  2.29e-033  9.29e-001  9.43e-003  4.55e-002  1.19e-003  8.18e-043  8.18e-043  1.34e-003  3.60e-003  4.06e-004  6.82e-004  2.61e-003  2.61e-003  8.15e-004  7.83e-004  2.21e-004  2.67e-004  6.68e-005  
6.12860e+016 8.20e-013  0.00e+000  0.00e+000  1.99e-034  1.99e-034  9.22e-001  1.16e-002  4.89e-002  1.14e-003  5.00e-044  5.00e-044  1.43e-003  3.98e-003  4.73e-004  7.52e-004  2.72e-003  2.72e-003  9.00e-004  8.15e-004  2.39e-004  2.82e-004  7.04e-005  
6.19772e+016 8.55e-013  0.00e+000  0.00e+000  1.66e-035  1.66e-035  9.14e-001  1.41e-002  5.27e-002  1.10e-003  2.97e-045  2.97e-045  1.53e-003  4.42e-003  5.58e-004  8.35e-004  2.84e-003  2.84e-003  1.00e-003  8.53e-004  2.61e-004  2.98e-004  7.45e-005  
6.27006e+016 8.79e-013  0.00e+000  0.00e+000  1.33e-036  1.33e-036  9.05e-001  1.74e-002  5.73e-002  1.07e-003  1.68e-046  1.68e-046  1.65e-003  4.95e-003  6.65e-004  9.33e-004  3.00e-003  3.00e-003  1.12e-003  9.00e-004  2.84e-004  3.17e-004  7.93e-005  
6.34752e+016 8.91e-013  0.00e+000  0.00e+000  9.57e-038  9.57e-038  8.93e-001  2.14e-002  6.27e-002  1.06e-003  8.49e-048  8.49e-048  1.81e-003  5.58e-003  8.05e-004  1.05e-003  3.19e-003  3.19e-003  1.26e-003  9.56e-004  3.13e-004  3.39e-004  8.48e-005  
6.43223e+016 8.93e-013  0.00e+000  0.00e+000  5.69e-039  5.69e-039  8.79e-001  2.64e-002  6.92e-002  1.06e-003  3.48e-049  3.48e-049  1.99e-003  6.34e-003  9.90e-004  1.20e-003  3.41e-003  3.41e-003  1.43e-003  1.02e-003  3.46e-004  3.65e-004  9.13e-005  
6.52408e+016 8.85e-013  0.00e+000  0.00e+000  2.88e-040  2.88e-040  8.62e-001  3.29e-002  7.67e-002  1.08e-003  1.20e-050  1.20e-050  2.23e-003  7.24e-003  1.23e-003  1.37e-003  3.65e-003  3.65e-003  1.64e-003  1.10e-003  3.85e-004  3.94e-004  9.87e-005  
6.62440e+016 8.68e-013  0.00e+000  0.00e+000  1.19e-041  1.19e-041  8.42e-001  4.09e-002  8.55e-002  1.12e-003  3.32e-052  3.32e-052  2.50e-003  8.32e-003  1.57e-003  1.57e-003  3.94e-003  3.94e-003  1.88e-003  1.19e-003  4.31e-004  4.27e-004  1.07e-004  
6.73219e+016 8.46e-013  0.00e+000  0.00e+000  4.21e-043  4.21e-043  8.18e-001  5.06e-002  9.51e-002  1.18e-003  7.76e-054  7.76e-054  2.81e-003  9.54e-003  1.99e-003  1.80e-003  4.25e-003  4.25e-003  2.16e-003  1.28e-003  4.80e-004  4.64e-004  1.16e-004  
6.84641e+016 8.18e-013  0.00e+000  0.00e+000  1.35e-044  1.35e-044  7.91e-001  6.21e-002  1.06e-001  1.26e-003  1.63e-055  1.63e-055  3.18e-003  1.09e-002  2.53e-003  2.05e-003  4.56e-003  4.56e-003  2.47e-003  1.37e-003  5.36e-004  5.03e-004  1.26e-004  
6.96945e+016 7.88e-013  0.00e+000  0.00e+000  3.50e-046  3.50e-046  7.61e-001  7.57e-002  1.17e-001  1.36e-003  2.76e-057  2.76e-057  3.59e-003  1.24e-002  3.24e-003  2.34e-003  4.90e-003  4.90e-003  2.82e-003  1.47e-003  5.94e-004  5.45e-004  1.36e-004  
7.10391e+016 7.56e-013  0.00e+000  0.00e+000  8.74e-048  8.74e-048  7.26e-001  9.15e-002  1.29e-001  1.48e-003  4.52e-059  4.52e-059  4.06e-003  1.41e-002  4.11e-003  2.64e-003  5.22e-003  5.22e-003  3.20e-003  1.57e-003  6.57e-004  5.88e-004  1.47e-004  
7.25155e+016 7.25e-013  0.00e+000  0.00e+000  1.39e-049  1.39e-049  6.88e-001  1.09e-001  1.42e-001  1.61e-003  4.51e-061  4.51e-061  4.58e-003  1.59e-002  5.24e-003  2.96e-003  5.53e-003  5.53e-003  3.60e-003  1.65e-003  7.21e-004  6.33e-004  1.59e-004  
7.42223e+016 6.95e-013  0.00e+000  0.00e+000  1.38e-051  1.38e-051  6.46e-001  1.30e-001  1.54e-001  1.79e-003  2.68e-063  2.68e-063  5.15e-003  1.79e-002  6.68e-003  3.31e-003  5.80e-003  5.80e-003  4.03e-003  1.74e-003  7.90e-004  6.81e-004  1.70e-004  
7.63108e+016 6.62e-013  0.00e+000  0.00e+000  4.85e-054  4.85e-054  5.98e-001  1.54e-001  1.68e-001  1.99e-003  5.06e-066  5.06e-066  5.80e-003  1.99e-002  8.59e-003  3.67e-003  6.04e-003  6.04e-003  4.51e-003  1.81e-003  8.64e-004  7.32e-004  1.83e-004  
7.86896e+016 6.31e-013  0.00e+000  0.00e+000  1.07e-056  1.07e-056  5.50e-001  1.78e-001  1.81e-001  2.22e-003  5.82e-069  5.82e-069  6.47e-003  2.20e-002  1.09e-002  3.99e-003  6.17e-003  6.17e-003  4.99e-003  1.85e-003  9.34e-004  7.83e-004  1.95e-004  
8.18150e+016 5.94e-013  0.00e+000  0.00e+000  4.48e-060  4.48e-060  5.00e-001  2.02e-001  1.94e-001  2.47e-003  1.07e-072  1.07e-072  7.22e-003  2.44e-002  1.38e-002  4.31e-003  6.16e-003  6.16e-003  5.52e-003  1.85e-003  1.01e-003  8.38e-004  2.09e-004  
8.55776e+016 5.49e-013  0.00e+000  0.00e+000  6.67e-064  6.67e-064  4.52e-001  2.26e-001  2.06e-001  2.71e-003  6.49e-077  6.49e-077  8.00e-003  2.68e-002  1.72e-002  4.54e-003  6.03e-003  6.03e-003  6.07e-003  1.81e-003  1.09e-003  9.02e-004  2.26e-004  
9.00548e+016 4.93e-013  0.00e+000  0.00e+000  3.61e-068  3.61e-068  4.08e-001  2.46e-001  2.19e-001  2.96e-003  1.31e-081  1.31e-081  8.85e-003  2.94e-002  2.11e-002  4.71e-003  5.76e-003  5.76e-003  6.64e-003  1.73e-003  1.18e-003  9.76e-004  2.44e-004  
9.53916e+016 4.23e-013  0.00e+000  0.00e+000  7.64e-073  7.64e-073  3.67e-001  2.63e-001  2.34e-001  3.22e-003  0.00e+000  0.00e+000  9.84e-003  3.22e-002  2.58e-002  4.80e-003  5.42e-003  5.42e-003  7.31e-003  1.62e-003  1.29e-003  1.08e-003  2.70e-004  
1.01535e+017 3.45e-013  0.00e+000  0.00e+000  1.13e-077  1.13e-077  3.28e-001  2.72e-001  2.53e-001  3.45e-003  0.00e+000  0.00e+000  1.10e-002  3.57e-002  3.16e-002  4.82e-003  4.99e-003  4.99e-003  8.06e-003  1.50e-003  1.42e-003  1.21e-003  3.02e-004  
1.09249e+017 2.55e-013  0.00e+000  0.00e+000  6.42e-083  6.42e-083  2.85e-001  2.74e-001  2.81e-001  3.77e-003  0.00e+000  0.00e+000  1.27e-002  4.03e-002  3.90e-002  4.74e-003  4.50e-003  4.50e-003  9.08e-003  1.35e-003  1.62e-003  1.43e-003  3.58e-004  
1.19176e+017 1.64e-013  0.00e+000  0.00e+000  0.00e+000  0.00e+000  2.39e-001  2.57e-001  3.29e-001  4.26e-003  0.00e+000  0.00e+000  1.51e-002  4.65e-002  4.84e-002  4.40e-003  3.90e-003  3.90e-003  1.05e-002  1.17e-003  1.92e-003  1.83e-003  4.57e-004  
1.32448e+017 8.44e-014  0.00e+000  0.00e+000  0.00e+000  0.00e+000  1.88e-001  1.93e-001  4.20e-001  5.22e-003  0.00e+000  0.00e+000  1.94e-002  5.60e-002  5.61e-002  3.53e-003  3.16e-003  3.16e-003  1.27e-002  9.49e-004  2.45e-003  2.69e-003  6.73e-004  
