! 0       H2 + C+ -> H + CH+
! 1       H2O + C+ -> H + HOC+
! 2       H2O + C+ -> H + HCO+
! 3       NH3 + C+ -> H + H2NC+
! 4       H2CO + C+ -> CO + CH2+
! 5       CH4 + C+ -> H + C2H3+
! 6       NH3 + C+ -> C + NH3+
! 7       H2CO + C+ -> CH + HCO+
! 8       H2CO + C+ -> C + H2CO+
! 9       O2 + C+ -> CO + O+
! 10      O2 + C+ -> O + CO+
! 11      H2 + C+ -> CH2+
! 12      OH + C+ -> H + CO+
! 13      NO + C+ -> C + NO+
!            tot_rate   0          1          2          3          4          5          6          7          8          9          10         11         12         13         
1.58188e+013 3.36e-014  0.00e+000  9.74e-002  4.20e-002  1.68e-002  2.42e-002  1.04e-002  7.03e-003  8.04e-003  8.04e-003  2.52e-001  1.90e-001  1.01e-001  9.80e-002  6.02e-002  
3.50727e+014 3.36e-014  0.00e+000  9.74e-002  4.20e-002  1.68e-002  2.42e-002  1.04e-002  7.03e-003  8.04e-003  8.04e-003  2.52e-001  1.90e-001  1.01e-001  9.80e-002  6.02e-002  
5.21628e+015 3.36e-014  0.00e+000  9.72e-002  4.20e-002  1.68e-002  2.41e-002  1.04e-002  7.03e-003  8.05e-003  8.05e-003  2.52e-001  1.90e-001  1.01e-001  9.80e-002  6.02e-002  
2.67137e+016 2.83e-014  0.00e+000  6.26e-002  2.69e-002  2.02e-002  1.46e-002  1.28e-002  8.42e-003  4.88e-003  4.88e-003  3.11e-001  2.34e-001  1.36e-001  6.33e-002  2.71e-002  
3.33598e+016 2.22e-014  4.55e-008  2.25e-002  9.69e-003  2.75e-002  5.18e-003  1.76e-002  1.15e-002  1.73e-003  1.73e-003  4.27e-001  3.22e-001  3.03e-002  2.27e-002  2.59e-002  
3.42055e+016 2.20e-014  5.68e-003  1.69e-002  7.27e-003  2.83e-002  3.90e-003  1.81e-002  1.18e-002  1.30e-003  1.30e-003  4.39e-001  3.31e-001  1.67e-002  1.71e-002  2.59e-002  
3.44017e+016 2.29e-014  4.35e-002  1.51e-002  6.51e-003  2.73e-002  3.48e-003  1.75e-002  1.14e-002  1.16e-003  1.16e-003  4.24e-001  3.20e-001  1.62e-002  1.52e-002  2.48e-002  
3.46353e+016 3.14e-014  3.02e-001  9.95e-003  4.29e-003  2.00e-002  2.30e-003  1.28e-002  8.36e-003  7.66e-004  7.66e-004  3.11e-001  2.34e-001  1.18e-002  1.01e-002  1.81e-002  
3.48860e+016 9.49e-014  7.70e-001  2.94e-003  1.27e-003  6.64e-003  6.79e-004  4.25e-003  2.77e-003  2.27e-004  2.27e-004  1.03e-001  7.76e-002  3.92e-003  2.97e-003  5.95e-003  
3.51370e+016 4.31e-013  9.52e-001  5.45e-004  2.34e-004  1.40e-003  1.26e-004  8.94e-004  5.83e-004  4.20e-005  4.20e-005  2.17e-002  1.64e-002  8.26e-004  5.50e-004  1.24e-003  
3.53250e+016 1.12e-012  9.84e-001  1.63e-004  7.00e-005  4.62e-004  3.76e-005  2.96e-004  1.93e-004  1.25e-005  1.25e-005  7.18e-003  5.41e-003  2.74e-004  1.65e-004  4.08e-004  
3.55515e+016 1.90e-012  9.95e-001  4.62e-005  1.99e-005  1.49e-004  1.07e-005  9.58e-005  6.26e-005  3.55e-006  3.55e-006  2.33e-003  1.75e-003  8.84e-005  4.66e-005  1.31e-004  
3.57182e+016 1.31e-012  9.98e-001  2.01e-005  8.68e-006  7.23e-005  4.64e-006  4.63e-005  3.02e-005  1.55e-006  1.55e-006  1.12e-003  8.45e-004  4.27e-005  2.03e-005  6.27e-005  
3.58524e+016 4.44e-013  9.99e-001  1.10e-005  4.71e-006  4.33e-005  2.52e-006  2.77e-005  1.80e-005  8.43e-007  8.43e-007  6.69e-004  5.05e-004  2.55e-005  1.11e-005  3.72e-005  
3.60047e+016 6.44e-014  9.99e-001  5.89e-006  2.53e-006  2.59e-005  1.36e-006  1.66e-005  1.08e-005  4.54e-007  4.54e-007  4.02e-004  3.03e-004  1.53e-005  5.95e-006  2.22e-005  
3.61718e+016 3.46e-014  9.99e-001  3.21e-006  1.39e-006  1.61e-005  7.42e-007  1.05e-005  6.70e-006  2.47e-007  2.47e-007  2.49e-004  1.88e-004  9.47e-006  3.24e-006  1.36e-005  
3.62899e+016 3.26e-014  9.99e-001  2.67e-006  1.15e-006  1.47e-005  6.16e-007  1.01e-005  6.13e-006  2.05e-007  2.05e-007  2.28e-004  1.72e-004  8.68e-006  2.69e-006  1.24e-005  
3.63893e+016 3.29e-014  9.99e-001  2.45e-006  1.06e-006  1.47e-005  5.65e-007  1.12e-005  6.14e-006  1.88e-007  1.88e-007  2.28e-004  1.72e-004  8.69e-006  2.47e-006  1.23e-005  
3.64972e+016 3.34e-014  9.99e-001  2.23e-006  9.58e-007  1.48e-005  5.12e-007  1.37e-005  6.19e-006  1.71e-007  1.71e-007  2.28e-004  1.72e-004  8.68e-006  2.24e-006  1.23e-005  
3.66124e+016 3.41e-014  9.99e-001  2.00e-006  8.62e-007  1.54e-005  4.60e-007  1.97e-005  6.42e-006  1.53e-007  1.53e-007  2.28e-004  1.72e-004  8.71e-006  2.00e-006  1.22e-005  
3.67348e+016 3.53e-014  9.99e-001  1.82e-006  7.84e-007  1.74e-005  4.08e-007  3.43e-005  7.28e-006  1.36e-007  1.36e-007  2.28e-004  1.72e-004  8.69e-006  1.77e-006  1.21e-005  
3.68621e+016 3.73e-014  9.99e-001  2.09e-006  8.98e-007  2.41e-005  4.07e-007  6.78e-005  1.01e-005  1.36e-007  1.36e-007  2.29e-004  1.72e-004  8.71e-006  1.58e-006  1.21e-005  
3.69700e+016 4.03e-014  9.99e-001  3.64e-006  1.57e-006  3.94e-005  4.19e-007  1.26e-004  1.65e-005  1.40e-007  1.40e-007  2.28e-004  1.72e-004  8.68e-006  1.58e-006  1.21e-005  
3.70376e+016 4.31e-014  9.99e-001  6.03e-006  2.60e-006  5.87e-005  4.38e-007  1.85e-004  2.43e-005  1.46e-007  1.46e-007  2.28e-004  1.72e-004  8.69e-006  1.58e-006  1.21e-005  
3.71087e+016 4.73e-014  9.99e-001  1.10e-005  4.75e-006  9.25e-005  4.73e-007  2.75e-004  3.86e-005  1.58e-007  1.58e-007  2.28e-004  1.72e-004  8.68e-006  1.58e-006  1.21e-005  
3.71826e+016 5.36e-014  9.99e-001  2.13e-005  9.13e-006  1.53e-004  5.36e-007  4.05e-004  6.37e-005  1.79e-007  1.79e-007  2.28e-004  1.72e-004  8.68e-006  1.58e-006  1.21e-005  
3.72589e+016 6.25e-014  9.98e-001  4.19e-005  1.81e-005  2.58e-004  6.54e-007  5.87e-004  1.07e-004  2.18e-007  2.18e-007  2.29e-004  1.71e-004  8.67e-006  1.57e-006  1.21e-005  
3.73370e+016 7.47e-014  9.98e-001  8.29e-005  3.57e-005  4.36e-004  8.76e-007  8.18e-004  1.82e-004  2.92e-007  2.92e-007  2.28e-004  1.71e-004  8.68e-006  1.57e-006  1.21e-005  
3.74165e+016 8.93e-014  9.97e-001  1.63e-004  7.03e-005  7.33e-004  1.29e-006  1.06e-003  3.06e-004  4.28e-007  4.28e-007  2.28e-004  1.71e-004  8.67e-006  1.57e-006  1.21e-005  
3.74829e+016 1.01e-013  9.96e-001  2.82e-004  1.21e-004  1.09e-003  1.86e-006  1.22e-003  4.55e-004  6.20e-007  6.20e-007  2.27e-004  1.71e-004  8.63e-006  1.57e-006  1.20e-005  
3.75505e+016 1.10e-013  9.94e-001  4.85e-004  2.09e-004  1.56e-003  2.81e-006  1.32e-003  6.52e-004  9.40e-007  9.40e-007  2.27e-004  1.71e-004  8.63e-006  1.56e-006  1.20e-005  
3.76194e+016 1.11e-013  9.93e-001  8.23e-004  3.55e-004  2.08e-003  4.31e-006  1.35e-003  8.70e-004  1.44e-006  1.44e-006  2.27e-004  1.71e-004  8.66e-006  1.56e-006  1.21e-005  
3.76839e+016 1.08e-013  9.91e-001  1.29e-003  5.54e-004  2.44e-003  6.26e-006  1.34e-003  1.02e-003  2.08e-006  2.08e-006  2.26e-004  1.70e-004  8.62e-006  1.55e-006  1.20e-005  
3.76854e+016 1.08e-013  9.91e-001  1.30e-003  5.60e-004  2.44e-003  6.30e-006  1.34e-003  1.02e-003  2.10e-006  2.10e-006  2.26e-004  1.70e-004  8.61e-006  1.55e-006  1.20e-005  
3.76877e+016 1.08e-013  9.91e-001  1.32e-003  5.67e-004  2.45e-003  6.37e-006  1.34e-003  1.02e-003  2.12e-006  2.12e-006  2.26e-004  1.70e-004  8.59e-006  1.55e-006  1.20e-005  
3.76917e+016 1.07e-013  9.91e-001  1.37e-003  5.86e-004  2.48e-003  6.56e-006  1.36e-003  1.03e-003  2.19e-006  2.19e-006  2.27e-004  1.71e-004  8.65e-006  1.55e-006  1.21e-005  
3.76980e+016 1.07e-013  9.91e-001  1.41e-003  6.08e-004  2.48e-003  6.76e-006  1.35e-003  1.04e-003  2.25e-006  2.25e-006  2.26e-004  1.70e-004  8.60e-006  1.55e-006  1.20e-005  
3.77083e+016 1.06e-013  9.91e-001  1.51e-003  6.51e-004  2.51e-003  7.15e-006  1.35e-003  1.05e-003  2.39e-006  2.39e-006  2.26e-004  1.71e-004  8.62e-006  1.55e-006  1.20e-005  
3.77248e+016 1.05e-013  9.91e-001  1.68e-003  7.21e-004  2.53e-003  7.77e-006  1.34e-003  1.06e-003  2.59e-006  2.59e-006  2.26e-004  1.70e-004  8.59e-006  1.55e-006  1.20e-005  
3.77450e+016 1.03e-013  9.90e-001  1.89e-003  8.17e-004  2.56e-003  8.59e-006  1.35e-003  1.07e-003  2.86e-006  2.86e-006  2.26e-004  1.71e-004  8.61e-006  1.56e-006  1.19e-005  
3.77655e+016 1.01e-013  9.90e-001  2.10e-003  9.05e-004  2.56e-003  9.25e-006  1.35e-003  1.07e-003  3.09e-006  3.09e-006  2.27e-004  1.71e-004  8.62e-006  1.59e-006  1.20e-005  
3.77936e+016 9.87e-014  9.90e-001  2.11e-003  9.10e-004  2.56e-003  9.27e-006  1.35e-003  1.07e-003  3.09e-006  3.09e-006  2.26e-004  1.70e-004  8.61e-006  1.65e-006  1.20e-005  
3.78016e+016 9.80e-014  9.90e-001  2.11e-003  9.09e-004  2.56e-003  9.27e-006  1.35e-003  1.07e-003  3.09e-006  3.09e-006  2.27e-004  1.70e-004  8.61e-006  1.67e-006  1.19e-005  
3.78111e+016 9.72e-014  9.90e-001  2.11e-003  9.08e-004  2.56e-003  9.27e-006  1.35e-003  1.07e-003  3.09e-006  3.09e-006  2.26e-004  1.71e-004  8.60e-006  1.71e-006  1.19e-005  
3.78273e+016 9.57e-014  9.90e-001  2.11e-003  9.09e-004  2.56e-003  9.27e-006  1.35e-003  1.07e-003  3.09e-006  3.09e-006  2.27e-004  1.70e-004  8.61e-006  1.79e-006  1.20e-005  
3.78530e+016 9.34e-014  9.90e-001  2.11e-003  9.10e-004  2.56e-003  9.28e-006  1.35e-003  1.07e-003  3.10e-006  3.10e-006  2.26e-004  1.70e-004  8.61e-006  1.97e-006  1.20e-005  
3.78818e+016 9.08e-014  9.90e-001  2.11e-003  9.09e-004  2.57e-003  9.27e-006  1.34e-003  1.07e-003  3.09e-006  3.09e-006  2.27e-004  1.71e-004  8.61e-006  2.28e-006  1.20e-005  
3.79076e+016 8.85e-014  9.90e-001  2.11e-003  9.09e-004  2.56e-003  9.26e-006  1.34e-003  1.07e-003  3.08e-006  3.08e-006  2.26e-004  1.71e-004  8.61e-006  2.72e-006  1.20e-005  
3.79253e+016 8.69e-014  9.90e-001  2.12e-003  9.10e-004  2.57e-003  9.26e-006  1.35e-003  1.07e-003  3.08e-006  3.08e-006  2.27e-004  1.70e-004  8.61e-006  3.13e-006  1.20e-005  
3.79502e+016 8.47e-014  9.90e-001  2.11e-003  9.11e-004  2.56e-003  9.27e-006  1.35e-003  1.07e-003  3.09e-006  3.09e-006  2.27e-004  1.70e-004  8.61e-006  3.89e-006  1.20e-005  
3.79755e+016 8.25e-014  9.90e-001  2.11e-003  9.11e-004  2.56e-003  9.27e-006  1.35e-003  1.07e-003  3.09e-006  3.09e-006  2.27e-004  1.71e-004  8.61e-006  4.92e-006  1.20e-005  
3.79897e+016 8.11e-014  9.90e-001  2.12e-003  9.12e-004  2.56e-003  9.27e-006  1.34e-003  1.07e-003  3.09e-006  3.09e-006  2.27e-004  1.70e-004  8.61e-006  5.64e-006  1.20e-005  
3.79918e+016 8.09e-014  9.90e-001  2.11e-003  9.12e-004  2.56e-003  9.27e-006  1.35e-003  1.07e-003  3.09e-006  3.09e-006  2.26e-004  1.71e-004  8.61e-006  5.76e-006  1.20e-005  
3.79956e+016 8.06e-014  9.90e-001  2.12e-003  9.12e-004  2.57e-003  9.26e-006  1.35e-003  1.07e-003  3.09e-006  3.09e-006  2.26e-004  1.70e-004  8.61e-006  5.97e-006  1.20e-005  
3.80017e+016 8.01e-014  9.90e-001  2.12e-003  9.12e-004  2.56e-003  9.26e-006  1.35e-003  1.07e-003  3.08e-006  3.08e-006  2.26e-004  1.71e-004  8.61e-006  6.31e-006  1.20e-005  
3.80129e+016 7.91e-014  9.90e-001  2.12e-003  9.13e-004  2.57e-003  9.26e-006  1.35e-003  1.07e-003  3.08e-006  3.08e-006  2.26e-004  1.71e-004  8.61e-006  7.01e-006  1.20e-005  
3.80319e+016 7.74e-014  9.90e-001  2.12e-003  9.15e-004  2.56e-003  9.26e-006  1.34e-003  1.07e-003  3.09e-006  3.09e-006  2.26e-004  1.71e-004  8.62e-006  8.35e-006  1.20e-005  
3.80578e+016 7.52e-014  9.90e-001  2.13e-003  9.16e-004  2.55e-003  9.26e-006  1.34e-003  1.07e-003  3.09e-006  3.09e-006  2.26e-004  1.70e-004  8.61e-006  1.04e-005  1.20e-005  
3.80629e+016 7.48e-014  9.90e-001  2.13e-003  9.17e-004  2.55e-003  9.25e-006  1.35e-003  1.07e-003  3.09e-006  3.09e-006  2.26e-004  1.70e-004  8.60e-006  1.08e-005  1.20e-005  
3.80713e+016 7.40e-014  9.90e-001  2.14e-003  9.19e-004  2.56e-003  9.26e-006  1.35e-003  1.07e-003  3.08e-006  3.08e-006  2.26e-004  1.70e-004  8.61e-006  1.15e-005  1.20e-005  
3.80859e+016 7.28e-014  9.90e-001  2.14e-003  9.21e-004  2.56e-003  9.25e-006  1.35e-003  1.07e-003  3.08e-006  3.08e-006  2.27e-004  1.70e-004  8.60e-006  1.26e-005  1.20e-005  
3.81083e+016 7.08e-014  9.90e-001  2.15e-003  9.26e-004  2.56e-003  9.26e-006  1.35e-003  1.07e-003  3.09e-006  3.09e-006  2.26e-004  1.71e-004  8.61e-006  1.44e-005  1.20e-005  
3.81265e+016 6.93e-014  9.90e-001  2.16e-003  9.30e-004  2.55e-003  9.25e-006  1.35e-003  1.07e-003  3.09e-006  3.09e-006  2.26e-004  1.70e-004  8.60e-006  1.56e-005  1.20e-005  
3.81480e+016 6.75e-014  9.90e-001  2.18e-003  9.38e-004  2.56e-003  9.26e-006  1.35e-003  1.07e-003  3.08e-006  3.08e-006  2.27e-004  1.70e-004  8.61e-006  1.64e-005  1.20e-005  
3.81769e+016 6.52e-014  9.89e-001  2.19e-003  9.48e-004  2.56e-003  9.25e-006  1.35e-003  1.07e-003  3.08e-006  3.08e-006  2.26e-004  1.70e-004  8.61e-006  1.66e-005  1.20e-005  
3.81836e+016 6.46e-014  9.89e-001  2.21e-003  9.51e-004  2.55e-003  9.26e-006  1.35e-003  1.07e-003  3.08e-006  3.08e-006  2.26e-004  1.70e-004  8.61e-006  1.64e-005  1.20e-005  
3.81952e+016 6.37e-014  9.89e-001  2.21e-003  9.56e-004  2.56e-003  9.27e-006  1.35e-003  1.07e-003  3.09e-006  3.09e-006  2.26e-004  1.71e-004  8.61e-006  1.59e-005  1.20e-005  
3.82149e+016 6.22e-014  9.89e-001  2.24e-003  9.64e-004  2.56e-003  9.27e-006  1.34e-003  1.07e-003  3.09e-006  3.09e-006  2.27e-004  1.71e-004  8.61e-006  1.45e-005  1.20e-005  
3.82433e+016 5.99e-014  9.89e-001  2.27e-003  9.78e-004  2.57e-003  9.29e-006  1.35e-003  1.07e-003  3.10e-006  3.10e-006  2.27e-004  1.70e-004  8.61e-006  1.16e-005  1.20e-005  
3.82740e+016 5.77e-014  9.89e-001  2.29e-003  9.88e-004  2.56e-003  9.30e-006  1.35e-003  1.07e-003  3.10e-006  3.10e-006  2.25e-004  1.70e-004  8.61e-006  7.78e-006  1.20e-005  
3.83054e+016 5.55e-014  9.89e-001  2.31e-003  9.96e-004  2.56e-003  9.35e-006  1.35e-003  1.07e-003  3.12e-006  3.12e-006  2.25e-004  1.70e-004  8.61e-006  4.34e-006  1.20e-005  
3.83376e+016 5.34e-014  9.89e-001  2.32e-003  1.00e-003  2.57e-003  9.42e-006  1.35e-003  1.07e-003  3.15e-006  3.15e-006  2.25e-004  1.70e-004  8.60e-006  2.02e-006  1.20e-005  
3.83751e+016 5.11e-014  9.89e-001  2.33e-003  1.00e-003  2.57e-003  9.64e-006  1.37e-003  1.07e-003  3.21e-006  3.21e-006  2.25e-004  1.69e-004  8.60e-006  8.77e-007  1.20e-005  
3.84132e+016 4.88e-014  9.89e-001  2.33e-003  1.01e-003  2.56e-003  1.01e-005  1.39e-003  1.07e-003  3.38e-006  3.38e-006  2.23e-004  1.69e-004  8.60e-006  7.31e-007  1.20e-005  
3.84531e+016 4.67e-014  9.89e-001  2.33e-003  1.01e-003  2.57e-003  1.11e-005  1.41e-003  1.07e-003  3.70e-006  3.70e-006  2.23e-004  1.68e-004  8.60e-006  1.07e-006  1.20e-005  
3.84962e+016 4.46e-014  9.89e-001  2.35e-003  1.01e-003  2.58e-003  1.30e-005  1.43e-003  1.07e-003  4.33e-006  4.33e-006  2.21e-004  1.67e-004  8.59e-006  1.54e-006  1.20e-005  
3.85449e+016 4.24e-014  9.89e-001  2.36e-003  1.02e-003  2.57e-003  1.55e-005  1.44e-003  1.08e-003  5.19e-006  5.19e-006  2.20e-004  1.66e-004  8.59e-006  1.63e-006  1.20e-005  
3.85990e+016 4.03e-014  9.88e-001  2.37e-003  1.02e-003  2.58e-003  1.68e-005  1.43e-003  1.08e-003  5.59e-006  5.59e-006  2.18e-004  1.64e-004  8.59e-006  9.54e-007  1.20e-005  
3.86597e+016 3.83e-014  9.88e-001  2.37e-003  1.02e-003  2.56e-003  1.42e-005  1.37e-003  1.07e-003  4.72e-006  4.72e-006  2.16e-004  1.63e-004  8.58e-006  4.28e-007  1.20e-005  
3.87288e+016 3.66e-014  9.88e-001  2.38e-003  1.02e-003  2.50e-003  8.49e-006  1.25e-003  1.04e-003  2.84e-006  2.84e-006  2.15e-004  1.62e-004  8.60e-006  4.53e-007  1.21e-005  
3.88139e+016 3.52e-014  9.88e-001  2.38e-003  1.03e-003  2.33e-003  2.77e-006  1.05e-003  9.71e-004  9.23e-007  9.23e-007  2.12e-004  1.60e-004  8.61e-006  6.99e-007  1.21e-005  
3.89093e+016 3.43e-014  9.89e-001  2.38e-003  1.02e-003  2.02e-003  3.65e-007  8.37e-004  8.40e-004  1.21e-007  1.21e-007  2.08e-004  1.57e-004  8.60e-006  1.15e-006  1.21e-005  
3.90068e+016 3.39e-014  9.89e-001  2.39e-003  1.03e-003  1.62e-003  1.71e-008  6.56e-004  6.76e-004  5.70e-009  5.70e-009  2.03e-004  1.53e-004  8.59e-006  1.80e-006  1.21e-005  
3.91088e+016 3.38e-014  9.90e-001  2.39e-003  1.03e-003  1.23e-003  3.58e-010  5.11e-004  5.14e-004  1.19e-010  1.19e-010  1.97e-004  1.49e-004  8.63e-006  2.67e-006  1.22e-005  
3.92181e+016 3.41e-014  9.91e-001  2.40e-003  1.03e-003  9.06e-004  1.81e-010  3.96e-004  3.78e-004  6.01e-011  6.01e-011  1.89e-004  1.42e-004  8.62e-006  3.75e-006  1.22e-005  
3.93325e+016 3.45e-014  9.91e-001  2.41e-003  1.04e-003  6.75e-004  2.17e-010  3.13e-004  2.82e-004  7.24e-011  7.24e-011  1.79e-004  1.34e-004  8.64e-006  4.96e-006  1.22e-005  
3.94519e+016 3.50e-014  9.91e-001  2.41e-003  1.04e-003  5.26e-004  2.49e-010  2.54e-004  2.19e-004  8.31e-011  8.31e-011  1.66e-004  1.25e-004  8.63e-006  6.14e-006  1.23e-005  
3.95803e+016 3.54e-014  9.92e-001  2.44e-003  1.05e-003  4.32e-004  2.75e-010  2.15e-004  1.80e-004  9.18e-011  9.18e-011  1.51e-004  1.14e-004  8.64e-006  7.32e-006  1.24e-005  
3.97190e+016 3.59e-014  9.92e-001  2.45e-003  1.06e-003  3.76e-004  2.93e-010  1.90e-004  1.57e-004  9.78e-011  9.78e-011  1.33e-004  1.00e-004  8.64e-006  8.22e-006  1.25e-005  
3.98699e+016 3.64e-014  9.92e-001  2.47e-003  1.06e-003  3.49e-004  3.05e-010  1.77e-004  1.46e-004  1.01e-010  1.01e-010  1.14e-004  8.60e-005  8.63e-006  8.82e-006  1.25e-005  
4.00514e+016 3.69e-014  9.92e-001  2.50e-003  1.08e-003  3.47e-004  3.09e-010  1.75e-004  1.45e-004  1.03e-010  1.03e-010  9.30e-005  7.02e-005  8.65e-006  9.08e-006  1.26e-005  
4.02549e+016 3.75e-014  9.92e-001  2.52e-003  1.09e-003  3.73e-004  3.07e-010  1.84e-004  1.56e-004  1.02e-010  1.02e-010  7.23e-005  5.44e-005  8.64e-006  8.93e-006  1.26e-005  
4.04761e+016 3.82e-014  9.92e-001  2.55e-003  1.10e-003  4.27e-004  2.96e-010  2.04e-004  1.78e-004  9.86e-011  9.86e-011  5.34e-005  4.03e-005  8.61e-006  8.45e-006  1.26e-005  
4.07070e+016 3.89e-014  9.92e-001  2.57e-003  1.11e-003  5.09e-004  2.83e-010  2.35e-004  2.13e-004  9.45e-011  9.45e-011  3.83e-005  2.88e-005  8.63e-006  7.83e-006  1.26e-005  
4.09451e+016 3.97e-014  9.91e-001  2.59e-003  1.12e-003  6.26e-004  2.69e-010  2.77e-004  2.62e-004  8.93e-011  8.93e-011  2.64e-005  2.00e-005  8.63e-006  7.15e-006  1.25e-005  
4.11988e+016 4.08e-014  9.91e-001  2.62e-003  1.13e-003  7.90e-004  2.48e-010  3.36e-004  3.29e-004  8.27e-011  8.27e-011  1.75e-005  1.32e-005  8.61e-006  6.48e-006  1.23e-005  
4.14624e+016 4.20e-014  9.91e-001  2.62e-003  1.13e-003  1.01e-003  2.25e-010  4.14e-004  4.21e-004  7.50e-011  7.50e-011  1.10e-005  8.29e-006  8.62e-006  5.86e-006  1.21e-005  
4.17462e+016 4.35e-014  9.90e-001  2.64e-003  1.13e-003  1.29e-003  1.98e-010  5.17e-004  5.38e-004  6.59e-011  6.59e-011  6.43e-006  4.85e-006  8.61e-006  5.35e-006  1.19e-005  
4.20512e+016 4.55e-014  9.90e-001  2.64e-003  1.14e-003  1.62e-003  1.66e-010  6.47e-004  6.75e-004  5.54e-011  5.54e-011  3.43e-006  2.57e-006  8.60e-006  5.01e-006  1.18e-005  
4.23867e+016 4.81e-014  9.89e-001  2.66e-003  1.14e-003  1.94e-003  1.33e-010  8.02e-004  8.10e-004  4.45e-011  4.45e-011  1.59e-006  1.20e-006  8.60e-006  4.82e-006  1.16e-005  
4.27356e+016 5.14e-014  9.89e-001  2.65e-003  1.14e-003  2.18e-003  1.05e-010  9.60e-004  9.11e-004  3.50e-011  3.50e-011  7.05e-007  5.30e-007  8.60e-006  4.73e-006  1.15e-005  
4.30994e+016 5.53e-014  9.89e-001  2.66e-003  1.15e-003  2.31e-003  8.82e-011  1.10e-003  9.67e-004  2.95e-011  2.95e-011  3.00e-007  2.26e-007  8.61e-006  4.72e-006  1.14e-005  
4.34671e+016 6.00e-014  9.89e-001  2.67e-003  1.15e-003  2.37e-003  8.51e-011  1.20e-003  9.91e-004  2.84e-011  2.84e-011  1.28e-007  9.66e-008  8.61e-006  4.72e-006  1.13e-005  
4.38104e+016 6.48e-014  9.89e-001  2.67e-003  1.15e-003  2.39e-003  7.87e-011  1.25e-003  1.00e-003  2.62e-011  2.62e-011  5.91e-008  4.46e-008  8.61e-006  3.80e-006  1.13e-005  
4.41007e+016 6.94e-014  9.89e-001  2.67e-003  1.15e-003  2.39e-003  6.81e-011  1.27e-003  1.00e-003  2.26e-011  2.26e-011  3.14e-008  2.36e-008  8.61e-006  2.71e-006  1.13e-005  
4.42181e+016 7.14e-014  9.89e-001  2.66e-003  1.15e-003  2.40e-003  6.51e-011  1.27e-003  1.00e-003  2.17e-011  2.17e-011  2.44e-008  1.84e-008  8.60e-006  2.34e-006  1.13e-005  
4.42811e+016 7.24e-014  9.89e-001  2.67e-003  1.15e-003  2.40e-003  6.49e-011  1.27e-003  1.00e-003  2.17e-011  2.17e-011  2.14e-008  1.62e-008  8.61e-006  2.20e-006  1.13e-005  
4.43809e+016 7.42e-014  9.89e-001  2.67e-003  1.15e-003  2.40e-003  6.51e-011  1.27e-003  1.00e-003  2.17e-011  2.17e-011  1.75e-008  1.32e-008  8.60e-006  2.09e-006  1.13e-005  
4.45030e+016 7.64e-014  9.89e-001  2.67e-003  1.15e-003  2.39e-003  6.49e-011  1.28e-003  1.00e-003  2.16e-011  2.16e-011  1.37e-008  1.04e-008  8.60e-006  1.92e-006  1.13e-005  
4.45401e+016 7.70e-014  9.89e-001  2.67e-003  1.15e-003  2.40e-003  6.49e-011  1.28e-003  1.00e-003  2.17e-011  2.17e-011  1.29e-008  9.72e-009  8.61e-006  1.79e-006  1.13e-005  
4.45998e+016 7.81e-014  9.89e-001  2.67e-003  1.15e-003  2.41e-003  6.42e-011  1.28e-003  1.00e-003  2.14e-011  2.14e-011  1.17e-008  8.84e-009  8.61e-006  1.69e-006  1.13e-005  
4.46779e+016 7.98e-014  9.89e-001  2.67e-003  1.15e-003  2.39e-003  6.38e-011  1.28e-003  1.00e-003  2.13e-011  2.13e-011  1.04e-008  7.80e-009  8.60e-006  1.64e-006  1.12e-005  
4.48006e+016 8.22e-014  9.89e-001  2.68e-003  1.15e-003  2.40e-003  6.34e-011  1.28e-003  1.00e-003  2.12e-011  2.12e-011  8.59e-009  6.47e-009  8.60e-006  1.51e-006  1.12e-005  
4.48529e+016 8.31e-014  9.89e-001  2.67e-003  1.15e-003  2.39e-003  6.35e-011  1.28e-003  1.00e-003  2.12e-011  2.12e-011  7.98e-009  6.02e-009  8.60e-006  1.35e-006  1.13e-005  
4.48834e+016 8.38e-014  9.89e-001  2.67e-003  1.15e-003  2.40e-003  6.28e-011  1.28e-003  1.00e-003  2.09e-011  2.09e-011  7.70e-009  5.80e-009  8.60e-006  1.25e-006  1.12e-005  
4.49346e+016 8.48e-014  9.89e-001  2.68e-003  1.15e-003  2.41e-003  6.20e-011  1.27e-003  1.00e-003  2.06e-011  2.06e-011  7.25e-009  5.46e-009  8.61e-006  1.25e-006  1.13e-005  
4.49870e+016 8.60e-014  9.89e-001  2.67e-003  1.15e-003  2.39e-003  6.17e-011  1.28e-003  1.00e-003  2.06e-011  2.06e-011  6.79e-009  5.11e-009  8.60e-006  1.23e-006  1.12e-005  
4.50684e+016 8.77e-014  9.89e-001  2.68e-003  1.15e-003  2.39e-003  6.15e-011  1.28e-003  1.00e-003  2.05e-011  2.05e-011  6.17e-009  4.65e-009  8.60e-006  1.17e-006  1.12e-005  
4.51867e+016 9.04e-014  9.89e-001  2.68e-003  1.15e-003  2.40e-003  6.09e-011  1.27e-003  1.00e-003  2.03e-011  2.03e-011  5.40e-009  4.06e-009  8.60e-006  1.06e-006  1.13e-005  
4.51946e+016 9.05e-014  9.89e-001  2.67e-003  1.15e-003  2.40e-003  6.10e-011  1.27e-003  1.00e-003  2.03e-011  2.03e-011  5.35e-009  4.03e-009  8.60e-006  9.71e-007  1.13e-005  
4.52061e+016 9.07e-014  9.89e-001  2.68e-003  1.15e-003  2.40e-003  6.10e-011  1.28e-003  1.00e-003  2.03e-011  2.03e-011  5.30e-009  3.99e-009  8.60e-006  8.80e-007  1.12e-005  
4.52265e+016 9.12e-014  9.89e-001  2.68e-003  1.15e-003  2.40e-003  6.02e-011  1.27e-003  1.00e-003  2.01e-011  2.01e-011  5.21e-009  3.93e-009  8.60e-006  8.72e-007  1.13e-005  
4.52632e+016 9.20e-014  9.89e-001  2.67e-003  1.15e-003  2.40e-003  5.94e-011  1.27e-003  1.00e-003  1.98e-011  1.98e-011  5.04e-009  3.81e-009  8.61e-006  8.72e-007  1.13e-005  
4.53239e+016 9.35e-014  9.89e-001  2.67e-003  1.16e-003  2.40e-003  5.87e-011  1.27e-003  1.00e-003  1.96e-011  1.96e-011  4.78e-009  3.60e-009  8.60e-006  8.67e-007  1.12e-005  
4.54167e+016 9.57e-014  9.89e-001  2.67e-003  1.15e-003  2.40e-003  5.85e-011  1.27e-003  1.00e-003  1.95e-011  1.95e-011  4.40e-009  3.31e-009  8.60e-006  8.19e-007  1.13e-005  
4.55446e+016 9.87e-014  9.89e-001  2.68e-003  1.16e-003  2.40e-003  5.79e-011  1.28e-003  1.00e-003  1.93e-011  1.93e-011  3.95e-009  2.98e-009  8.61e-006  7.23e-007  1.13e-005  
4.55658e+016 9.92e-014  9.89e-001  2.67e-003  1.15e-003  2.40e-003  5.78e-011  1.27e-003  1.00e-003  1.93e-011  1.93e-011  3.89e-009  2.93e-009  8.60e-006  7.04e-007  1.13e-005  
4.55697e+016 9.92e-014  9.89e-001  2.67e-003  1.15e-003  2.40e-003  5.79e-011  1.27e-003  1.00e-003  1.93e-011  1.93e-011  3.88e-009  2.92e-009  8.60e-006  6.51e-007  1.13e-005  
4.55761e+016 9.93e-014  9.89e-001  2.68e-003  1.15e-003  2.41e-003  5.81e-011  1.27e-003  1.00e-003  1.93e-011  1.93e-011  3.87e-009  2.91e-009  8.61e-006  5.82e-007  1.13e-005  
4.55871e+016 9.96e-014  9.89e-001  2.67e-003  1.16e-003  2.40e-003  5.79e-011  1.28e-003  1.00e-003  1.93e-011  1.93e-011  3.84e-009  2.89e-009  8.61e-006  5.57e-007  1.12e-005  
4.56066e+016 1.00e-013  9.89e-001  2.68e-003  1.15e-003  2.40e-003  5.70e-011  1.27e-003  9.99e-004  1.90e-011  1.90e-011  3.80e-009  2.86e-009  8.60e-006  5.55e-007  1.13e-005  
4.56410e+016 1.01e-013  9.89e-001  2.68e-003  1.15e-003  2.41e-003  5.60e-011  1.27e-003  1.00e-003  1.86e-011  1.86e-011  3.72e-009  2.81e-009  8.60e-006  5.55e-007  1.13e-005  
4.56849e+016 1.02e-013  9.89e-001  2.67e-003  1.16e-003  2.40e-003  5.54e-011  1.27e-003  9.99e-004  1.85e-011  1.85e-011  3.61e-009  2.72e-009  8.60e-006  5.54e-007  1.13e-005  
4.57241e+016 1.03e-013  9.89e-001  2.68e-003  1.15e-003  2.41e-003  5.53e-011  1.27e-003  9.99e-004  1.84e-011  1.84e-011  3.53e-009  2.66e-009  8.59e-006  5.48e-007  1.13e-005  
4.57850e+016 1.04e-013  9.89e-001  2.69e-003  1.15e-003  2.41e-003  5.56e-011  1.28e-003  1.01e-003  1.85e-011  1.85e-011  3.41e-009  2.57e-009  8.64e-006  5.28e-007  1.13e-005  
4.58802e+016 1.07e-013  9.89e-001  2.67e-003  1.15e-003  2.40e-003  5.52e-011  1.27e-003  9.99e-004  1.84e-011  1.84e-011  3.21e-009  2.42e-009  8.60e-006  4.76e-007  1.12e-005  
4.59720e+016 1.09e-013  9.89e-001  2.68e-003  1.15e-003  2.41e-003  5.50e-011  1.27e-003  1.01e-003  1.83e-011  1.83e-011  3.06e-009  2.31e-009  8.62e-006  4.27e-007  1.13e-005  
4.59734e+016 1.09e-013  9.89e-001  2.68e-003  1.15e-003  2.41e-003  5.50e-011  1.27e-003  1.01e-003  1.83e-011  1.83e-011  3.06e-009  2.30e-009  8.62e-006  4.22e-007  1.13e-005  
4.59759e+016 1.09e-013  9.89e-001  2.68e-003  1.15e-003  2.41e-003  5.51e-011  1.27e-003  1.01e-003  1.83e-011  1.83e-011  3.05e-009  2.30e-009  8.62e-006  3.97e-007  1.13e-005  
4.59802e+016 1.09e-013  9.89e-001  2.68e-003  1.15e-003  2.41e-003  5.53e-011  1.27e-003  1.01e-003  1.84e-011  1.84e-011  3.05e-009  2.30e-009  8.62e-006  3.54e-007  1.13e-005  
4.59873e+016 1.09e-013  9.89e-001  2.68e-003  1.15e-003  2.42e-003  5.55e-011  1.27e-003  1.01e-003  1.85e-011  1.85e-011  3.04e-009  2.29e-009  8.64e-006  3.24e-007  1.13e-005  
4.59993e+016 1.10e-013  9.89e-001  2.67e-003  1.15e-003  2.41e-003  5.49e-011  1.26e-003  9.98e-004  1.83e-011  1.83e-011  3.01e-009  2.27e-009  8.59e-006  3.12e-007  1.13e-005  
4.60196e+016 1.10e-013  9.89e-001  2.69e-003  1.15e-003  2.41e-003  5.46e-011  1.27e-003  1.01e-003  1.82e-011  1.82e-011  3.00e-009  2.26e-009  8.63e-006  3.12e-007  1.13e-005  
4.60580e+016 1.11e-013  9.89e-001  2.69e-003  1.16e-003  2.42e-003  5.38e-011  1.27e-003  1.01e-003  1.79e-011  1.79e-011  2.96e-009  2.23e-009  8.63e-006  3.12e-007  1.12e-005  
4.61139e+016 1.13e-013  9.89e-001  2.68e-003  1.15e-003  2.40e-003  5.33e-011  1.26e-003  1.01e-003  1.78e-011  1.78e-011  2.89e-009  2.17e-009  8.60e-006  3.11e-007  1.12e-005  
4.61801e+016 1.15e-013  9.89e-001  2.67e-003  1.15e-003  2.40e-003  5.34e-011  1.26e-003  1.01e-003  1.78e-011  1.78e-011  2.81e-009  2.12e-009  8.58e-006  2.99e-007  1.12e-005  
4.62829e+016 1.18e-013  9.89e-001  2.66e-003  1.15e-003  2.40e-003  5.40e-011  1.26e-003  1.01e-003  1.80e-011  1.80e-011  2.70e-009  2.03e-009  8.54e-006  2.66e-007  1.12e-005  
4.63958e+016 1.21e-013  9.89e-001  2.67e-003  1.15e-003  2.41e-003  5.47e-011  1.26e-003  1.01e-003  1.82e-011  1.82e-011  2.60e-009  1.96e-009  8.57e-006  2.28e-007  1.12e-005  
4.64165e+016 1.21e-013  9.89e-001  2.69e-003  1.15e-003  2.42e-003  5.52e-011  1.27e-003  1.01e-003  1.84e-011  1.84e-011  2.60e-009  1.95e-009  8.66e-006  2.23e-007  1.13e-005  
4.64187e+016 1.21e-013  9.89e-001  2.69e-003  1.15e-003  2.42e-003  5.52e-011  1.27e-003  1.01e-003  1.84e-011  1.84e-011  2.60e-009  1.95e-009  8.66e-006  2.14e-007  1.13e-005  
4.64224e+016 1.21e-013  9.89e-001  2.69e-003  1.15e-003  2.42e-003  5.55e-011  1.27e-003  1.01e-003  1.85e-011  1.85e-011  2.59e-009  1.95e-009  8.66e-006  1.91e-007  1.13e-005  
4.64286e+016 1.21e-013  9.89e-001  2.69e-003  1.15e-003  2.42e-003  5.59e-011  1.27e-003  1.01e-003  1.86e-011  1.86e-011  2.59e-009  1.95e-009  8.66e-006  1.65e-007  1.13e-005  
4.64396e+016 1.22e-013  9.89e-001  2.67e-003  1.15e-003  2.41e-003  5.59e-011  1.26e-003  1.01e-003  1.86e-011  1.86e-011  2.57e-009  1.94e-009  8.59e-006  1.50e-007  1.12e-005  
4.64596e+016 1.22e-013  9.89e-001  2.70e-003  1.16e-003  2.42e-003  5.64e-011  1.27e-003  1.01e-003  1.88e-011  1.88e-011  2.58e-009  1.94e-009  8.67e-006  1.49e-007  1.13e-005  
4.64933e+016 1.23e-013  9.89e-001  2.72e-003  1.18e-003  2.42e-003  5.65e-011  1.27e-003  1.01e-003  1.88e-011  1.88e-011  2.55e-009  1.92e-009  8.60e-006  1.50e-007  1.13e-005  
4.65501e+016 1.25e-013  9.89e-001  2.76e-003  1.19e-003  2.42e-003  5.66e-011  1.26e-003  1.01e-003  1.89e-011  1.89e-011  2.52e-009  1.90e-009  8.62e-006  1.52e-007  1.12e-005  
4.66259e+016 1.27e-013  9.89e-001  2.83e-003  1.22e-003  2.43e-003  5.78e-011  1.26e-003  1.01e-003  1.92e-011  1.92e-011  2.49e-009  1.88e-009  8.64e-006  1.50e-007  1.13e-005  
4.67450e+016 1.31e-013  9.89e-001  2.91e-003  1.26e-003  2.42e-003  6.01e-011  1.26e-003  1.01e-003  2.00e-011  2.00e-011  2.42e-009  1.83e-009  8.60e-006  1.32e-007  1.13e-005  
4.68726e+016 1.35e-013  9.89e-001  3.02e-003  1.30e-003  2.42e-003  6.58e-011  1.25e-003  1.01e-003  2.19e-011  2.19e-011  2.37e-009  1.79e-009  8.63e-006  1.10e-007  1.13e-005  
4.69009e+016 1.37e-013  9.89e-001  3.04e-003  1.31e-003  2.42e-003  6.72e-011  1.25e-003  1.01e-003  2.24e-011  2.24e-011  2.36e-009  1.77e-009  8.57e-006  1.05e-007  1.13e-005  
4.69024e+016 1.37e-013  9.89e-001  3.04e-003  1.31e-003  2.42e-003  6.72e-011  1.25e-003  1.01e-003  2.24e-011  2.24e-011  2.36e-009  1.77e-009  8.57e-006  1.04e-007  1.13e-005  
4.69048e+016 1.37e-013  9.89e-001  3.04e-003  1.31e-003  2.42e-003  6.74e-011  1.25e-003  1.01e-003  2.25e-011  2.25e-011  2.35e-009  1.77e-009  8.57e-006  1.00e-007  1.13e-005  
4.69090e+016 1.37e-013  9.89e-001  3.04e-003  1.31e-003  2.42e-003  6.79e-011  1.25e-003  1.01e-003  2.26e-011  2.26e-011  2.35e-009  1.77e-009  8.57e-006  9.08e-008  1.13e-005  
4.69160e+016 1.37e-013  9.89e-001  3.05e-003  1.31e-003  2.42e-003  6.89e-011  1.25e-003  1.01e-003  2.30e-011  2.30e-011  2.35e-009  1.77e-009  8.57e-006  7.62e-008  1.13e-005  
4.69279e+016 1.37e-013  9.89e-001  3.07e-003  1.32e-003  2.42e-003  7.08e-011  1.26e-003  1.01e-003  2.36e-011  2.36e-011  2.36e-009  1.78e-009  8.64e-006  6.42e-008  1.13e-005  
4.69476e+016 1.38e-013  9.89e-001  3.08e-003  1.32e-003  2.42e-003  7.27e-011  1.25e-003  1.01e-003  2.44e-011  2.44e-011  2.35e-009  1.77e-009  8.58e-006  6.05e-008  1.13e-005  
4.69806e+016 1.39e-013  9.89e-001  3.10e-003  1.34e-003  2.43e-003  7.65e-011  1.26e-003  1.01e-003  2.56e-011  2.56e-011  2.35e-009  1.77e-009  8.59e-006  6.06e-008  1.13e-005  
4.70337e+016 1.41e-013  9.89e-001  3.14e-003  1.36e-003  2.42e-003  8.11e-011  1.25e-003  1.01e-003  2.70e-011  2.70e-011  2.33e-009  1.76e-009  8.61e-006  6.13e-008  1.13e-005  
4.70622e+016 1.42e-013  9.89e-001  3.17e-003  1.36e-003  2.42e-003  8.33e-011  1.25e-003  1.01e-003  2.78e-011  2.78e-011  2.32e-009  1.75e-009  8.62e-006  6.16e-008  1.13e-005  
4.71061e+016 1.43e-013  9.89e-001  3.23e-003  1.39e-003  2.43e-003  8.69e-011  1.26e-003  1.02e-003  2.90e-011  2.90e-011  2.32e-009  1.75e-009  8.62e-006  6.09e-008  1.14e-005  
4.71746e+016 1.46e-013  9.89e-001  3.27e-003  1.41e-003  2.42e-003  9.20e-011  1.24e-003  1.01e-003  3.07e-011  3.07e-011  2.30e-009  1.73e-009  8.58e-006  5.68e-008  1.13e-005  
4.72860e+016 1.50e-013  9.88e-001  3.37e-003  1.45e-003  2.42e-003  1.03e-010  1.24e-003  1.01e-003  3.43e-011  3.43e-011  2.28e-009  1.72e-009  8.55e-006  4.78e-008  1.13e-005  
4.74240e+016 1.54e-013  9.88e-001  3.52e-003  1.51e-003  2.43e-003  1.23e-010  1.25e-003  1.01e-003  4.09e-011  4.09e-011  2.27e-009  1.71e-009  8.58e-006  3.65e-008  1.14e-005  
4.74305e+016 1.54e-013  9.88e-001  3.52e-003  1.52e-003  2.43e-003  1.24e-010  1.25e-003  1.01e-003  4.13e-011  4.13e-011  2.27e-009  1.71e-009  8.65e-006  3.60e-008  1.14e-005  
4.74313e+016 1.55e-013  9.88e-001  3.51e-003  1.51e-003  2.42e-003  1.23e-010  1.24e-003  1.01e-003  4.11e-011  4.11e-011  2.26e-009  1.70e-009  8.59e-006  3.57e-008  1.13e-005  
4.74348e+016 1.55e-013  9.88e-001  3.51e-003  1.51e-003  2.42e-003  1.24e-010  1.24e-003  1.01e-003  4.13e-011  4.13e-011  2.26e-009  1.70e-009  8.59e-006  3.53e-008  1.13e-005  
4.74406e+016 1.55e-013  9.88e-001  3.52e-003  1.52e-003  2.42e-003  1.25e-010  1.24e-003  1.01e-003  4.17e-011  4.17e-011  2.26e-009  1.71e-009  8.59e-006  3.38e-008  1.13e-005  
4.74503e+016 1.55e-013  9.88e-001  3.53e-003  1.52e-003  2.42e-003  1.28e-010  1.24e-003  1.01e-003  4.26e-011  4.26e-011  2.26e-009  1.71e-009  8.59e-006  2.96e-008  1.14e-005  
4.74676e+016 1.55e-013  9.88e-001  3.56e-003  1.53e-003  2.43e-003  1.34e-010  1.25e-003  1.01e-003  4.45e-011  4.45e-011  2.27e-009  1.71e-009  8.59e-006  2.33e-008  1.14e-005  
4.74972e+016 1.56e-013  9.88e-001  3.59e-003  1.55e-003  2.43e-003  1.44e-010  1.24e-003  1.01e-003  4.81e-011  4.81e-011  2.26e-009  1.71e-009  8.60e-006  1.83e-008  1.14e-005  
4.75283e+016 1.57e-013  9.88e-001  3.62e-003  1.56e-003  2.44e-003  1.57e-010  1.24e-003  1.01e-003  5.23e-011  5.23e-011  2.26e-009  1.71e-009  8.61e-006  1.70e-008  1.14e-005  
4.75365e+016 1.58e-013  9.88e-001  3.61e-003  1.55e-003  2.43e-003  1.60e-010  1.24e-003  1.01e-003  5.31e-011  5.31e-011  2.25e-009  1.70e-009  8.61e-006  1.68e-008  1.13e-005  
4.75556e+016 1.59e-013  9.88e-001  3.63e-003  1.56e-003  2.42e-003  1.67e-010  1.24e-003  1.01e-003  5.56e-011  5.56e-011  2.25e-009  1.69e-009  8.56e-006  1.67e-008  1.13e-005  
4.75856e+016 1.60e-013  9.88e-001  3.66e-003  1.58e-003  2.42e-003  1.78e-010  1.24e-003  1.01e-003  5.95e-011  5.95e-011  2.25e-009  1.69e-009  8.57e-006  1.68e-008  1.14e-005  
4.76342e+016 1.61e-013  9.88e-001  3.73e-003  1.60e-003  2.44e-003  1.98e-010  1.24e-003  1.02e-003  6.59e-011  6.59e-011  2.26e-009  1.70e-009  8.64e-006  1.67e-008  1.14e-005  
4.77120e+016 1.64e-013  9.88e-001  3.80e-003  1.64e-003  2.43e-003  2.26e-010  1.24e-003  1.02e-003  7.50e-011  7.50e-011  2.26e-009  1.70e-009  8.60e-006  1.54e-008  1.14e-005  
4.78339e+016 1.69e-013  9.88e-001  3.92e-003  1.69e-003  2.42e-003  2.77e-010  1.24e-003  1.01e-003  9.23e-011  9.23e-011  2.24e-009  1.69e-009  8.58e-006  1.24e-008  1.14e-005  
4.79819e+016 1.74e-013  9.87e-001  4.10e-003  1.76e-003  2.43e-003  3.70e-010  1.23e-003  1.02e-003  1.23e-010  1.23e-010  2.24e-009  1.69e-009  8.61e-006  9.13e-009  1.15e-005  
4.80101e+016 1.75e-013  9.87e-001  4.13e-003  1.78e-003  2.44e-003  3.93e-010  1.24e-003  1.02e-003  1.31e-010  1.31e-010  2.24e-009  1.69e-009  8.62e-006  8.62e-009  1.15e-005  
4.80156e+016 1.76e-013  9.87e-001  4.12e-003  1.78e-003  2.42e-003  3.96e-010  1.23e-003  1.01e-003  1.32e-010  1.32e-010  2.24e-009  1.69e-009  8.57e-006  8.46e-009  1.14e-005  
4.80288e+016 1.76e-013  9.87e-001  4.14e-003  1.79e-003  2.43e-003  4.09e-010  1.24e-003  1.02e-003  1.36e-010  1.36e-010  2.24e-009  1.69e-009  8.57e-006  8.23e-009  1.15e-005  
4.80511e+016 1.77e-013  9.87e-001  4.16e-003  1.79e-003  2.43e-003  4.29e-010  1.24e-003  1.02e-003  1.43e-010  1.43e-010  2.24e-009  1.69e-009  8.58e-006  7.79e-009  1.15e-005  
4.80875e+016 1.78e-013  9.87e-001  4.21e-003  1.82e-003  2.43e-003  4.69e-010  1.23e-003  1.02e-003  1.57e-010  1.57e-010  2.24e-009  1.69e-009  8.58e-006  7.07e-009  1.14e-005  
4.81463e+016 1.80e-013  9.87e-001  4.29e-003  1.85e-003  2.44e-003  5.46e-010  1.24e-003  1.01e-003  1.82e-010  1.82e-010  2.25e-009  1.69e-009  8.60e-006  6.27e-009  1.15e-005  
4.82445e+016 1.84e-013  9.87e-001  4.40e-003  1.89e-003  2.43e-003  7.10e-010  1.23e-003  1.01e-003  2.36e-010  2.36e-010  2.24e-009  1.69e-009  8.57e-006  5.59e-009  1.15e-005  
4.83636e+016 1.89e-013  9.87e-001  4.54e-003  1.95e-003  2.43e-003  9.82e-010  1.23e-003  1.01e-003  3.27e-010  3.27e-010  2.23e-009  1.68e-009  8.60e-006  5.38e-009  1.15e-005  
4.84912e+016 1.95e-013  9.87e-001  4.70e-003  2.02e-003  2.43e-003  1.40e-009  1.23e-003  1.01e-003  4.66e-010  4.66e-010  2.23e-009  1.68e-009  8.58e-006  5.55e-009  1.15e-005  
4.86294e+016 2.00e-013  9.86e-001  4.89e-003  2.10e-003  2.44e-003  2.08e-009  1.23e-003  1.02e-003  6.91e-010  6.91e-010  2.24e-009  1.69e-009  8.61e-006  6.31e-009  1.16e-005  
4.87591e+016 2.05e-013  9.86e-001  5.08e-003  2.18e-003  2.44e-003  3.04e-009  1.23e-003  1.02e-003  1.01e-009  1.01e-009  2.24e-009  1.68e-009  8.59e-006  7.61e-009  1.16e-005  
4.88968e+016 2.11e-013  9.85e-001  5.45e-003  2.34e-003  2.52e-003  4.72e-009  1.27e-003  1.05e-003  1.57e-009  1.57e-009  2.31e-009  1.74e-009  8.91e-006  1.01e-008  1.20e-005  
4.90444e+016 2.17e-013  9.83e-001  6.41e-003  2.77e-003  2.87e-003  8.31e-009  1.45e-003  1.20e-003  2.77e-009  2.77e-009  2.63e-009  1.98e-009  1.01e-005  1.56e-008  1.37e-005  
4.91980e+016 2.24e-013  9.80e-001  7.74e-003  3.32e-003  3.31e-003  1.51e-008  1.67e-003  1.38e-003  5.01e-009  5.01e-009  3.03e-009  2.29e-009  1.17e-005  2.56e-008  1.58e-005  
4.93317e+016 2.28e-013  9.76e-001  9.20e-003  3.95e-003  3.79e-003  2.56e-008  1.92e-003  1.58e-003  8.54e-009  8.54e-009  3.48e-009  2.62e-009  1.34e-005  4.07e-008  1.81e-005  
4.94239e+016 2.33e-013  9.74e-001  1.03e-002  4.46e-003  4.17e-003  3.66e-008  2.11e-003  1.74e-003  1.22e-008  1.22e-008  3.82e-009  2.88e-009  1.47e-005  5.66e-008  1.99e-005  
4.95192e+016 2.37e-013  9.70e-001  1.18e-002  5.06e-003  4.64e-003  5.36e-008  2.34e-003  1.93e-003  1.78e-008  1.78e-008  4.26e-009  3.20e-009  1.64e-005  8.02e-008  2.22e-005  
4.96202e+016 2.40e-013  9.66e-001  1.37e-002  5.87e-003  5.25e-003  8.04e-008  2.64e-003  2.18e-003  2.68e-008  2.68e-008  4.79e-009  3.61e-009  1.84e-005  1.17e-007  2.51e-005  
4.97297e+016 2.45e-013  9.61e-001  1.60e-002  6.91e-003  5.97e-003  1.24e-007  3.02e-003  2.49e-003  4.13e-008  4.13e-008  5.48e-009  4.13e-009  2.11e-005  1.76e-007  2.87e-005  
4.98461e+016 2.50e-013  9.54e-001  1.91e-002  8.21e-003  6.93e-003  1.98e-007  3.50e-003  2.89e-003  6.57e-008  6.57e-008  6.37e-009  4.81e-009  2.44e-005  2.70e-007  3.33e-005  
4.99670e+016 2.54e-013  9.45e-001  2.31e-002  9.96e-003  8.15e-003  3.20e-007  4.13e-003  3.39e-003  1.07e-007  1.07e-007  7.48e-009  5.63e-009  2.88e-005  4.17e-007  3.92e-005  
5.00936e+016 2.59e-013  9.33e-001  2.84e-002  1.23e-002  9.67e-003  5.28e-007  4.89e-003  4.05e-003  1.77e-007  1.77e-007  8.94e-009  6.75e-009  3.43e-005  6.48e-007  4.66e-005  
5.02240e+016 2.65e-013  9.17e-001  3.54e-002  1.53e-002  1.17e-002  8.87e-007  5.93e-003  4.87e-003  2.96e-007  2.96e-007  1.08e-008  8.15e-009  4.15e-005  1.00e-006  5.66e-005  
5.03584e+016 2.70e-013  8.97e-001  4.48e-002  1.93e-002  1.43e-002  1.51e-006  7.26e-003  5.97e-003  5.04e-007  5.04e-007  1.33e-008  1.00e-008  5.08e-005  1.55e-006  6.93e-005  
5.05026e+016 2.74e-013  8.68e-001  5.80e-002  2.49e-002  1.79e-002  2.65e-006  9.08e-003  7.48e-003  8.86e-007  8.86e-007  1.67e-008  1.26e-008  6.35e-005  2.41e-006  8.68e-005  
5.05959e+016 2.78e-013  8.46e-001  6.80e-002  2.93e-002  2.06e-002  3.78e-006  1.05e-002  8.60e-003  1.26e-006  1.26e-006  1.94e-008  1.46e-008  7.31e-005  3.16e-006  1.00e-004  
5.06957e+016 2.81e-013  8.18e-001  8.11e-002  3.49e-002  2.40e-002  5.48e-006  1.22e-002  1.00e-002  1.83e-006  1.83e-006  2.28e-008  1.71e-008  8.54e-005  4.20e-006  1.17e-004  
5.07988e+016 2.85e-013  7.85e-001  9.67e-002  4.17e-002  2.80e-002  7.95e-006  1.42e-002  1.17e-002  2.65e-006  2.65e-006  2.68e-008  2.02e-008  9.95e-005  5.53e-006  1.36e-004  
5.09058e+016 2.89e-013  7.43e-001  1.16e-001  5.01e-002  3.28e-002  1.16e-005  1.67e-002  1.37e-002  3.87e-006  3.87e-006  3.18e-008  2.39e-008  1.17e-004  7.30e-006  1.60e-004  
5.10237e+016 2.92e-013  6.91e-001  1.41e-001  6.09e-002  3.90e-002  1.74e-005  1.98e-002  1.62e-002  5.78e-006  5.78e-006  3.83e-008  2.89e-008  1.39e-004  9.81e-006  1.90e-004  
5.11496e+016 2.97e-013  6.26e-001  1.73e-001  7.44e-002  4.61e-002  2.61e-005  2.36e-002  1.93e-002  8.71e-006  8.71e-006  4.64e-008  3.50e-008  1.65e-004  1.32e-005  2.26e-004  
5.12843e+016 3.01e-013  5.48e-001  2.11e-001  9.06e-002  5.48e-002  3.95e-005  2.79e-002  2.29e-002  1.32e-005  1.32e-005  5.64e-008  4.25e-008  1.96e-004  1.77e-005  2.69e-004  
5.14296e+016 3.06e-013  4.57e-001  2.55e-001  1.10e-001  6.43e-002  6.01e-005  3.30e-002  2.69e-002  2.00e-005  2.00e-005  6.83e-008  5.13e-008  2.31e-004  2.35e-005  3.16e-004  
5.15425e+016 3.10e-013  3.87e-001  2.90e-001  1.25e-001  7.16e-002  8.06e-005  3.64e-002  2.99e-002  2.69e-005  2.69e-005  7.77e-008  5.87e-008  2.57e-004  2.87e-005  3.52e-004  
5.16792e+016 3.14e-013  3.04e-001  3.32e-001  1.43e-001  7.97e-002  1.13e-004  4.08e-002  3.32e-002  3.76e-005  3.76e-005  8.99e-008  6.79e-008  2.87e-004  3.57e-005  3.92e-004  
5.18319e+016 3.19e-013  2.22e-001  3.76e-001  1.61e-001  8.71e-002  1.57e-004  4.45e-002  3.63e-002  5.23e-005  5.23e-005  1.03e-007  7.74e-008  3.13e-004  4.35e-005  4.29e-004  
5.19950e+016 3.24e-013  1.50e-001  4.14e-001  1.78e-001  9.29e-002  2.15e-004  4.75e-002  3.89e-002  7.16e-005  7.16e-005  1.16e-007  8.77e-008  3.36e-004  5.25e-005  4.60e-004  
5.21655e+016 3.30e-013  9.46e-002  4.46e-001  1.91e-001  9.64e-002  2.86e-004  4.94e-002  4.03e-002  9.52e-005  9.52e-005  1.29e-007  9.71e-008  3.49e-004  6.10e-005  4.79e-004  
5.23457e+016 3.35e-013  5.53e-002  4.69e-001  2.02e-001  9.83e-002  3.74e-004  5.02e-002  4.09e-002  1.25e-004  1.25e-004  1.41e-007  1.06e-007  3.59e-004  6.96e-005  4.90e-004  
5.25384e+016 3.41e-013  2.97e-002  4.87e-001  2.09e-001  9.81e-002  4.85e-004  5.02e-002  4.08e-002  1.61e-004  1.61e-004  1.54e-007  1.16e-007  3.58e-004  7.84e-005  4.90e-004  
5.27451e+016 3.46e-013  1.45e-002  5.00e-001  2.15e-001  9.68e-002  6.18e-004  4.94e-002  4.04e-002  2.06e-004  2.06e-004  1.68e-007  1.27e-007  3.55e-004  8.72e-005  4.85e-004  
5.29668e+016 3.52e-013  6.37e-003  5.09e-001  2.19e-001  9.47e-002  7.87e-004  4.83e-002  3.95e-002  2.63e-004  2.63e-004  1.84e-007  1.39e-007  3.50e-004  9.67e-005  4.75e-004  
5.31993e+016 3.58e-013  2.52e-003  5.17e-001  2.23e-001  9.19e-002  9.94e-004  4.69e-002  3.83e-002  3.32e-004  3.32e-004  2.02e-007  1.52e-007  3.44e-004  1.06e-004  4.64e-004  
5.34440e+016 3.65e-013  8.96e-004  5.23e-001  2.25e-001  8.88e-002  1.24e-003  4.55e-002  3.70e-002  4.14e-004  4.14e-004  2.24e-007  1.69e-007  3.34e-004  1.15e-004  4.47e-004  
5.36995e+016 3.71e-013  2.83e-004  5.29e-001  2.27e-001  8.58e-002  1.55e-003  4.40e-002  3.59e-002  5.15e-004  5.15e-004  2.49e-007  1.87e-007  3.24e-004  1.26e-004  4.34e-004  
5.39765e+016 3.76e-013  7.71e-005  5.34e-001  2.30e-001  8.26e-002  1.93e-003  4.22e-002  3.45e-002  6.43e-004  6.43e-004  2.79e-007  2.10e-007  3.16e-004  1.37e-004  4.20e-004  
5.42627e+016 3.82e-013  1.80e-005  5.39e-001  2.33e-001  7.93e-002  2.39e-003  4.06e-002  3.32e-002  7.96e-004  7.96e-004  3.14e-007  2.36e-007  3.22e-004  1.48e-004  4.06e-004  
5.45738e+016 3.89e-013  3.29e-006  5.46e-001  2.35e-001  7.59e-002  2.96e-003  3.89e-002  3.17e-002  9.83e-004  9.83e-004  3.53e-007  2.65e-007  3.50e-004  1.59e-004  3.89e-004  
5.49079e+016 3.94e-013  4.85e-007  5.51e-001  2.37e-001  7.26e-002  3.65e-003  3.70e-002  3.02e-002  1.22e-003  1.22e-003  3.98e-007  3.02e-007  3.86e-004  1.71e-004  3.73e-004  
5.52575e+016 3.99e-013  5.53e-008  5.56e-001  2.39e-001  6.91e-002  4.48e-003  3.56e-002  2.88e-002  1.49e-003  1.49e-003  4.51e-007  3.38e-007  4.23e-004  1.82e-004  3.56e-004  
5.56155e+016 4.04e-013  5.02e-009  5.61e-001  2.41e-001  6.58e-002  5.41e-003  3.36e-002  2.74e-002  1.81e-003  1.81e-003  5.02e-007  3.78e-007  4.65e-004  1.92e-004  3.41e-004  
5.59918e+016 4.09e-013  3.55e-010  5.65e-001  2.43e-001  6.26e-002  6.53e-003  3.21e-002  2.62e-002  2.18e-003  2.18e-003  5.60e-007  4.21e-007  5.11e-004  2.01e-004  3.25e-004  
5.63913e+016 4.12e-013  1.70e-011  5.70e-001  2.45e-001  5.94e-002  7.84e-003  3.03e-002  2.47e-002  2.62e-003  2.62e-003  6.19e-007  4.66e-007  5.63e-004  2.09e-004  3.11e-004  
5.68226e+016 4.15e-013  5.13e-013  5.73e-001  2.48e-001  5.61e-002  9.39e-003  2.87e-002  2.34e-002  3.13e-003  3.13e-003  6.81e-007  5.13e-007  6.21e-004  2.14e-004  2.94e-004  
5.72780e+016 4.17e-013  9.37e-015  5.77e-001  2.49e-001  5.27e-002  1.12e-002  2.71e-002  2.20e-002  3.71e-003  3.71e-003  7.45e-007  5.61e-007  6.88e-004  2.17e-004  2.80e-004  
5.77650e+016 4.18e-013  1.04e-016  5.82e-001  2.49e-001  4.96e-002  1.33e-002  2.54e-002  2.07e-002  4.43e-003  4.43e-003  8.10e-007  6.08e-007  7.59e-004  2.17e-004  2.66e-004  
5.82707e+016 4.18e-013  7.18e-019  5.84e-001  2.51e-001  4.64e-002  1.56e-002  2.39e-002  1.94e-002  5.19e-003  5.19e-003  8.66e-007  6.53e-007  8.35e-004  2.14e-004  2.51e-004  
5.88124e+016 4.16e-013  2.39e-021  5.86e-001  2.52e-001  4.35e-002  1.82e-002  2.23e-002  1.81e-002  6.06e-003  6.06e-003  9.23e-007  6.94e-007  9.23e-004  2.08e-004  2.37e-004  
5.93801e+016 4.12e-013  4.08e-024  5.88e-001  2.53e-001  4.06e-002  2.12e-002  2.09e-002  1.70e-002  7.07e-003  7.07e-003  9.74e-007  7.34e-007  1.02e-003  2.01e-004  2.25e-004  
5.99878e+016 4.08e-013  3.53e-027  5.88e-001  2.55e-001  3.77e-002  2.44e-002  1.94e-002  1.57e-002  8.13e-003  8.13e-003  1.02e-006  7.67e-007  1.11e-003  1.91e-004  2.12e-004  
6.06254e+016 4.02e-013  1.48e-030  5.90e-001  2.54e-001  3.51e-002  2.79e-002  1.80e-002  1.46e-002  9.33e-003  9.33e-003  1.06e-006  7.99e-007  1.21e-003  1.81e-004  2.01e-004  
6.12860e+016 3.97e-013  3.45e-034  5.90e-001  2.55e-001  3.23e-002  3.18e-002  1.67e-002  1.35e-002  1.06e-002  1.06e-002  1.09e-006  8.22e-007  1.30e-003  1.70e-004  1.90e-004  
6.19772e+016 3.88e-013  4.30e-038  5.90e-001  2.54e-001  2.99e-002  3.58e-002  1.55e-002  1.25e-002  1.19e-002  1.19e-002  1.12e-006  8.45e-007  1.40e-003  1.62e-004  1.80e-004  
6.27006e+016 3.79e-013  2.90e-042  5.88e-001  2.54e-001  2.77e-002  4.01e-002  1.44e-002  1.16e-002  1.33e-002  1.33e-002  1.15e-006  8.65e-007  1.49e-003  1.54e-004  1.72e-004  
6.34752e+016 3.70e-013  8.89e-047  5.87e-001  2.53e-001  2.56e-002  4.46e-002  1.33e-002  1.07e-002  1.48e-002  1.48e-002  1.17e-006  8.84e-007  1.57e-003  1.48e-004  1.65e-004  
6.43223e+016 3.60e-013  1.03e-051  5.85e-001  2.52e-001  2.35e-002  4.94e-002  1.22e-002  9.79e-003  1.64e-002  1.64e-002  1.20e-006  9.02e-007  1.65e-003  1.43e-004  1.58e-004  
6.52408e+016 3.49e-013  5.42e-057  5.82e-001  2.51e-001  2.16e-002  5.47e-002  1.13e-002  9.00e-003  1.82e-002  1.82e-002  1.23e-006  9.26e-007  1.72e-003  1.40e-004  1.54e-004  
6.62440e+016 3.38e-013  1.31e-062  5.79e-001  2.49e-001  1.97e-002  6.00e-002  1.03e-002  8.25e-003  2.00e-002  2.00e-002  1.26e-006  9.49e-007  1.77e-003  1.40e-004  1.50e-004  
6.73219e+016 3.27e-013  2.13e-068  5.75e-001  2.48e-001  1.81e-002  6.58e-002  9.49e-003  7.56e-003  2.19e-002  2.19e-002  1.30e-006  9.82e-007  1.82e-003  1.42e-004  1.48e-004  
6.84641e+016 3.16e-013  3.42e-074  5.70e-001  2.46e-001  1.67e-002  7.16e-002  8.75e-003  6.94e-003  2.39e-002  2.39e-002  1.36e-006  1.02e-006  1.85e-003  1.46e-004  1.48e-004  
6.96945e+016 3.06e-013  5.04e-080  5.66e-001  2.44e-001  1.53e-002  7.72e-002  8.08e-003  6.41e-003  2.58e-002  2.58e-002  1.42e-006  1.07e-006  1.88e-003  1.52e-004  1.50e-004  
7.10391e+016 2.97e-013  0.00e+000  5.62e-001  2.42e-001  1.42e-002  8.28e-002  7.47e-003  5.92e-003  2.76e-002  2.76e-002  1.50e-006  1.13e-006  1.89e-003  1.60e-004  1.54e-004  
7.25155e+016 2.89e-013  0.00e+000  5.57e-001  2.39e-001  1.31e-002  8.86e-002  6.96e-003  5.47e-003  2.96e-002  2.96e-002  1.62e-006  1.22e-006  1.92e-003  1.72e-004  1.60e-004  
7.42223e+016 2.81e-013  0.00e+000  5.51e-001  2.37e-001  1.22e-002  9.46e-002  6.47e-003  5.09e-003  3.16e-002  3.16e-002  1.77e-006  1.33e-006  1.95e-003  1.90e-004  1.70e-004  
7.63108e+016 2.74e-013  0.00e+000  5.45e-001  2.35e-001  1.14e-002  1.01e-001  6.07e-003  4.75e-003  3.37e-002  3.37e-002  2.00e-006  1.51e-006  1.99e-003  2.16e-004  1.84e-004  
7.86896e+016 2.69e-013  0.00e+000  5.40e-001  2.32e-001  1.06e-002  1.06e-001  5.70e-003  4.43e-003  3.55e-002  3.55e-002  2.32e-006  1.74e-006  2.04e-003  2.49e-004  2.01e-004  
8.18150e+016 2.64e-013  0.00e+000  5.34e-001  2.30e-001  9.89e-003  1.12e-001  5.34e-003  4.13e-003  3.75e-002  3.75e-002  2.83e-006  2.13e-006  2.14e-003  3.00e-004  2.27e-004  
8.55776e+016 2.61e-013  0.00e+000  5.29e-001  2.28e-001  9.23e-003  1.18e-001  5.06e-003  3.87e-003  3.91e-002  3.91e-002  3.62e-006  2.72e-006  2.29e-003  3.75e-004  2.62e-004  
9.00548e+016 2.61e-013  0.00e+000  5.25e-001  2.25e-001  8.67e-003  1.21e-001  4.79e-003  3.62e-003  4.03e-002  4.03e-002  4.83e-006  3.63e-006  2.48e-003  4.83e-004  3.08e-004  
9.53916e+016 2.63e-013  0.00e+000  5.22e-001  2.25e-001  8.15e-003  1.23e-001  4.61e-003  3.40e-003  4.11e-002  4.11e-002  6.74e-006  5.07e-006  2.76e-003  6.48e-004  3.76e-004  
1.01535e+017 2.68e-013  0.00e+000  5.22e-001  2.25e-001  7.68e-003  1.23e-001  4.44e-003  3.20e-003  4.10e-002  4.10e-002  9.77e-006  7.38e-006  3.13e-003  9.02e-004  4.70e-004  
1.09249e+017 2.81e-013  0.00e+000  5.26e-001  2.27e-001  7.15e-003  1.19e-001  4.27e-003  2.98e-003  3.95e-002  3.95e-002  1.55e-005  1.17e-005  3.70e-003  1.37e-003  6.23e-004  
1.19176e+017 3.08e-013  0.00e+000  5.36e-001  2.31e-001  6.63e-003  1.08e-001  4.19e-003  2.77e-003  3.61e-002  3.61e-002  2.82e-005  2.13e-005  4.65e-003  2.41e-003  8.84e-004  
1.32448e+017 3.68e-013  0.00e+000  5.62e-001  2.41e-001  6.08e-003  8.09e-002  4.26e-003  2.53e-003  2.70e-002  2.70e-002  6.52e-005  4.92e-005  6.57e-003  5.51e-003  1.42e-003  
