! 0       H + H2O -> OH + H2
! 1       H2 + H2O -> OH + H2 + H
! 2       H2O + GRAIN -> *H2O + GRAIN
! 3       H + H2O -> OH + H + H
! 4       H2O + H3+ -> H2 + H3O+
! 5       H2O + H3CO+ -> H2CO + H3O+
! 6       H2O + CRPhoton -> OH + H
! 7       H2O + HCO+ -> CO + H3O+
! 8       CH3 + H2O -> OH + CH4
! 9       H2O + CRPhoton -> O + H2
! 10      H2O + H+ -> H + H2O+
! 11      H2O + C+ -> H + HOC+
! 12      O + H2O -> OH + OH
! 13      H2O + N2H+ -> N2 + H3O+
! 14      H2O + C+ -> H + HCO+
!            tot_rate   0          1          2          3          4          5          6          7          8          9          10         11         12         13         14         
1.58188e+013 1.49e-014  0.00e+000  0.00e+000  1.45e-002  0.00e+000  3.16e-001  7.98e-005  5.92e-003  2.46e-001  0.00e+000  1.77e-003  7.18e-002  2.19e-001  0.00e+000  1.21e-002  9.46e-002  
3.50727e+014 1.49e-014  0.00e+000  0.00e+000  1.45e-002  0.00e+000  3.16e-001  7.98e-005  5.92e-003  2.46e-001  0.00e+000  1.77e-003  7.18e-002  2.19e-001  0.00e+000  1.21e-002  9.46e-002  
5.21628e+015 1.49e-014  0.00e+000  0.00e+000  1.46e-002  0.00e+000  3.16e-001  7.99e-005  5.93e-003  2.46e-001  0.00e+000  1.77e-003  7.18e-002  2.19e-001  0.00e+000  1.21e-002  9.47e-002  
2.67137e+016 9.57e-015  0.00e+000  0.00e+000  5.82e-002  0.00e+000  3.60e-001  4.43e-005  9.24e-003  1.92e-001  0.00e+000  2.77e-003  8.71e-002  1.85e-001  0.00e+000  1.04e-002  7.95e-002  
3.33598e+016 4.20e-015  0.00e+000  0.00e+000  2.32e-001  0.00e+000  3.00e-001  2.69e-005  2.11e-002  1.64e-001  0.00e+000  6.33e-003  8.72e-002  1.19e-001  0.00e+000  1.03e-002  5.12e-002  
3.42055e+016 3.31e-015  0.00e+000  0.00e+000  2.23e-001  0.00e+000  2.92e-001  2.51e-005  2.68e-002  1.64e-001  0.00e+000  8.04e-003  1.05e-001  1.12e-001  0.00e+000  1.05e-002  4.84e-002  
3.44017e+016 3.11e-015  0.00e+000  0.00e+000  2.16e-001  0.00e+000  2.90e-001  2.46e-005  2.86e-002  1.65e-001  0.00e+000  8.56e-003  1.14e-001  1.11e-001  0.00e+000  1.05e-002  4.80e-002  
3.46353e+016 2.86e-015  0.00e+000  0.00e+000  2.06e-001  0.00e+000  2.87e-001  2.41e-005  3.11e-002  1.66e-001  0.00e+000  9.31e-003  1.25e-001  1.10e-001  0.00e+000  1.06e-002  4.72e-002  
3.48860e+016 2.60e-015  0.00e+000  0.00e+000  1.92e-001  0.00e+000  2.85e-001  2.36e-005  3.41e-002  1.67e-001  0.00e+000  1.02e-002  1.40e-001  1.07e-001  0.00e+000  1.07e-002  4.61e-002  
3.51370e+016 2.33e-015  0.00e+000  0.00e+000  1.77e-001  0.00e+000  2.83e-001  2.32e-005  3.81e-002  1.69e-001  0.00e+000  1.14e-002  1.58e-001  1.01e-001  0.00e+000  1.08e-002  4.34e-002  
3.53250e+016 2.10e-015  0.00e+000  0.00e+000  1.67e-001  0.00e+000  2.84e-001  2.33e-005  4.22e-002  1.73e-001  0.00e+000  1.27e-002  1.77e-001  8.66e-002  0.00e+000  1.11e-002  3.73e-002  
3.55515e+016 1.80e-015  0.00e+000  0.00e+000  1.57e-001  0.00e+000  2.96e-001  2.40e-005  4.93e-002  1.83e-001  0.00e+000  1.48e-002  2.09e-001  4.87e-002  0.00e+000  1.17e-002  2.10e-002  
3.57182e+016 1.59e-015  0.00e+000  0.00e+000  1.47e-001  0.00e+000  3.04e-001  2.48e-005  5.57e-002  1.91e-001  0.00e+000  1.67e-002  2.39e-001  1.66e-002  0.00e+000  1.22e-002  7.15e-003  
3.58524e+016 1.47e-015  0.00e+000  0.00e+000  1.36e-001  0.00e+000  3.04e-001  2.48e-005  6.04e-002  1.93e-001  0.00e+000  1.81e-002  2.61e-001  3.30e-003  0.00e+000  1.24e-002  1.42e-003  
3.60047e+016 1.37e-015  0.00e+000  0.00e+000  1.20e-001  0.00e+000  2.97e-001  2.43e-005  6.49e-002  1.91e-001  0.00e+000  1.94e-002  2.85e-001  2.77e-004  0.00e+000  1.23e-002  1.19e-004  
3.61718e+016 1.27e-015  0.00e+000  0.00e+000  1.02e-001  0.00e+000  2.85e-001  2.36e-005  7.01e-002  1.87e-001  0.00e+000  2.09e-002  3.12e-001  8.74e-005  0.00e+000  1.20e-002  3.78e-005  
3.62899e+016 1.21e-015  0.00e+000  0.00e+000  8.95e-002  0.00e+000  2.75e-001  2.30e-005  7.38e-002  1.83e-001  0.00e+000  2.21e-002  3.32e-001  7.22e-005  0.00e+000  1.18e-002  3.11e-005  
3.63893e+016 1.16e-015  0.00e+000  0.00e+000  7.95e-002  0.00e+000  2.67e-001  2.24e-005  7.69e-002  1.80e-001  0.00e+000  2.31e-002  3.51e-001  6.97e-005  0.00e+000  1.16e-002  3.01e-005  
3.64972e+016 1.11e-015  0.00e+000  0.00e+000  6.93e-002  0.00e+000  2.57e-001  2.16e-005  8.03e-002  1.75e-001  0.00e+000  2.40e-002  3.72e-001  6.70e-005  0.00e+000  1.13e-002  2.88e-005  
3.66124e+016 1.06e-015  0.00e+000  0.00e+000  5.95e-002  0.00e+000  2.45e-001  2.09e-005  8.40e-002  1.68e-001  0.00e+000  2.52e-002  3.96e-001  6.42e-005  0.00e+000  1.09e-002  2.76e-005  
3.67348e+016 1.07e-015  0.00e+000  0.00e+000  4.91e-002  0.00e+000  2.28e-001  2.12e-005  8.63e-002  1.72e-001  0.00e+000  2.59e-002  4.16e-001  6.03e-005  0.00e+000  1.12e-002  2.60e-005  
3.68621e+016 1.34e-015  0.00e+000  0.00e+000  3.96e-002  0.00e+000  2.08e-001  2.24e-005  8.74e-002  1.82e-001  9.03e-077  2.62e-002  4.34e-001  5.82e-005  0.00e+000  1.19e-002  2.50e-005  
3.69700e+016 2.34e-015  3.62e-074  0.00e+000  3.26e-002  0.00e+000  1.90e-001  2.33e-005  8.76e-002  1.91e-001  6.62e-062  2.62e-002  4.49e-001  6.28e-005  6.41e-067  1.25e-002  2.71e-005  
3.70376e+016 3.86e-015  4.32e-062  0.00e+000  2.87e-002  0.00e+000  1.79e-001  2.41e-005  8.77e-002  1.98e-001  2.61e-053  2.61e-002  4.56e-001  6.73e-005  3.70e-056  1.30e-002  2.90e-005  
3.71087e+016 7.09e-015  1.54e-050  0.00e+000  2.52e-002  0.00e+000  1.66e-001  2.48e-005  8.73e-002  2.06e-001  4.76e-045  2.61e-002  4.64e-001  7.34e-005  7.25e-046  1.35e-002  3.17e-005  
3.71826e+016 1.38e-014  5.48e-040  0.00e+000  2.20e-002  0.00e+000  1.59e-001  2.54e-005  8.60e-002  2.12e-001  1.89e-037  2.58e-002  4.68e-001  8.24e-005  1.82e-036  1.39e-002  3.53e-005  
3.72589e+016 2.80e-014  7.39e-031  0.00e+000  1.90e-002  0.00e+000  1.56e-001  2.61e-005  8.43e-002  2.19e-001  8.11e-031  2.52e-002  4.68e-001  9.36e-005  2.45e-028  1.45e-002  4.04e-005  
3.73370e+016 5.66e-014  2.01e-023  0.00e+000  1.65e-002  0.00e+000  1.52e-001  2.70e-005  8.25e-002  2.30e-001  2.38e-025  2.47e-002  4.64e-001  1.09e-004  1.02e-021  1.51e-002  4.71e-005  
3.74165e+016 1.13e-013  1.06e-017  0.00e+000  1.46e-002  0.00e+000  1.47e-001  2.87e-005  8.15e-002  2.43e-001  4.50e-021  2.44e-002  4.56e-001  1.29e-004  1.24e-016  1.61e-002  5.55e-005  
3.74829e+016 1.97e-013  4.45e-014  1.89e-076  1.35e-002  5.49e-080  1.41e-001  3.07e-005  8.13e-002  2.59e-001  2.59e-018  2.44e-002  4.44e-001  1.45e-004  2.06e-013  1.70e-002  6.25e-005  
3.75505e+016 3.34e-013  3.53e-011  4.19e-061  1.27e-002  1.22e-064  1.36e-001  3.41e-005  8.26e-002  2.82e-001  4.61e-016  2.47e-002  4.22e-001  1.59e-004  7.75e-011  1.84e-002  6.85e-005  
3.76194e+016 5.43e-013  8.83e-009  1.48e-048  1.24e-002  4.32e-052  1.31e-001  3.99e-005  8.57e-002  3.15e-001  3.74e-014  2.58e-002  3.85e-001  1.68e-004  1.05e-008  2.01e-002  7.23e-005  
3.76839e+016 8.00e-013  7.62e-007  1.35e-038  1.27e-002  3.95e-042  1.29e-001  4.91e-005  9.17e-002  3.59e-001  1.42e-012  2.75e-002  3.27e-001  1.74e-004  5.50e-007  2.25e-002  7.47e-005  
3.76854e+016 8.07e-013  8.37e-007  2.17e-038  1.26e-002  6.33e-042  1.29e-001  4.93e-005  9.19e-002  3.59e-001  1.54e-012  2.75e-002  3.26e-001  1.74e-004  5.97e-007  2.24e-002  7.49e-005  
3.76877e+016 8.16e-013  9.76e-007  4.77e-038  1.27e-002  1.38e-041  1.29e-001  4.99e-005  9.22e-002  3.61e-001  1.75e-012  2.76e-002  3.23e-001  1.74e-004  6.85e-007  2.27e-002  7.50e-005  
3.76917e+016 8.33e-013  1.26e-006  1.70e-037  1.27e-002  4.98e-041  1.28e-001  5.06e-005  9.27e-002  3.65e-001  2.16e-012  2.77e-002  3.19e-001  1.75e-004  8.57e-007  2.28e-002  7.52e-005  
3.76980e+016 8.63e-013  1.88e-006  1.32e-036  1.29e-002  3.85e-040  1.29e-001  5.18e-005  9.34e-002  3.70e-001  3.03e-012  2.79e-002  3.12e-001  1.75e-004  1.23e-006  2.31e-002  7.54e-005  
3.77083e+016 9.08e-013  3.57e-006  3.41e-035  1.30e-002  9.94e-039  1.28e-001  5.41e-005  9.49e-002  3.79e-001  5.19e-012  2.84e-002  3.01e-001  1.76e-004  2.17e-006  2.34e-002  7.60e-005  
3.77248e+016 9.85e-013  9.73e-006  5.37e-033  1.31e-002  1.56e-036  1.28e-001  5.80e-005  9.73e-002  3.94e-001  1.21e-011  2.91e-002  2.79e-001  1.79e-004  5.28e-006  2.43e-002  7.69e-005  
3.77450e+016 1.08e-012  3.14e-005  1.92e-030  1.34e-002  5.60e-034  1.28e-001  6.36e-005  1.00e-001  4.14e-001  3.28e-011  3.00e-002  2.52e-001  1.81e-004  1.49e-005  2.53e-002  7.80e-005  
3.77655e+016 1.16e-012  9.25e-005  4.22e-028  1.37e-002  1.23e-031  1.28e-001  7.00e-005  1.04e-001  4.35e-001  8.36e-011  3.10e-002  2.23e-001  1.83e-004  3.90e-005  2.62e-002  7.90e-005  
3.77936e+016 1.12e-012  2.50e-004  5.44e-026  1.41e-002  1.58e-029  1.26e-001  7.98e-005  1.08e-001  4.64e-001  2.00e-010  3.23e-002  1.85e-001  1.86e-004  9.40e-005  2.76e-002  8.04e-005  
3.78016e+016 1.11e-012  3.28e-004  2.10e-025  1.43e-002  6.12e-029  1.26e-001  8.27e-005  1.09e-001  4.71e-001  2.54e-010  3.26e-002  1.75e-001  1.87e-004  1.20e-004  2.78e-002  8.05e-005  
3.78111e+016 1.09e-012  4.55e-004  1.05e-024  1.43e-002  3.06e-028  1.25e-001  8.62e-005  1.11e-001  4.80e-001  3.40e-010  3.30e-002  1.64e-001  1.87e-004  1.60e-004  2.82e-002  8.07e-005  
3.78273e+016 1.08e-012  7.91e-004  1.58e-023  1.45e-002  4.60e-027  1.24e-001  9.20e-005  1.12e-001  4.94e-001  5.58e-010  3.36e-002  1.46e-001  1.88e-004  2.61e-004  2.88e-002  8.09e-005  
3.78530e+016 1.05e-012  1.86e-003  1.05e-021  1.47e-002  3.07e-025  1.21e-001  1.01e-004  1.15e-001  5.14e-001  1.20e-009  3.43e-002  1.21e-001  1.87e-004  5.53e-004  2.95e-002  8.06e-005  
3.78818e+016 1.04e-012  4.65e-003  9.73e-020  1.48e-002  2.83e-023  1.17e-001  1.12e-004  1.17e-001  5.34e-001  2.83e-009  3.49e-002  9.73e-002  1.85e-004  1.24e-003  3.01e-002  7.96e-005  
3.79076e+016 1.03e-012  1.01e-002  4.41e-018  1.49e-002  1.29e-021  1.12e-001  1.21e-004  1.17e-001  5.46e-001  5.94e-009  3.51e-002  7.99e-002  1.81e-004  2.44e-003  3.03e-002  7.80e-005  
3.79253e+016 1.03e-012  1.67e-002  5.32e-017  1.48e-002  1.56e-020  1.08e-001  1.27e-004  1.17e-001  5.52e-001  9.77e-009  3.50e-002  6.95e-002  1.78e-004  3.77e-003  3.03e-002  7.65e-005  
3.79502e+016 1.05e-012  3.25e-002  1.46e-015  1.46e-002  4.28e-019  1.03e-001  1.34e-004  1.15e-001  5.54e-001  1.93e-008  3.46e-002  5.67e-002  1.71e-004  6.66e-003  2.98e-002  7.35e-005  
3.79755e+016 1.08e-012  6.11e-002  3.47e-014  1.42e-002  1.02e-017  9.53e-002  1.38e-004  1.12e-001  5.46e-001  3.77e-008  3.36e-002  4.59e-002  1.61e-004  1.13e-002  2.89e-002  6.95e-005  
3.79897e+016 1.11e-012  8.44e-002  1.83e-013  1.37e-002  5.39e-017  9.08e-002  1.39e-004  1.09e-001  5.36e-001  5.45e-008  3.26e-002  4.04e-002  1.55e-004  1.46e-002  2.79e-002  6.65e-005  
3.79918e+016 1.12e-012  8.86e-002  2.35e-013  1.37e-002  6.94e-017  8.95e-002  1.40e-004  1.08e-001  5.33e-001  5.76e-008  3.25e-002  3.97e-002  1.53e-004  1.53e-002  2.78e-002  6.61e-005  
3.79956e+016 1.13e-012  9.57e-002  3.57e-013  1.36e-002  1.05e-016  8.84e-002  1.39e-004  1.07e-001  5.30e-001  6.32e-008  3.22e-002  3.84e-002  1.52e-004  1.63e-002  2.76e-002  6.51e-005  
3.80017e+016 1.15e-012  1.09e-001  7.02e-013  1.34e-002  2.07e-016  8.60e-002  1.39e-004  1.05e-001  5.23e-001  7.36e-008  3.17e-002  3.63e-002  1.48e-004  1.80e-002  2.71e-002  6.37e-005  
3.80129e+016 1.19e-012  1.36e-001  2.29e-012  1.29e-002  6.78e-016  8.14e-002  1.38e-004  1.03e-001  5.08e-001  9.67e-008  3.06e-002  3.25e-002  1.41e-004  2.13e-002  2.61e-002  6.07e-005  
3.80319e+016 1.29e-012  1.93e-001  1.62e-011  1.20e-002  4.81e-015  7.31e-002  1.34e-004  9.48e-002  4.75e-001  1.52e-007  2.84e-002  2.68e-002  1.27e-004  2.77e-002  2.40e-002  5.50e-005  
3.80578e+016 1.50e-012  2.91e-001  1.93e-010  1.04e-002  5.77e-014  6.03e-002  1.22e-004  8.15e-002  4.15e-001  2.74e-007  2.45e-002  2.00e-002  1.07e-004  3.64e-002  2.06e-002  4.60e-005  
3.80629e+016 1.55e-012  3.12e-001  3.03e-010  1.00e-002  9.03e-014  5.78e-002  1.20e-004  7.87e-002  4.02e-001  3.05e-007  2.36e-002  1.88e-002  1.03e-004  3.78e-002  1.98e-002  4.43e-005  
3.80713e+016 1.65e-012  3.47e-001  6.13e-010  9.47e-003  1.83e-013  5.37e-002  1.15e-004  7.46e-002  3.80e-001  3.63e-007  2.23e-002  1.70e-002  9.59e-005  3.99e-002  1.86e-002  4.13e-005  
3.80859e+016 1.85e-012  4.09e-001  1.95e-009  8.49e-003  5.90e-013  4.69e-002  1.07e-004  6.65e-002  3.42e-001  4.85e-007  1.99e-002  1.42e-002  8.44e-005  4.28e-002  1.66e-002  3.62e-005  
3.81083e+016 2.29e-012  5.10e-001  1.12e-008  6.89e-003  3.40e-012  3.67e-002  9.07e-005  5.41e-002  2.80e-001  7.50e-007  1.61e-002  1.04e-002  6.63e-005  4.53e-002  1.33e-002  2.86e-005  
3.81265e+016 2.78e-012  5.86e-001  4.10e-008  5.76e-003  1.26e-011  2.96e-002  7.81e-005  4.46e-002  2.34e-001  1.06e-006  1.34e-002  8.06e-003  5.40e-005  4.46e-002  1.09e-002  2.32e-005  
3.81480e+016 3.52e-012  6.65e-001  1.54e-007  4.61e-003  4.80e-011  2.28e-002  6.51e-005  3.55e-002  1.87e-001  1.58e-006  1.07e-002  5.94e-003  4.18e-005  4.09e-002  8.59e-003  1.80e-005  
3.81769e+016 5.03e-012  7.59e-001  8.90e-007  3.28e-003  2.84e-010  1.55e-002  4.89e-005  2.52e-002  1.34e-001  2.92e-006  7.53e-003  3.85e-003  2.84e-005  3.30e-002  5.96e-003  1.23e-005  
3.81836e+016 5.47e-012  7.77e-001  1.28e-006  3.04e-003  4.10e-010  1.42e-002  4.57e-005  2.32e-002  1.24e-001  3.40e-006  6.97e-003  3.49e-003  2.61e-005  3.07e-002  5.47e-003  1.12e-005  
3.81952e+016 6.28e-012  8.05e-001  2.31e-006  2.66e-003  7.44e-010  1.22e-002  4.09e-005  2.04e-002  1.09e-001  4.52e-006  6.10e-003  2.98e-003  2.25e-005  2.69e-002  4.75e-003  9.70e-006  
3.82149e+016 8.04e-012  8.47e-001  6.27e-006  2.11e-003  2.05e-009  9.36e-003  3.35e-005  1.60e-002  8.59e-002  7.67e-006  4.80e-003  2.24e-003  1.73e-005  2.04e-002  3.69e-003  7.45e-006  
3.82433e+016 1.14e-011  8.93e-001  2.35e-005  1.52e-003  7.82e-009  6.44e-003  2.52e-005  1.15e-002  6.16e-002  1.77e-005  3.43e-003  1.51e-003  1.19e-005  1.22e-002  2.57e-003  5.13e-006  
3.82740e+016 1.64e-011  9.27e-001  8.48e-005  1.09e-003  2.87e-008  4.38e-003  1.88e-005  8.05e-003  4.36e-002  4.39e-005  2.42e-003  1.00e-003  8.05e-006  5.81e-003  1.76e-003  3.48e-006  
3.83054e+016 2.32e-011  9.50e-001  2.73e-004  7.86e-004  9.33e-008  3.02e-003  1.42e-005  5.79e-003  3.11e-002  1.01e-004  1.73e-003  6.82e-004  5.53e-006  2.18e-003  1.22e-003  2.39e-006  
3.83376e+016 3.19e-011  9.64e-001  8.01e-004  5.81e-004  2.75e-007  2.14e-003  1.09e-005  4.21e-003  2.28e-002  2.01e-004  1.26e-003  4.77e-004  3.89e-006  6.15e-004  8.63e-004  1.68e-006  
3.83751e+016 4.49e-011  9.73e-001  2.43e-003  4.21e-004  8.35e-007  1.47e-003  8.24e-006  3.00e-003  1.61e-002  3.27e-004  8.99e-004  3.25e-004  2.65e-006  9.37e-005  5.90e-004  1.14e-006  
3.84132e+016 6.15e-011  9.75e-001  6.40e-003  3.14e-004  2.21e-006  1.04e-003  6.39e-006  2.19e-003  1.18e-002  4.02e-004  6.60e-004  2.29e-004  1.85e-006  8.65e-006  4.11e-004  7.98e-007  
3.84531e+016 8.35e-011  9.71e-001  1.54e-002  2.36e-004  5.41e-006  7.43e-004  4.99e-006  1.63e-003  8.61e-003  4.69e-004  4.87e-004  1.64e-004  1.30e-006  2.30e-006  2.89e-004  5.63e-007  
3.84962e+016 1.13e-010  9.55e-001  3.49e-002  1.79e-004  1.23e-005  5.35e-004  3.93e-006  1.21e-003  6.30e-003  6.11e-004  3.62e-004  1.17e-004  9.28e-007  1.56e-006  2.02e-004  3.99e-007  
3.85449e+016 1.23e-010  8.96e-001  9.45e-002  1.70e-004  3.39e-005  4.81e-004  3.89e-006  1.12e-003  5.73e-003  7.48e-004  3.36e-004  1.04e-004  8.14e-007  1.46e-006  1.73e-004  3.51e-007  
3.85990e+016 1.46e-010  7.74e-001  2.17e-001  1.48e-004  7.95e-005  3.95e-004  3.54e-006  9.53e-004  4.73e-003  7.88e-004  2.84e-004  8.50e-005  6.55e-007  1.32e-006  1.34e-004  2.82e-007  
3.86597e+016 1.98e-010  5.91e-001  4.03e-001  1.13e-004  1.50e-004  2.84e-004  2.80e-006  7.02e-004  3.37e-003  7.37e-004  2.11e-004  6.06e-005  4.60e-007  1.25e-006  8.94e-005  1.98e-007  
3.87288e+016 3.10e-010  3.96e-001  5.99e-001  7.54e-005  2.33e-004  1.78e-004  1.87e-006  4.51e-004  2.06e-003  6.51e-004  1.35e-004  3.71e-005  2.81e-007  1.31e-006  5.06e-005  1.21e-007  
3.88139e+016 5.53e-010  2.40e-001  7.57e-001  4.44e-005  3.18e-004  9.81e-005  1.06e-006  2.55e-004  1.08e-003  5.08e-004  7.61e-005  2.01e-005  1.51e-007  1.32e-006  2.46e-005  6.52e-008  
3.89093e+016 9.92e-010  1.53e-001  8.45e-001  2.63e-005  4.00e-004  5.42e-005  5.67e-007  1.42e-004  5.54e-004  3.49e-004  4.27e-005  1.08e-005  8.23e-008  1.29e-006  1.17e-005  3.54e-008  
3.90068e+016 1.63e-009  1.13e-001  8.86e-001  1.70e-005  4.99e-004  3.30e-005  3.27e-007  8.74e-005  3.05e-004  2.30e-004  2.62e-005  6.46e-006  4.97e-008  1.27e-006  6.15e-006  2.14e-008  
3.91088e+016 2.47e-009  9.49e-002  9.04e-001  1.20e-005  6.40e-004  2.18e-005  2.01e-007  5.80e-005  1.78e-004  1.50e-004  1.74e-005  4.22e-006  3.28e-008  1.25e-006  3.56e-006  1.41e-008  
3.92181e+016 3.52e-009  8.92e-002  9.10e-001  9.01e-006  8.50e-004  1.54e-005  1.30e-007  4.12e-005  1.09e-004  9.92e-005  1.23e-005  2.96e-006  2.32e-008  1.23e-006  2.23e-006  1.00e-008  
3.93325e+016 4.71e-009  9.19e-002  9.07e-001  7.26e-006  1.15e-003  1.16e-005  8.81e-008  3.10e-005  6.92e-005  6.84e-005  9.28e-006  2.23e-006  1.76e-008  1.20e-006  1.53e-006  7.60e-009  
3.94519e+016 5.96e-009  1.01e-001  8.97e-001  6.19e-006  1.55e-003  9.19e-006  6.27e-008  2.48e-005  4.61e-005  4.98e-005  7.43e-006  1.78e-006  1.42e-008  1.16e-006  1.14e-006  6.10e-009  
3.95803e+016 7.20e-009  1.17e-001  8.81e-001  5.59e-006  2.07e-003  7.70e-006  4.63e-008  2.08e-005  3.18e-005  3.86e-005  6.24e-006  1.51e-006  1.20e-008  1.10e-006  9.13e-007  5.16e-009  
3.97190e+016 8.29e-009  1.39e-001  8.58e-001  5.32e-006  2.69e-003  6.75e-006  3.52e-008  1.84e-005  2.30e-005  3.24e-005  5.51e-006  1.35e-006  1.06e-008  1.03e-006  7.80e-007  4.57e-009  
3.98699e+016 9.16e-009  1.69e-001  8.27e-001  5.33e-006  3.37e-003  6.20e-006  2.75e-008  1.70e-005  1.76e-005  2.94e-005  5.10e-006  1.28e-006  9.80e-009  9.36e-007  7.04e-007  4.22e-009  
4.00514e+016 9.78e-009  2.13e-001  7.83e-001  5.63e-006  4.11e-003  5.92e-006  2.15e-008  1.64e-005  1.41e-005  2.88e-005  4.91e-006  1.26e-006  9.42e-009  8.19e-007  6.67e-007  4.06e-009  
4.02549e+016 1.01e-008  2.70e-001  7.26e-001  6.27e-006  4.72e-003  5.87e-006  1.69e-008  1.64e-005  1.24e-005  3.06e-005  4.91e-006  1.29e-006  9.38e-009  6.89e-007  6.59e-007  4.03e-009  
4.04761e+016 1.01e-008  3.40e-001  6.55e-001  7.27e-006  5.06e-003  6.02e-006  1.34e-008  1.69e-005  1.19e-005  3.48e-005  5.06e-006  1.36e-006  9.62e-009  5.60e-007  6.75e-007  4.14e-009  
4.07070e+016 9.97e-009  4.20e-001  5.75e-001  8.61e-006  5.07e-003  6.29e-006  1.07e-008  1.77e-005  1.20e-005  4.10e-005  5.32e-006  1.45e-006  1.00e-008  4.44e-007  7.07e-007  4.32e-009  
4.09451e+016 9.77e-009  5.09e-001  4.86e-001  1.03e-005  4.76e-003  6.63e-006  8.60e-009  1.88e-005  1.28e-005  4.92e-005  5.65e-006  1.58e-006  1.05e-008  3.47e-007  7.48e-007  4.55e-009  
4.11988e+016 9.57e-009  6.08e-001  3.88e-001  1.25e-005  4.11e-003  7.02e-006  6.86e-009  2.01e-005  1.37e-005  5.95e-005  6.02e-006  1.70e-006  1.12e-008  2.64e-007  7.95e-007  4.80e-009  
4.14624e+016 9.47e-009  7.09e-001  2.87e-001  1.52e-005  3.23e-003  7.39e-006  5.49e-009  2.12e-005  1.48e-005  7.06e-005  6.36e-006  1.82e-006  1.16e-008  2.01e-007  8.39e-007  5.01e-009  
4.17462e+016 9.57e-009  8.07e-001  1.90e-001  1.83e-005  2.24e-003  7.65e-006  4.34e-009  2.20e-005  1.57e-005  8.06e-005  6.61e-006  1.91e-006  1.20e-008  1.53e-007  8.71e-007  5.16e-009  
4.20512e+016 1.00e-008  8.90e-001  1.09e-001  2.17e-005  1.33e-003  7.71e-006  3.32e-009  2.23e-005  1.63e-005  8.57e-005  6.69e-006  1.96e-006  1.20e-008  1.19e-007  8.78e-007  5.18e-009  
4.23867e+016 1.09e-008  9.48e-001  5.14e-002  2.55e-005  6.42e-004  7.53e-006  2.43e-009  2.19e-005  1.64e-005  8.28e-005  6.55e-006  1.95e-006  1.18e-008  9.85e-008  8.55e-007  5.05e-009  
4.27356e+016 1.23e-008  9.80e-001  2.01e-002  2.91e-005  2.55e-004  7.14e-006  1.71e-009  2.07e-005  1.58e-005  7.22e-005  6.22e-006  1.87e-006  1.11e-008  8.82e-008  8.06e-007  4.79e-009  
4.30994e+016 1.42e-008  9.93e-001  6.32e-003  3.30e-005  8.10e-005  6.64e-006  1.21e-009  1.93e-005  1.49e-005  5.90e-005  5.78e-006  1.76e-006  1.04e-008  1.00e-007  7.47e-007  4.47e-009  
4.34671e+016 1.65e-008  9.98e-001  1.64e-003  3.74e-005  2.11e-005  6.17e-006  9.26e-010  1.79e-005  1.40e-005  4.86e-005  5.36e-006  1.65e-006  9.68e-009  1.34e-007  6.90e-007  4.16e-009  
4.38104e+016 1.53e-008  9.99e-001  4.86e-004  5.27e-005  6.29e-006  7.18e-006  9.67e-010  2.08e-005  1.65e-005  4.04e-005  6.24e-006  1.93e-006  1.13e-008  1.83e-007  8.03e-007  4.86e-009  
4.41007e+016 1.25e-008  1.00e+000  1.72e-004  8.08e-005  2.22e-006  9.44e-006  1.19e-009  2.73e-005  2.18e-005  3.49e-005  8.16e-006  2.53e-006  1.48e-008  2.41e-007  1.06e-006  6.37e-009  
4.42181e+016 1.13e-008  1.00e+000  1.05e-004  9.82e-005  1.36e-006  1.07e-005  1.33e-009  3.10e-005  2.49e-005  3.33e-005  9.29e-006  2.88e-006  1.68e-008  2.74e-007  1.20e-006  7.25e-009  
4.42811e+016 1.04e-008  1.00e+000  7.34e-005  1.12e-004  9.52e-007  1.18e-005  1.44e-009  3.41e-005  2.75e-005  3.21e-005  1.02e-005  3.17e-006  1.86e-008  3.14e-007  1.33e-006  8.01e-009  
4.43809e+016 9.97e-009  1.00e+000  5.54e-005  1.27e-004  7.19e-007  1.26e-005  1.51e-009  3.65e-005  2.95e-005  3.14e-005  1.09e-005  3.39e-006  1.99e-008  3.21e-007  1.41e-006  8.55e-009  
4.45030e+016 9.11e-009  1.00e+000  3.46e-005  1.54e-004  4.49e-007  1.43e-005  1.68e-009  4.10e-005  3.34e-005  3.04e-005  1.23e-005  3.82e-006  2.24e-008  3.05e-007  1.60e-006  9.65e-009  
4.45401e+016 8.08e-009  1.00e+000  2.23e-005  1.78e-004  2.88e-007  1.62e-005  1.89e-009  4.66e-005  3.80e-005  2.96e-005  1.40e-005  4.34e-006  2.55e-008  2.94e-007  1.82e-006  1.10e-008  
4.45998e+016 7.57e-009  1.00e+000  1.64e-005  1.99e-004  2.13e-007  1.76e-005  2.03e-009  5.06e-005  4.12e-005  2.91e-005  1.52e-005  4.70e-006  2.76e-008  2.80e-007  1.97e-006  1.19e-008  
4.46779e+016 7.53e-009  1.00e+000  1.42e-005  2.14e-004  1.85e-007  1.81e-005  2.04e-009  5.18e-005  4.23e-005  2.88e-005  1.55e-005  4.82e-006  2.83e-008  2.76e-007  2.02e-006  1.22e-008  
4.48006e+016 6.87e-009  1.00e+000  8.70e-006  2.58e-004  1.13e-007  2.04e-005  2.27e-009  5.85e-005  4.79e-005  2.79e-005  1.75e-005  5.44e-006  3.20e-008  2.62e-007  2.28e-006  1.38e-008  
4.48529e+016 5.42e-009  9.99e-001  3.67e-006  3.41e-004  4.76e-008  2.60e-005  2.88e-009  7.49e-005  6.16e-005  2.69e-005  2.25e-005  6.97e-006  4.09e-008  2.54e-007  2.93e-006  1.76e-008  
4.48834e+016 5.22e-009  9.99e-001  3.06e-006  3.62e-004  3.96e-008  2.72e-005  2.99e-009  7.83e-005  6.45e-005  2.66e-005  2.35e-005  7.29e-006  4.29e-008  2.32e-007  3.06e-006  1.85e-008  
4.49346e+016 5.34e-009  9.99e-001  3.03e-006  3.71e-004  3.93e-008  2.69e-005  2.92e-009  7.75e-005  6.40e-005  2.66e-005  2.32e-005  7.22e-006  4.25e-008  2.32e-007  3.03e-006  1.83e-008  
4.49870e+016 5.36e-009  9.99e-001  2.82e-006  3.84e-004  3.65e-008  2.72e-005  2.91e-009  7.83e-005  6.47e-005  2.65e-005  2.35e-005  7.29e-006  4.29e-008  2.31e-007  3.08e-006  1.85e-008  
4.50684e+016 5.10e-009  9.99e-001  2.10e-006  4.33e-004  2.70e-008  2.92e-005  3.08e-009  8.39e-005  6.94e-005  2.63e-005  2.51e-005  7.82e-006  4.60e-008  2.23e-007  3.29e-006  1.98e-008  
4.51867e+016 4.52e-009  9.99e-001  1.15e-006  5.37e-004  1.49e-008  3.40e-005  3.45e-009  9.73e-005  8.09e-005  2.56e-005  2.92e-005  9.06e-006  5.35e-008  2.10e-007  3.82e-006  2.30e-008  
4.51946e+016 3.49e-009  9.99e-001  4.67e-007  6.98e-004  6.07e-009  4.41e-005  4.47e-009  1.26e-004  1.05e-004  2.47e-005  3.78e-005  1.18e-005  6.93e-008  2.12e-007  4.95e-006  2.98e-008  
4.52061e+016 3.33e-009  9.99e-001  3.96e-007  7.38e-004  5.13e-009  4.65e-005  4.68e-009  1.33e-004  1.10e-004  2.47e-005  3.96e-005  1.24e-005  7.29e-008  1.95e-007  5.22e-006  3.12e-008  
4.52265e+016 3.36e-009  9.99e-001  3.92e-007  7.43e-004  5.08e-009  4.64e-005  4.64e-009  1.32e-004  1.10e-004  2.46e-005  3.95e-005  1.23e-005  7.25e-008  1.86e-007  5.20e-006  3.12e-008  
4.52632e+016 3.42e-009  9.99e-001  3.91e-007  7.54e-004  5.08e-009  4.64e-005  4.56e-009  1.31e-004  1.09e-004  2.47e-005  3.91e-005  1.22e-005  7.18e-008  1.85e-007  5.14e-006  3.10e-008  
4.53239e+016 3.49e-009  9.99e-001  3.81e-007  7.78e-004  4.92e-009  4.69e-005  4.44e-009  1.30e-004  1.08e-004  2.47e-005  3.89e-005  1.21e-005  7.15e-008  1.85e-007  5.09e-006  3.09e-008  
4.54167e+016 3.32e-009  9.99e-001  2.71e-007  8.81e-004  3.52e-009  5.14e-005  4.66e-009  1.40e-004  1.16e-004  2.44e-005  4.18e-005  1.31e-005  7.70e-008  1.79e-007  5.47e-006  3.31e-008  
4.55446e+016 2.88e-009  9.98e-001  1.33e-007  1.13e-003  1.72e-009  6.27e-005  5.30e-009  1.66e-004  1.38e-004  2.39e-005  4.99e-005  1.55e-005  9.15e-008  1.65e-007  6.45e-006  3.95e-008  
4.55658e+016 2.62e-009  9.98e-001  9.22e-008  1.26e-003  1.19e-009  6.97e-005  5.83e-009  1.84e-004  1.52e-004  2.37e-005  5.49e-005  1.72e-005  1.01e-007  1.65e-007  7.12e-006  4.34e-008  
4.55697e+016 2.05e-009  9.98e-001  3.93e-008  1.62e-003  5.11e-010  8.91e-005  7.45e-009  2.35e-004  1.94e-004  2.32e-005  7.01e-005  2.19e-005  1.29e-007  1.68e-007  9.10e-006  5.55e-008  
4.55761e+016 1.92e-009  9.98e-001  3.09e-008  1.73e-003  4.00e-010  9.51e-005  7.90e-009  2.51e-004  2.08e-004  2.31e-005  7.53e-005  2.34e-005  1.38e-007  1.61e-007  9.72e-006  5.92e-008  
4.55871e+016 1.93e-009  9.98e-001  3.06e-008  1.74e-003  3.97e-010  9.51e-005  7.86e-009  2.51e-004  2.07e-004  2.31e-005  7.49e-005  2.34e-005  1.37e-007  1.48e-007  9.72e-006  5.94e-008  
4.56066e+016 1.95e-009  9.98e-001  3.06e-008  1.75e-003  3.96e-010  9.51e-005  7.78e-009  2.49e-004  2.06e-004  2.31e-005  7.47e-005  2.33e-005  1.37e-007  1.41e-007  9.67e-006  5.88e-008  
4.56410e+016 1.98e-009  9.98e-001  3.06e-008  1.77e-003  3.96e-010  9.52e-005  7.61e-009  2.47e-004  2.04e-004  2.32e-005  7.41e-005  2.31e-005  1.36e-007  1.40e-007  9.57e-006  5.84e-008  
4.56849e+016 2.04e-009  9.98e-001  3.05e-008  1.79e-003  3.95e-010  9.48e-005  7.37e-009  2.44e-004  2.01e-004  2.31e-005  7.32e-005  2.28e-005  1.34e-007  1.40e-007  9.43e-006  5.80e-008  
4.57241e+016 2.04e-009  9.97e-001  2.84e-008  1.85e-003  3.69e-010  9.63e-005  7.32e-009  2.47e-004  2.03e-004  2.31e-005  7.37e-005  2.30e-005  1.36e-007  1.39e-007  9.48e-006  5.85e-008  
4.57850e+016 1.96e-009  9.97e-001  2.23e-008  2.03e-003  2.89e-010  1.03e-004  7.57e-009  2.60e-004  2.14e-004  2.30e-005  7.77e-005  2.43e-005  1.43e-007  1.37e-007  1.00e-005  6.14e-008  
4.58802e+016 1.75e-009  9.97e-001  1.27e-008  2.46e-003  1.65e-010  1.20e-004  8.31e-009  2.98e-004  2.45e-004  2.29e-005  8.94e-005  2.80e-005  1.64e-007  1.29e-007  1.14e-005  7.05e-008  
4.59720e+016 1.53e-009  9.96e-001  6.68e-009  3.04e-003  8.71e-011  1.43e-004  9.37e-009  3.49e-004  2.86e-004  2.27e-005  1.05e-004  3.28e-005  1.92e-007  1.21e-007  1.33e-005  8.26e-008  
4.59734e+016 1.37e-009  9.95e-001  4.38e-009  3.40e-003  5.67e-011  1.60e-004  1.05e-008  3.90e-004  3.19e-004  2.24e-005  1.17e-004  3.66e-005  2.14e-007  1.22e-007  1.49e-005  9.22e-008  
4.59759e+016 1.07e-009  9.94e-001  1.78e-009  4.34e-003  2.31e-011  2.05e-004  1.34e-008  5.00e-004  4.09e-004  2.20e-005  1.50e-004  4.68e-005  2.75e-007  1.26e-007  1.90e-005  1.18e-007  
4.59802e+016 9.58e-010  9.94e-001  1.21e-009  4.85e-003  1.58e-011  2.30e-004  1.48e-008  5.56e-004  4.55e-004  2.20e-005  1.67e-004  5.22e-005  3.06e-007  1.25e-007  2.12e-005  1.32e-007  
4.59873e+016 9.56e-010  9.94e-001  1.19e-009  4.88e-003  1.55e-011  2.30e-004  1.49e-008  5.58e-004  4.57e-004  2.21e-005  1.67e-004  5.24e-005  3.06e-007  1.18e-007  2.12e-005  1.32e-007  
4.59993e+016 9.61e-010  9.93e-001  1.19e-009  4.91e-003  1.54e-011  2.30e-004  1.48e-008  5.58e-004  4.56e-004  2.21e-005  1.66e-004  5.22e-005  3.06e-007  1.08e-007  2.12e-005  1.32e-007  
4.60196e+016 9.71e-010  9.93e-001  1.18e-009  4.94e-003  1.53e-011  2.30e-004  1.45e-008  5.55e-004  4.52e-004  2.20e-005  1.66e-004  5.20e-005  3.05e-007  1.03e-007  2.11e-005  1.31e-007  
4.60580e+016 9.91e-010  9.93e-001  1.18e-009  5.01e-003  1.53e-011  2.29e-004  1.40e-008  5.49e-004  4.47e-004  2.21e-005  1.65e-004  5.15e-005  3.02e-007  1.01e-007  2.08e-005  1.30e-007  
4.61139e+016 1.02e-009  9.93e-001  1.17e-009  5.11e-003  1.51e-011  2.29e-004  1.35e-008  5.43e-004  4.42e-004  2.21e-005  1.62e-004  5.08e-005  2.98e-007  1.00e-007  2.06e-005  1.28e-007  
4.61801e+016 9.86e-010  9.93e-001  9.31e-010  5.58e-003  1.21e-011  2.43e-004  1.37e-008  5.69e-004  4.61e-004  2.21e-005  1.70e-004  5.33e-005  3.12e-007  9.95e-008  2.14e-005  1.34e-007  
4.62829e+016 8.70e-010  9.91e-001  4.85e-010  6.90e-003  6.29e-012  2.90e-004  1.51e-008  6.62e-004  5.35e-004  2.21e-005  1.98e-004  6.22e-005  3.62e-007  9.44e-008  2.48e-005  1.56e-007  
4.63958e+016 7.19e-010  9.88e-001  1.95e-010  9.16e-003  2.52e-012  3.68e-004  1.75e-008  8.23e-004  6.62e-004  2.20e-005  2.46e-004  7.73e-005  4.50e-007  8.77e-008  3.06e-005  1.95e-007  
4.64165e+016 6.71e-010  9.87e-001  1.44e-010  9.98e-003  1.88e-012  3.98e-004  1.86e-008  8.86e-004  7.12e-004  2.19e-005  2.65e-004  8.33e-005  4.86e-007  8.67e-008  3.29e-005  2.09e-007  
4.64187e+016 5.15e-010  9.84e-001  5.37e-011  1.30e-002  6.97e-013  5.18e-004  2.43e-008  1.15e-003  9.27e-004  2.17e-005  3.45e-004  1.08e-004  6.33e-007  8.94e-008  4.29e-005  2.72e-007  
4.64224e+016 4.05e-010  9.79e-001  2.15e-011  1.65e-002  2.79e-013  6.59e-004  3.06e-008  1.47e-003  1.18e-003  2.16e-005  4.39e-004  1.38e-004  8.04e-007  9.15e-008  5.45e-005  3.45e-007  
4.64286e+016 3.80e-010  9.78e-001  1.67e-011  1.77e-002  2.16e-013  7.04e-004  3.26e-008  1.56e-003  1.26e-003  2.15e-005  4.68e-004  1.47e-004  8.57e-007  9.02e-008  5.81e-005  3.68e-007  
4.64396e+016 3.81e-010  9.78e-001  1.64e-011  1.78e-002  2.13e-013  7.05e-004  3.22e-008  1.56e-003  1.26e-003  2.15e-005  4.69e-004  1.47e-004  8.57e-007  8.47e-008  5.82e-005  3.70e-007  
4.64596e+016 3.85e-010  9.78e-001  1.64e-011  1.80e-002  2.12e-013  7.07e-004  3.17e-008  1.56e-003  1.25e-003  2.16e-005  4.68e-004  1.47e-004  8.58e-007  7.85e-008  5.80e-005  3.69e-007  
4.64933e+016 3.92e-010  9.77e-001  1.63e-011  1.81e-002  2.12e-013  7.04e-004  3.06e-008  1.54e-003  1.24e-003  2.16e-005  4.62e-004  1.45e-004  8.57e-007  7.45e-008  5.72e-005  3.70e-007  
4.65501e+016 4.03e-010  9.77e-001  1.63e-011  1.85e-002  2.12e-013  7.02e-004  2.90e-008  1.52e-003  1.22e-003  2.17e-005  4.56e-004  1.43e-004  8.58e-007  7.34e-008  5.63e-005  3.70e-007  
4.66259e+016 3.94e-010  9.75e-001  1.28e-011  2.02e-002  1.66e-013  7.44e-004  2.90e-008  1.59e-003  1.26e-003  2.17e-005  4.75e-004  1.50e-004  9.14e-007  7.29e-008  5.84e-005  3.94e-007  
4.67450e+016 3.33e-010  9.68e-001  5.29e-012  2.64e-002  6.88e-014  9.29e-004  3.31e-008  1.94e-003  1.53e-003  2.17e-005  5.80e-004  1.83e-004  1.15e-006  7.06e-008  7.06e-005  4.96e-007  
4.68726e+016 2.58e-010  9.55e-001  1.48e-012  3.80e-002  1.92e-014  1.27e-003  4.11e-008  2.58e-003  2.03e-003  2.15e-005  7.72e-004  2.44e-004  1.59e-006  6.79e-008  9.35e-005  6.83e-007  
4.69009e+016 2.41e-010  9.51e-001  1.08e-012  4.15e-002  1.40e-014  1.37e-003  4.36e-008  2.78e-003  2.18e-003  2.15e-005  8.34e-004  2.62e-004  1.72e-006  6.77e-008  1.00e-004  7.43e-007  
4.69024e+016 2.24e-010  9.47e-001  8.04e-013  4.47e-002  1.04e-014  1.48e-003  4.69e-008  2.99e-003  2.35e-003  2.15e-005  8.98e-004  2.83e-004  1.85e-006  6.83e-008  1.08e-004  7.99e-007  
4.69048e+016 1.87e-010  9.36e-001  3.76e-013  5.35e-002  4.87e-015  1.77e-003  5.56e-008  3.58e-003  2.81e-003  2.13e-005  1.08e-003  3.38e-004  2.22e-006  6.90e-008  1.29e-004  9.58e-007  
4.69090e+016 1.47e-010  9.19e-001  1.38e-013  6.81e-002  1.79e-015  2.26e-003  7.08e-008  4.56e-003  3.57e-003  2.11e-005  1.37e-003  4.31e-004  2.82e-006  7.01e-008  1.65e-004  1.22e-006  
4.69160e+016 1.19e-010  8.99e-001  5.53e-014  8.49e-002  7.17e-016  2.80e-003  8.74e-008  5.64e-003  4.42e-003  2.08e-005  1.69e-003  5.32e-004  3.50e-006  7.18e-008  2.03e-004  1.50e-006  
4.69279e+016 1.14e-010  8.94e-001  4.39e-014  8.94e-002  5.69e-016  2.93e-003  9.02e-008  5.90e-003  4.62e-003  2.07e-005  1.76e-003  5.56e-004  3.67e-006  7.23e-008  2.13e-004  1.58e-006  
4.69476e+016 1.14e-010  8.93e-001  4.32e-014  9.02e-002  5.60e-016  2.95e-003  8.93e-008  5.92e-003  4.63e-003  2.08e-005  1.77e-003  5.58e-004  3.70e-006  7.24e-008  2.14e-004  1.59e-006  
4.69806e+016 1.17e-010  8.92e-001  4.28e-014  9.09e-002  5.54e-016  2.93e-003  8.67e-008  5.85e-003  4.56e-003  2.08e-005  1.75e-003  5.53e-004  3.69e-006  7.13e-008  2.10e-004  1.59e-006  
4.70337e+016 1.19e-010  8.90e-001  4.29e-014  9.32e-002  5.55e-016  2.94e-003  8.26e-008  5.80e-003  4.51e-003  2.09e-005  1.74e-003  5.48e-004  3.71e-006  7.08e-008  2.08e-004  1.60e-006  
4.70622e+016 1.20e-010  8.89e-001  4.12e-014  9.47e-002  5.33e-016  2.95e-003  8.08e-008  5.78e-003  4.49e-003  2.08e-005  1.73e-003  5.47e-004  3.73e-006  7.02e-008  2.07e-004  1.60e-006  
4.71061e+016 1.18e-010  8.83e-001  3.42e-014  1.00e-001  4.43e-016  3.07e-003  8.14e-008  5.97e-003  4.66e-003  2.08e-005  1.79e-003  5.64e-004  3.90e-006  7.01e-008  2.16e-004  1.68e-006  
4.71746e+016 1.09e-010  8.67e-001  2.03e-014  1.14e-001  2.62e-016  3.41e-003  8.68e-008  6.55e-003  5.12e-003  2.06e-005  1.96e-003  6.19e-004  4.35e-006  7.01e-008  2.38e-004  1.87e-006  
4.72860e+016 8.95e-011  8.23e-001  5.91e-015  1.53e-001  7.65e-017  4.38e-003  1.03e-007  8.22e-003  6.42e-003  1.99e-005  2.46e-003  7.78e-004  5.63e-006  7.18e-008  3.04e-004  2.42e-006  
4.74240e+016 6.68e-011  7.36e-001  8.49e-016  2.30e-001  1.10e-017  6.23e-003  1.32e-007  1.14e-002  8.89e-003  1.84e-005  3.41e-003  1.08e-003  8.10e-006  7.48e-008  4.28e-004  3.49e-006  
4.74305e+016 6.59e-011  7.31e-001  7.68e-016  2.35e-001  9.94e-018  6.33e-003  1.33e-007  1.16e-002  9.03e-003  1.82e-005  3.46e-003  1.10e-003  8.22e-006  7.49e-008  4.35e-004  3.55e-006  
4.74313e+016 6.56e-011  7.30e-001  7.48e-016  2.36e-001  9.69e-018  6.35e-003  1.34e-007  1.16e-002  9.07e-003  1.83e-005  3.47e-003  1.10e-003  8.27e-006  7.50e-008  4.37e-004  3.57e-006  
4.74348e+016 6.31e-011  7.19e-001  5.96e-016  2.46e-001  7.71e-018  6.62e-003  1.39e-007  1.21e-002  9.43e-003  1.81e-005  3.61e-003  1.15e-003  8.62e-006  7.46e-008  4.55e-004  3.71e-006  
4.74406e+016 5.66e-011  6.85e-001  3.04e-016  2.75e-001  3.94e-018  7.38e-003  1.55e-007  1.35e-002  1.05e-002  1.74e-005  4.04e-003  1.28e-003  9.62e-006  7.31e-008  5.09e-004  4.15e-006  
4.74503e+016 4.70e-011  6.21e-001  8.93e-017  3.32e-001  1.16e-018  8.93e-003  1.85e-007  1.63e-002  1.27e-002  1.61e-005  4.87e-003  1.54e-003  1.16e-005  7.04e-008  6.12e-004  5.00e-006  
4.74676e+016 3.86e-011  5.33e-001  1.90e-017  4.09e-001  2.46e-019  1.09e-002  2.22e-007  1.98e-002  1.55e-002  1.42e-005  5.95e-003  1.88e-003  1.43e-005  6.73e-008  7.50e-004  6.13e-006  
4.74972e+016 3.47e-011  4.67e-001  6.12e-018  4.67e-001  7.91e-020  1.23e-002  2.43e-007  2.23e-002  1.74e-002  1.27e-005  6.66e-003  2.11e-003  1.61e-005  6.81e-008  8.45e-004  6.95e-006  
4.75283e+016 3.44e-011  4.51e-001  4.68e-018  4.83e-001  6.05e-020  1.26e-002  2.40e-007  2.26e-002  1.76e-002  1.23e-005  6.78e-003  2.15e-003  1.65e-005  7.24e-008  8.61e-004  7.10e-006  
4.75365e+016 3.45e-011  4.49e-001  4.55e-018  4.84e-001  5.89e-020  1.26e-002  2.38e-007  2.26e-002  1.76e-002  1.23e-005  6.76e-003  2.15e-003  1.65e-005  7.34e-008  8.61e-004  7.10e-006  
4.75556e+016 3.48e-011  4.45e-001  4.40e-018  4.89e-001  5.69e-020  1.26e-002  2.34e-007  2.25e-002  1.75e-002  1.22e-005  6.75e-003  2.14e-003  1.66e-005  7.59e-008  8.59e-004  7.13e-006  
4.75856e+016 3.53e-011  4.42e-001  4.19e-018  4.93e-001  5.44e-020  1.26e-002  2.27e-007  2.24e-002  1.74e-002  1.21e-005  6.68e-003  2.12e-003  1.66e-005  7.84e-008  8.58e-004  7.13e-006  
4.76342e+016 3.57e-011  4.24e-001  3.20e-018  5.10e-001  4.15e-020  1.27e-002  2.20e-007  2.24e-002  1.74e-002  1.17e-005  6.70e-003  2.13e-003  1.68e-005  7.97e-008  8.64e-004  7.24e-006  
4.77120e+016 3.49e-011  3.75e-001  1.39e-018  5.56e-001  1.80e-020  1.34e-002  2.16e-007  2.33e-002  1.81e-002  1.05e-005  6.99e-003  2.22e-003  1.79e-005  7.68e-008  9.08e-004  7.71e-006  
4.78339e+016 3.29e-011  2.75e-001  1.88e-019  6.50e-001  2.43e-021  1.50e-002  2.16e-007  2.55e-002  1.97e-002  8.05e-006  7.62e-003  2.42e-003  2.01e-005  6.68e-008  1.01e-003  8.68e-006  
4.79819e+016 3.17e-011  1.57e-001  7.52e-021  7.61e-001  9.73e-023  1.66e-002  2.07e-007  2.74e-002  2.12e-002  4.93e-006  8.21e-003  2.61e-003  2.25e-005  5.08e-008  1.10e-003  9.69e-006  
4.80101e+016 3.17e-011  1.38e-001  3.76e-021  7.80e-001  4.86e-023  1.68e-002  2.04e-007  2.76e-002  2.12e-002  4.42e-006  8.27e-003  2.63e-003  2.28e-005  4.73e-008  1.11e-003  9.85e-006  
4.80156e+016 3.17e-011  1.34e-001  3.22e-021  7.83e-001  4.17e-023  1.68e-002  2.03e-007  2.77e-002  2.13e-002  4.30e-006  8.28e-003  2.64e-003  2.29e-005  4.67e-008  1.12e-003  9.89e-006  
4.80288e+016 3.16e-011  1.25e-001  2.14e-021  7.92e-001  2.76e-023  1.70e-002  2.02e-007  2.79e-002  2.14e-002  4.02e-006  8.33e-003  2.65e-003  2.31e-005  4.47e-008  1.12e-003  9.98e-006  
4.80511e+016 3.15e-011  1.08e-001  9.77e-022  8.09e-001  1.26e-023  1.71e-002  2.00e-007  2.80e-002  2.15e-002  3.55e-006  8.37e-003  2.67e-003  2.34e-005  4.09e-008  1.14e-003  1.01e-005  
4.80875e+016 3.15e-011  8.35e-002  2.56e-022  8.32e-001  3.30e-024  1.74e-002  1.96e-007  2.83e-002  2.17e-002  2.84e-006  8.48e-003  2.70e-003  2.38e-005  3.53e-008  1.15e-003  1.03e-005  
4.81463e+016 3.19e-011  5.67e-002  3.42e-023  8.59e-001  4.42e-025  1.76e-002  1.87e-007  2.83e-002  2.17e-002  2.02e-006  8.46e-003  2.70e-003  2.42e-005  2.80e-008  1.16e-003  1.04e-005  
4.82445e+016 3.34e-011  3.20e-002  1.90e-024  8.85e-001  2.45e-026  1.75e-002  1.70e-007  2.76e-002  2.11e-002  1.22e-006  8.25e-003  2.64e-003  2.43e-005  2.04e-008  1.14e-003  1.04e-005  
4.83636e+016 3.60e-011  1.60e-002  6.24e-026  9.05e-001  8.08e-028  1.70e-002  1.51e-007  2.63e-002  2.00e-002  6.66e-007  7.88e-003  2.52e-003  2.39e-005  1.37e-008  1.10e-003  1.03e-005  
4.84912e+016 3.91e-011  6.90e-003  9.59e-028  9.18e-001  1.24e-029  1.65e-002  1.36e-007  2.50e-002  1.88e-002  3.22e-007  7.46e-003  2.39e-003  2.34e-005  8.05e-009  1.06e-003  1.01e-005  
4.86294e+016 4.32e-011  2.43e-003  5.42e-030  9.27e-001  7.00e-032  1.58e-002  1.27e-007  2.34e-002  1.74e-002  1.31e-007  7.00e-003  2.24e-003  2.26e-005  3.98e-009  1.00e-003  9.73e-006  
4.87591e+016 4.73e-011  8.10e-004  2.24e-032  9.32e-001  2.90e-034  1.51e-002  1.25e-007  2.20e-002  1.63e-002  5.14e-008  6.55e-003  2.10e-003  2.20e-005  1.85e-009  9.49e-004  9.45e-006  
4.88968e+016 5.22e-011  2.24e-004  3.51e-035  9.37e-001  4.52e-037  1.44e-002  1.30e-007  2.05e-002  1.51e-002  1.74e-008  6.13e-003  1.97e-003  2.20e-005  7.23e-010  8.95e-004  9.47e-006  
4.90444e+016 5.79e-011  4.72e-005  1.33e-038  9.42e-001  1.71e-040  1.37e-002  1.45e-007  1.90e-002  1.39e-002  4.75e-009  5.70e-003  1.83e-003  2.40e-005  2.21e-010  8.41e-004  1.04e-005  
4.91980e+016 6.43e-011  7.62e-006  1.22e-042  9.45e-001  1.57e-044  1.31e-002  1.74e-007  1.77e-002  1.28e-002  1.06e-009  5.30e-003  1.71e-003  2.69e-005  5.30e-011  7.90e-004  1.16e-005  
4.93317e+016 7.04e-011  1.27e-006  1.23e-046  9.49e-001  1.58e-048  1.25e-002  2.14e-007  1.66e-002  1.19e-002  2.46e-010  4.97e-003  1.60e-003  2.98e-005  1.25e-011  7.47e-004  1.28e-005  
4.94239e+016 7.49e-011  3.23e-007  1.08e-049  9.51e-001  1.39e-051  1.21e-002  2.51e-007  1.59e-002  1.13e-002  8.19e-011  4.75e-003  1.54e-003  3.22e-005  4.09e-012  7.18e-004  1.39e-005  
4.95192e+016 7.98e-011  6.98e-008  3.86e-053  9.53e-001  4.98e-055  1.18e-002  2.98e-007  1.52e-002  1.07e-002  2.39e-011  4.55e-003  1.48e-003  3.50e-005  1.14e-012  6.91e-004  1.50e-005  
4.96202e+016 8.50e-011  1.22e-008  4.49e-057  9.55e-001  5.78e-059  1.14e-002  3.61e-007  1.46e-002  1.02e-002  6.01e-012  4.35e-003  1.41e-003  3.86e-005  2.66e-013  6.63e-004  1.66e-005  
4.97297e+016 9.12e-011  1.58e-009  1.04e-061  9.57e-001  1.34e-063  1.11e-002  4.44e-007  1.38e-002  9.60e-003  1.19e-012  4.14e-003  1.35e-003  4.30e-005  4.70e-014  6.35e-004  1.85e-005  
4.98461e+016 9.80e-011  1.42e-010  3.38e-067  9.59e-001  4.35e-069  1.07e-002  5.55e-007  1.32e-002  9.06e-003  1.82e-013  3.94e-003  1.29e-003  4.87e-005  6.02e-015  6.06e-004  2.09e-005  
4.99670e+016 1.05e-010  9.14e-012  1.80e-073  9.61e-001  2.31e-075  1.04e-002  7.00e-007  1.26e-002  8.55e-003  2.16e-014  3.76e-003  1.23e-003  5.59e-005  5.70e-016  5.79e-004  2.41e-005  
5.00936e+016 1.13e-010  3.66e-013  7.40e-081  9.63e-001  9.54e-083  9.98e-003  8.83e-007  1.19e-002  8.04e-003  1.81e-015  3.56e-003  1.17e-003  6.52e-005  3.51e-017  5.52e-004  2.81e-005  
5.02240e+016 1.22e-010  8.91e-015  0.00e+000  9.64e-001  0.00e+000  9.56e-003  1.12e-006  1.13e-002  7.53e-003  1.06e-016  3.37e-003  1.10e-003  7.67e-005  1.39e-018  5.24e-004  3.30e-005  
5.03584e+016 1.31e-010  1.29e-016  0.00e+000  9.66e-001  0.00e+000  9.28e-003  1.41e-006  1.07e-002  7.07e-003  4.30e-018  3.20e-003  1.05e-003  9.20e-005  3.45e-020  4.99e-004  3.96e-005  
5.05026e+016 1.41e-010  7.11e-019  0.00e+000  9.67e-001  0.00e+000  9.03e-003  1.81e-006  1.02e-002  6.68e-003  8.68e-020  3.07e-003  1.01e-003  1.13e-004  3.62e-022  4.78e-004  4.86e-005  
5.05959e+016 1.48e-010  2.26e-020  0.00e+000  9.69e-001  0.00e+000  8.80e-003  2.15e-006  9.89e-003  6.41e-003  6.58e-021  2.96e-003  9.75e-004  1.28e-004  1.75e-023  4.63e-004  5.52e-005  
5.06957e+016 1.56e-010  4.79e-022  0.00e+000  9.70e-001  0.00e+000  8.60e-003  2.56e-006  9.50e-003  6.14e-003  3.74e-022  2.85e-003  9.37e-004  1.46e-004  5.91e-025  4.46e-004  6.31e-005  
5.07988e+016 1.65e-010  7.46e-024  0.00e+000  9.71e-001  0.00e+000  8.31e-003  3.03e-006  9.10e-003  5.86e-003  1.71e-023  2.73e-003  9.04e-004  1.67e-004  1.52e-026  4.28e-004  7.22e-005  
5.09058e+016 1.74e-010  1.07e-025  0.00e+000  9.72e-001  0.00e+000  8.11e-003  3.62e-006  8.80e-003  5.62e-003  7.47e-025  2.63e-003  8.68e-004  1.93e-004  3.61e-028  4.13e-004  8.34e-005  
5.10237e+016 1.84e-010  7.99e-028  0.00e+000  9.73e-001  0.00e+000  7.88e-003  4.35e-006  8.42e-003  5.39e-003  2.04e-026  2.53e-003  8.37e-004  2.24e-004  4.78e-030  3.98e-004  9.67e-005  
5.11496e+016 1.96e-010  3.88e-030  0.00e+000  9.74e-001  0.00e+000  7.65e-003  5.25e-006  8.06e-003  5.15e-003  4.12e-028  2.41e-003  8.00e-004  2.62e-004  4.35e-032  3.80e-004  1.13e-004  
5.12843e+016 2.09e-010  1.32e-032  0.00e+000  9.75e-001  0.00e+000  7.41e-003  6.36e-006  7.69e-003  4.92e-003  6.50e-030  2.30e-003  7.65e-004  3.03e-004  2.88e-034  3.63e-004  1.30e-004  
5.14296e+016 2.23e-010  2.14e-035  0.00e+000  9.76e-001  0.00e+000  7.16e-003  7.79e-006  7.34e-003  4.70e-003  6.09e-032  2.20e-003  7.34e-004  3.50e-004  9.80e-037  3.47e-004  1.50e-004  
5.15425e+016 2.36e-010  1.81e-037  0.00e+000  9.77e-001  0.00e+000  6.96e-003  9.09e-006  7.05e-003  4.54e-003  1.90e-033  2.11e-003  7.09e-004  3.82e-004  1.44e-038  3.35e-004  1.65e-004  
5.16792e+016 2.51e-010  5.82e-040  0.00e+000  9.77e-001  0.00e+000  6.78e-003  1.08e-005  6.74e-003  4.35e-003  2.97e-035  2.02e-003  6.78e-004  4.15e-004  8.94e-041  3.20e-004  1.80e-004  
5.18319e+016 2.69e-010  7.37e-043  0.00e+000  9.78e-001  0.00e+000  6.51e-003  1.31e-005  6.40e-003  4.13e-003  2.39e-037  1.92e-003  6.47e-004  4.46e-004  2.43e-043  3.04e-004  1.92e-004  
5.19950e+016 2.88e-010  2.55e-046  0.00e+000  9.79e-001  0.00e+000  6.32e-003  1.58e-005  6.11e-003  3.92e-003  7.67e-040  1.83e-003  6.18e-004  4.65e-004  2.07e-046  2.90e-004  2.01e-004  
5.21655e+016 3.09e-010  1.20e-049  0.00e+000  9.80e-001  0.00e+000  6.08e-003  1.92e-005  5.79e-003  3.72e-003  3.11e-042  1.73e-003  5.89e-004  4.76e-004  2.32e-049  2.75e-004  2.04e-004  
5.23457e+016 3.32e-010  2.91e-053  0.00e+000  9.81e-001  0.00e+000  5.87e-003  2.32e-005  5.51e-003  3.52e-003  7.88e-045  1.65e-003  5.60e-004  4.72e-004  1.44e-052  2.61e-004  2.03e-004  
5.25384e+016 3.58e-010  9.76e-057  0.00e+000  9.82e-001  0.00e+000  5.66e-003  2.82e-005  5.19e-003  3.29e-003  2.56e-047  1.56e-003  5.33e-004  4.63e-004  1.19e-055  2.47e-004  1.99e-004  
5.27451e+016 3.88e-010  1.23e-060  0.00e+000  9.83e-001  0.00e+000  5.44e-003  3.41e-005  4.90e-003  3.07e-003  4.15e-050  1.47e-003  5.06e-004  4.46e-004  4.08e-059  2.33e-004  1.92e-004  
5.29668e+016 4.20e-010  2.88e-064  0.00e+000  9.84e-001  0.00e+000  5.24e-003  4.14e-005  4.62e-003  2.86e-003  1.06e-052  1.38e-003  4.79e-004  4.26e-004  2.43e-062  2.19e-004  1.84e-004  
5.31993e+016 4.54e-010  2.25e-068  0.00e+000  9.85e-001  0.00e+000  5.04e-003  5.00e-005  4.36e-003  2.67e-003  1.24e-055  1.31e-003  4.56e-004  4.07e-004  5.42e-066  2.07e-004  1.76e-004  
5.34440e+016 4.90e-010  6.10e-072  0.00e+000  9.85e-001  0.00e+000  4.88e-003  6.06e-005  4.12e-003  2.47e-003  3.59e-058  1.23e-003  4.32e-004  3.90e-004  3.67e-069  1.95e-004  1.67e-004  
5.36995e+016 5.29e-010  4.06e-076  0.00e+000  9.86e-001  0.00e+000  4.70e-003  7.23e-005  3.89e-003  2.30e-003  3.83e-061  1.16e-003  4.12e-004  3.70e-004  7.06e-073  1.84e-004  1.59e-004  
5.39765e+016 5.72e-010  1.05e-079  0.00e+000  9.87e-001  0.00e+000  4.55e-003  8.71e-005  3.67e-003  2.13e-003  1.08e-063  1.10e-003  3.94e-004  3.52e-004  4.55e-076  1.73e-004  1.52e-004  
5.42627e+016 6.15e-010  1.20e-083  0.00e+000  9.87e-001  0.00e+000  4.42e-003  1.04e-004  3.46e-003  1.98e-003  1.71e-066  1.04e-003  3.76e-004  3.35e-004  1.40e-079  1.64e-004  1.45e-004  
5.45738e+016 6.60e-010  0.00e+000  0.00e+000  9.88e-001  0.00e+000  4.30e-003  1.24e-004  3.29e-003  1.86e-003  1.68e-069  9.85e-004  3.59e-004  3.21e-004  2.38e-083  1.55e-004  1.38e-004  
5.49079e+016 7.07e-010  0.00e+000  0.00e+000  9.88e-001  0.00e+000  4.20e-003  1.48e-004  3.11e-003  1.74e-003  3.25e-072  9.32e-004  3.44e-004  3.07e-004  9.26e-087  1.46e-004  1.32e-004  
5.52575e+016 7.52e-010  0.00e+000  0.00e+000  9.89e-001  0.00e+000  4.13e-003  1.78e-004  2.96e-003  1.63e-003  4.17e-075  8.88e-004  3.34e-004  2.95e-004  0.00e+000  1.38e-004  1.27e-004  
5.56155e+016 7.94e-010  0.00e+000  0.00e+000  9.89e-001  0.00e+000  4.08e-003  2.12e-004  2.83e-003  1.55e-003  3.09e-078  8.50e-004  3.26e-004  2.86e-004  0.00e+000  1.32e-004  1.23e-004  
5.59918e+016 8.31e-010  0.00e+000  0.00e+000  9.89e-001  0.00e+000  4.07e-003  2.52e-004  2.73e-003  1.48e-003  7.49e-081  8.18e-004  3.20e-004  2.78e-004  0.00e+000  1.28e-004  1.20e-004  
5.63913e+016 8.64e-010  0.00e+000  0.00e+000  9.89e-001  0.00e+000  4.07e-003  3.00e-004  2.64e-003  1.42e-003  1.32e-083  7.90e-004  3.17e-004  2.72e-004  0.00e+000  1.23e-004  1.17e-004  
5.68226e+016 8.89e-010  0.00e+000  0.00e+000  9.89e-001  0.00e+000  4.13e-003  3.59e-004  2.57e-003  1.37e-003  1.27e-086  7.69e-004  3.17e-004  2.68e-004  0.00e+000  1.19e-004  1.16e-004  
5.72780e+016 9.06e-010  0.00e+000  0.00e+000  9.89e-001  0.00e+000  4.23e-003  4.30e-004  2.52e-003  1.35e-003  0.00e+000  7.54e-004  3.20e-004  2.66e-004  0.00e+000  1.17e-004  1.15e-004  
5.77650e+016 9.12e-010  0.00e+000  0.00e+000  9.89e-001  0.00e+000  4.36e-003  5.18e-004  2.49e-003  1.33e-003  0.00e+000  7.45e-004  3.27e-004  2.66e-004  0.00e+000  1.15e-004  1.14e-004  
5.82707e+016 9.07e-010  0.00e+000  0.00e+000  9.89e-001  0.00e+000  4.56e-003  6.25e-004  2.48e-003  1.33e-003  0.00e+000  7.42e-004  3.36e-004  2.69e-004  0.00e+000  1.16e-004  1.16e-004  
5.88124e+016 8.89e-010  0.00e+000  0.00e+000  9.88e-001  0.00e+000  4.83e-003  7.59e-004  2.50e-003  1.35e-003  0.00e+000  7.47e-004  3.50e-004  2.74e-004  0.00e+000  1.16e-004  1.18e-004  
5.93801e+016 8.62e-010  0.00e+000  0.00e+000  9.88e-001  0.00e+000  5.18e-003  9.22e-004  2.53e-003  1.38e-003  0.00e+000  7.58e-004  3.68e-004  2.81e-004  0.00e+000  1.18e-004  1.21e-004  
5.99878e+016 8.23e-010  0.00e+000  0.00e+000  9.87e-001  0.00e+000  5.61e-003  1.13e-003  2.60e-003  1.43e-003  0.00e+000  7.78e-004  3.93e-004  2.92e-004  0.00e+000  1.21e-004  1.26e-004  
6.06254e+016 7.76e-010  0.00e+000  0.00e+000  9.86e-001  0.00e+000  6.16e-003  1.39e-003  2.69e-003  1.51e-003  0.00e+000  8.05e-004  4.21e-004  3.05e-004  0.00e+000  1.26e-004  1.31e-004  
6.12860e+016 7.24e-010  0.00e+000  0.00e+000  9.84e-001  0.00e+000  6.81e-003  1.70e-003  2.80e-003  1.60e-003  0.00e+000  8.41e-004  4.56e-004  3.23e-004  0.00e+000  1.32e-004  1.39e-004  
6.19772e+016 6.70e-010  0.00e+000  0.00e+000  9.83e-001  0.00e+000  7.59e-003  2.09e-003  2.96e-003  1.72e-003  0.00e+000  8.84e-004  4.97e-004  3.42e-004  0.00e+000  1.39e-004  1.47e-004  
6.27006e+016 6.14e-010  0.00e+000  0.00e+000  9.81e-001  0.00e+000  8.50e-003  2.56e-003  3.13e-003  1.86e-003  0.00e+000  9.35e-004  5.46e-004  3.63e-004  0.00e+000  1.47e-004  1.57e-004  
6.34752e+016 5.57e-010  0.00e+000  0.00e+000  9.78e-001  0.00e+000  9.62e-003  3.14e-003  3.34e-003  2.03e-003  0.00e+000  9.96e-004  6.03e-004  3.90e-004  0.00e+000  1.57e-004  1.68e-004  
6.43223e+016 5.00e-010  0.00e+000  0.00e+000  9.75e-001  0.00e+000  1.10e-002  3.90e-003  3.58e-003  2.24e-003  0.00e+000  1.07e-003  6.72e-004  4.22e-004  0.00e+000  1.68e-004  1.81e-004  
6.52408e+016 4.45e-010  0.00e+000  0.00e+000  9.72e-001  0.00e+000  1.27e-002  4.86e-003  3.87e-003  2.50e-003  0.00e+000  1.16e-003  7.54e-004  4.57e-004  0.00e+000  1.83e-004  1.97e-004  
6.62440e+016 3.93e-010  0.00e+000  0.00e+000  9.67e-001  0.00e+000  1.46e-002  6.06e-003  4.23e-003  2.83e-003  0.00e+000  1.26e-003  8.48e-004  4.99e-004  0.00e+000  1.99e-004  2.14e-004  
6.73219e+016 3.46e-010  0.00e+000  0.00e+000  9.62e-001  0.00e+000  1.70e-002  7.51e-003  4.59e-003  3.18e-003  0.00e+000  1.38e-003  9.57e-004  5.43e-004  0.00e+000  2.17e-004  2.34e-004  
6.84641e+016 3.04e-010  0.00e+000  0.00e+000  9.56e-001  0.00e+000  1.96e-002  9.27e-003  5.00e-003  3.62e-003  0.00e+000  1.50e-003  1.08e-003  5.92e-004  0.00e+000  2.37e-004  2.55e-004  
6.96945e+016 2.67e-010  0.00e+000  0.00e+000  9.50e-001  0.00e+000  2.27e-002  1.14e-002  5.46e-003  4.11e-003  0.00e+000  1.63e-003  1.22e-003  6.47e-004  0.00e+000  2.60e-004  2.79e-004  
7.10391e+016 2.35e-010  0.00e+000  0.00e+000  9.42e-001  0.00e+000  2.62e-002  1.39e-002  5.92e-003  4.69e-003  0.00e+000  1.78e-003  1.37e-003  7.12e-004  0.00e+000  2.86e-004  3.06e-004  
7.25155e+016 2.07e-010  0.00e+000  0.00e+000  9.33e-001  0.00e+000  3.01e-002  1.67e-002  6.43e-003  5.32e-003  0.00e+000  1.92e-003  1.54e-003  7.78e-004  0.00e+000  3.14e-004  3.34e-004  
7.42223e+016 1.81e-010  0.00e+000  0.00e+000  9.22e-001  0.00e+000  3.47e-002  2.02e-002  6.96e-003  6.13e-003  0.00e+000  2.08e-003  1.73e-003  8.56e-004  0.00e+000  3.47e-004  3.68e-004  
7.63108e+016 1.58e-010  0.00e+000  0.00e+000  9.10e-001  0.00e+000  4.01e-002  2.43e-002  7.46e-003  7.02e-003  0.00e+000  2.23e-003  1.96e-003  9.42e-004  0.00e+000  3.84e-004  4.07e-004  
7.86896e+016 1.38e-010  0.00e+000  0.00e+000  8.97e-001  0.00e+000  4.63e-002  2.90e-002  7.96e-003  8.10e-003  0.00e+000  2.38e-003  2.21e-003  1.05e-003  0.00e+000  4.27e-004  4.51e-004  
8.18150e+016 1.20e-010  0.00e+000  0.00e+000  8.81e-001  0.00e+000  5.35e-002  3.43e-002  8.31e-003  9.39e-003  0.00e+000  2.49e-003  2.50e-003  1.17e-003  0.00e+000  4.79e-004  5.04e-004  
8.55776e+016 1.03e-010  0.00e+000  0.00e+000  8.62e-001  0.00e+000  6.25e-002  4.05e-002  8.65e-003  1.10e-002  0.00e+000  2.59e-003  2.87e-003  1.33e-003  0.00e+000  5.46e-004  5.74e-004  
9.00548e+016 8.88e-011  0.00e+000  0.00e+000  8.41e-001  0.00e+000  7.30e-002  4.69e-002  8.83e-003  1.30e-002  0.00e+000  2.65e-003  3.31e-003  1.54e-003  0.00e+000  6.28e-004  6.62e-004  
9.53916e+016 7.53e-011  0.00e+000  0.00e+000  8.16e-001  0.00e+000  8.62e-002  5.35e-002  8.91e-003  1.54e-002  0.00e+000  2.67e-003  3.89e-003  1.82e-003  0.00e+000  7.38e-004  7.85e-004  
1.01535e+017 6.33e-011  0.00e+000  0.00e+000  7.87e-001  0.00e+000  1.03e-001  6.00e-002  8.88e-003  1.86e-002  0.00e+000  2.65e-003  4.64e-003  2.21e-003  0.00e+000  8.85e-004  9.54e-004  
1.09249e+017 5.17e-011  0.00e+000  0.00e+000  7.48e-001  0.00e+000  1.26e-001  6.59e-002  8.72e-003  2.34e-002  0.00e+000  2.61e-003  5.76e-003  2.86e-003  0.00e+000  1.11e-003  1.23e-003  
1.19176e+017 4.08e-011  0.00e+000  0.00e+000  6.95e-001  0.00e+000  1.62e-001  6.83e-002  8.35e-003  3.08e-002  0.00e+000  2.50e-003  7.56e-003  4.04e-003  0.00e+000  1.49e-003  1.74e-003  
1.32448e+017 3.08e-011  0.00e+000  0.00e+000  6.20e-001  0.00e+000  2.20e-001  5.81e-002  7.66e-003  4.48e-002  0.00e+000  2.29e-003  1.09e-002  6.72e-003  0.00e+000  2.21e-003  2.89e-003  
