! 0       *CO2 + He -> CO2 + He
! 1       *CO2 + H2 -> CO2 + H2
! 2       HCOOH + H2 -> CO2 + H2 + H2
! 3       *CO2 + CO -> CO2 + CO
! 4       HNCO + O -> CO2 + NH
! 5       OH + CO -> CO2 + H
! 6       H2O + HCO2+ -> CO2 + H3O+
! 7       HOCO + H2 -> CO2 + H + H2
! 8       CO + O2 -> CO2 + O
! 9       CO + HCO2+ -> CO2 + HCO+
! 10      CH + O2 -> CO2 + H
! 11      O + HCO -> CO2 + H
! 12      CH4 + HCO2+ -> CO2 + CH5+
! 13      HCO2+ + e- -> CO2 + H
! 14      NH3 + HCO2+ -> CO2 + NH4+
!            tot_rate   0          1          2          3          4          5          6          7          8          9          10         11         12         13         14         
1.58188e+013 1.25e-015  0.00e+000  0.00e+000  0.00e+000  0.00e+000  0.00e+000  3.63e-007  1.25e-002  0.00e+000  0.00e+000  3.08e-001  4.01e-001  1.02e-001  9.32e-004  1.55e-001  5.66e-003  
3.50727e+014 1.25e-015  0.00e+000  0.00e+000  0.00e+000  0.00e+000  0.00e+000  3.63e-007  1.25e-002  0.00e+000  0.00e+000  3.08e-001  4.01e-001  1.02e-001  9.32e-004  1.55e-001  5.66e-003  
5.21628e+015 1.25e-015  0.00e+000  0.00e+000  0.00e+000  0.00e+000  0.00e+000  3.64e-007  1.25e-002  0.00e+000  0.00e+000  3.07e-001  4.01e-001  1.02e-001  9.26e-004  1.54e-001  5.65e-003  
2.67137e+016 1.04e-015  0.00e+000  0.00e+000  0.00e+000  0.00e+000  0.00e+000  4.47e-007  4.68e-003  0.00e+000  0.00e+000  2.67e-001  4.84e-001  1.20e-001  8.08e-004  1.06e-001  2.14e-003  
3.33598e+016 9.55e-016  0.00e+000  0.00e+000  0.00e+000  1.48e-056  0.00e+000  6.84e-007  1.27e-003  0.00e+000  0.00e+000  2.94e-001  5.15e-001  1.26e-001  8.90e-004  4.86e-002  5.82e-004  
3.42055e+016 9.44e-016  0.00e+000  0.00e+000  0.00e+000  7.84e-017  0.00e+000  9.50e-007  9.47e-004  0.00e+000  0.00e+000  3.01e-001  5.15e-001  1.25e-001  9.08e-004  4.33e-002  4.34e-004  
3.44017e+016 9.40e-016  0.00e+000  0.00e+000  0.00e+000  3.79e-010  0.00e+000  1.07e-006  8.79e-004  0.00e+000  0.00e+000  3.02e-001  5.15e-001  1.25e-001  9.13e-004  4.20e-002  4.02e-004  
3.46353e+016 9.36e-016  0.00e+000  0.00e+000  0.00e+000  1.14e-003  0.00e+000  1.29e-006  7.97e-004  0.00e+000  0.00e+000  3.05e-001  5.13e-001  1.25e-001  9.19e-004  4.04e-002  3.65e-004  
3.48860e+016 9.70e-016  0.00e+000  0.00e+000  0.00e+000  4.23e-002  0.00e+000  1.62e-006  6.87e-004  0.00e+000  0.00e+000  2.95e-001  4.91e-001  1.20e-001  8.90e-004  3.69e-002  3.15e-004  
3.51370e+016 1.21e-015  3.14e-077  0.00e+000  0.00e+000  2.36e-001  0.00e+000  1.83e-006  4.89e-004  0.00e+000  0.00e+000  2.38e-001  3.90e-001  9.54e-002  7.20e-004  2.79e-002  2.24e-004  
3.53250e+016 1.75e-015  8.63e-059  0.00e+000  0.00e+000  4.77e-001  0.00e+000  1.77e-006  3.05e-004  0.00e+000  0.00e+000  1.65e-001  2.66e-001  6.52e-002  4.99e-004  1.82e-002  1.40e-004  
3.55515e+016 3.39e-015  4.22e-038  0.00e+000  0.00e+000  7.31e-001  0.00e+000  1.56e-006  1.39e-004  0.00e+000  0.00e+000  8.58e-002  1.36e-001  3.33e-002  2.60e-004  9.11e-003  6.37e-005  
3.57182e+016 6.04e-015  6.34e-024  0.00e+000  0.00e+000  8.49e-001  0.00e+000  1.45e-006  7.08e-005  0.00e+000  0.00e+000  4.85e-002  7.63e-002  1.85e-002  1.47e-004  5.23e-003  3.24e-005  
3.58524e+016 1.01e-014  2.75e-016  0.00e+000  0.00e+000  9.09e-001  0.00e+000  1.43e-006  3.91e-005  0.00e+000  0.00e+000  2.92e-002  4.58e-002  1.10e-002  8.85e-005  3.19e-003  1.79e-005  
3.60047e+016 1.22e-014  1.65e-007  0.00e+000  0.00e+000  9.25e-001  0.00e+000  2.33e-006  2.90e-005  0.00e+000  0.00e+000  2.42e-002  3.74e-002  9.01e-003  7.36e-005  2.69e-003  1.33e-005  
3.61718e+016 1.60e-014  1.59e-002  1.01e-058  0.00e+000  9.27e-001  0.00e+000  4.43e-006  1.97e-005  0.00e+000  0.00e+000  1.87e-002  2.81e-002  6.89e-003  5.80e-005  2.11e-003  9.02e-006  
3.62899e+016 3.35e-014  4.15e-001  7.11e-048  0.00e+000  5.58e-001  0.00e+000  4.51e-006  8.54e-006  0.00e+000  0.00e+000  8.96e-003  1.31e-002  3.25e-003  2.92e-005  1.03e-003  3.91e-006  
3.63893e+016 1.01e-013  7.60e-001  4.66e-031  0.00e+000  2.32e-001  0.00e+000  3.06e-006  2.60e-006  0.00e+000  0.00e+000  2.98e-003  4.20e-003  1.06e-003  1.06e-005  3.47e-004  1.19e-006  
3.64972e+016 3.68e-013  9.12e-001  2.53e-015  0.00e+000  8.58e-002  1.66e-081  1.98e-006  6.54e-007  0.00e+000  0.00e+000  8.28e-004  1.11e-003  2.93e-004  3.61e-006  9.82e-005  3.01e-007  
3.66124e+016 1.06e-012  9.56e-001  1.03e-008  0.00e+000  4.32e-002  1.65e-071  1.85e-006  2.09e-007  0.00e+000  0.00e+000  2.93e-004  3.66e-004  1.01e-004  1.84e-006  3.55e-005  9.84e-008  
3.67348e+016 2.96e-012  9.75e-001  7.49e-005  0.00e+000  2.44e-002  2.30e-060  1.96e-006  7.80e-008  0.00e+000  0.00e+000  1.08e-004  1.21e-004  3.61e-005  1.15e-006  1.32e-005  4.02e-008  
3.68621e+016 7.89e-012  9.65e-001  1.93e-002  0.00e+000  1.61e-002  9.18e-049  2.31e-006  3.80e-008  0.00e+000  0.00e+000  4.28e-005  4.13e-005  1.34e-005  8.77e-007  5.27e-006  2.13e-008  
3.69700e+016 1.82e-011  9.18e-001  6.93e-002  0.00e+000  1.23e-002  1.97e-039  2.55e-006  2.96e-008  0.00e+000  0.00e+000  2.02e-005  1.62e-005  5.83e-006  7.26e-007  2.44e-006  1.55e-008  
3.70376e+016 3.05e-011  8.85e-001  1.05e-001  0.00e+000  1.08e-002  5.08e-034  2.66e-006  2.98e-008  0.00e+000  0.00e+000  1.30e-005  8.94e-006  3.47e-006  6.49e-007  1.53e-006  1.40e-008  
3.71087e+016 5.19e-011  8.47e-001  1.43e-001  0.00e+000  1.01e-002  8.20e-029  2.74e-006  3.30e-008  0.00e+000  0.00e+000  8.50e-006  4.82e-006  2.02e-006  5.82e-007  9.55e-007  1.34e-008  
3.71826e+016 8.99e-011  8.14e-001  1.76e-001  0.00e+000  9.89e-003  4.98e-024  2.75e-006  3.80e-008  3.77e-074  0.00e+000  5.71e-006  2.53e-006  1.17e-006  5.17e-007  5.94e-007  1.32e-008  
3.72589e+016 1.58e-010  7.84e-001  2.06e-001  0.00e+000  1.02e-002  7.33e-020  2.64e-006  4.53e-008  2.84e-057  2.71e-082  3.96e-006  1.29e-006  6.64e-007  4.51e-007  3.72e-007  1.35e-008  
3.73370e+016 2.79e-010  7.57e-001  2.32e-001  1.99e-070  1.10e-002  1.93e-016  2.43e-006  5.56e-008  1.04e-043  3.73e-064  2.91e-006  6.53e-007  3.77e-007  3.87e-007  2.41e-007  1.41e-008  
3.74165e+016 4.90e-010  7.27e-001  2.61e-001  1.10e-053  1.22e-002  8.78e-014  2.10e-006  7.08e-008  1.77e-033  2.53e-050  2.27e-006  3.31e-007  2.16e-007  3.27e-007  1.65e-007  1.53e-008  
3.74829e+016 7.78e-010  7.11e-001  2.76e-001  3.96e-043  1.30e-002  4.42e-012  1.75e-006  9.01e-008  3.79e-027  1.17e-041  1.89e-006  1.85e-007  1.36e-007  2.78e-007  1.27e-007  1.68e-008  
3.75505e+016 1.20e-009  6.86e-001  3.00e-001  9.87e-035  1.35e-002  1.07e-010  1.41e-006  1.24e-007  3.31e-022  8.07e-035  1.67e-006  1.03e-007  8.95e-008  2.38e-007  1.06e-007  1.92e-008  
3.76194e+016 1.71e-009  6.72e-001  3.14e-001  8.01e-028  1.36e-002  1.62e-009  1.13e-006  1.89e-007  3.17e-018  2.98e-029  1.57e-006  4.85e-008  6.32e-008  2.20e-007  1.02e-007  2.31e-008  
3.76839e+016 2.16e-009  6.52e-001  3.35e-001  2.85e-022  1.35e-002  1.56e-008  9.75e-007  3.08e-007  4.27e-015  7.90e-025  1.65e-006  1.50e-008  5.13e-008  2.28e-007  1.11e-007  2.81e-008  
3.76854e+016 2.18e-009  6.52e-001  3.34e-001  3.71e-022  1.35e-002  1.64e-008  9.74e-007  3.11e-007  4.92e-015  9.74e-025  1.64e-006  1.45e-008  5.15e-008  2.28e-007  1.11e-007  2.82e-008  
3.76877e+016 2.18e-009  6.51e-001  3.36e-001  5.78e-022  1.35e-002  1.78e-008  9.72e-007  3.18e-007  6.33e-015  1.38e-024  1.65e-006  1.38e-008  5.13e-008  2.30e-007  1.12e-007  2.85e-008  
3.76917e+016 2.20e-009  6.50e-001  3.36e-001  1.19e-021  1.36e-002  2.03e-008  9.69e-007  3.30e-007  9.46e-015  2.45e-024  1.67e-006  1.25e-008  5.09e-008  2.32e-007  1.13e-007  2.89e-008  
3.76980e+016 2.23e-009  6.50e-001  3.37e-001  3.79e-021  1.35e-002  2.51e-008  9.63e-007  3.48e-007  1.80e-014  6.09e-024  1.69e-006  1.06e-008  5.06e-008  2.35e-007  1.16e-007  2.95e-008  
3.77083e+016 2.27e-009  6.49e-001  3.38e-001  2.41e-020  1.35e-002  3.54e-008  9.58e-007  3.83e-007  4.99e-014  2.62e-023  1.74e-006  8.03e-009  5.03e-008  2.42e-007  1.20e-007  3.08e-008  
3.77248e+016 2.26e-009  6.47e-001  3.39e-001  4.52e-019  1.37e-002  6.21e-008  9.84e-007  4.57e-007  2.50e-013  2.61e-022  1.88e-006  5.01e-009  5.14e-008  2.61e-007  1.31e-007  3.36e-008  
3.77450e+016 2.08e-009  6.41e-001  3.46e-001  1.55e-017  1.37e-002  1.29e-007  1.10e-006  6.12e-007  1.74e-012  4.06e-021  2.22e-006  2.86e-009  5.73e-008  3.09e-007  1.57e-007  3.99e-008  
3.77655e+016 3.20e-010  6.34e-001  3.53e-001  2.90e-015  1.33e-002  1.49e-006  7.37e-006  4.78e-006  6.09e-011  3.02e-019  1.57e-005  9.46e-009  3.84e-007  2.18e-006  1.13e-006  2.82e-007  
3.77936e+016 1.45e-013  5.76e-001  3.30e-001  1.09e-010  1.18e-002  5.29e-003  1.71e-002  1.17e-002  6.07e-007  5.96e-015  3.82e-002  1.07e-005  9.02e-004  5.30e-003  2.82e-003  6.87e-004  
3.78016e+016 2.60e-014  3.28e-001  1.89e-001  1.27e-009  6.62e-003  3.38e-002  9.78e-002  6.74e-002  5.16e-006  6.12e-014  2.19e-001  5.27e-005  5.12e-003  3.04e-002  1.62e-002  3.93e-003  
3.78111e+016 1.51e-014  9.15e-002  5.32e-002  5.26e-009  1.83e-003  6.83e-002  1.73e-001  1.19e-001  1.45e-005  2.19e-013  3.88e-001  8.15e-005  9.08e-003  5.39e-002  2.90e-002  6.96e-003  
3.78273e+016 1.53e-014  6.30e-002  3.70e-002  2.24e-008  1.24e-003  8.81e-002  1.79e-001  1.23e-001  3.29e-005  7.37e-013  4.00e-001  6.98e-005  9.33e-003  5.55e-002  3.03e-002  7.18e-003  
3.78530e+016 1.69e-014  5.40e-002  3.22e-002  1.97e-007  1.03e-003  1.21e-001  1.81e-001  1.19e-001  1.08e-004  4.45e-012  3.86e-001  5.39e-005  9.04e-003  5.36e-002  2.98e-002  6.91e-003  
3.78818e+016 1.93e-014  4.44e-002  2.72e-002  1.99e-006  8.25e-004  1.69e-001  1.88e-001  1.11e-001  3.71e-004  3.05e-011  3.60e-001  4.08e-005  8.72e-003  5.00e-002  2.85e-002  6.49e-003  
3.79076e+016 2.21e-014  3.65e-002  2.31e-002  1.38e-005  6.66e-004  2.17e-001  1.98e-001  1.01e-001  1.01e-003  1.51e-010  3.29e-001  3.17e-005  8.34e-003  4.58e-002  2.66e-002  5.93e-003  
3.79253e+016 2.45e-014  3.18e-002  2.04e-002  4.77e-005  5.75e-004  2.53e-001  2.07e-001  9.38e-002  1.92e-003  4.20e-010  3.05e-001  2.66e-005  8.04e-003  4.24e-002  2.50e-002  5.51e-003  
3.79502e+016 2.88e-014  2.61e-002  1.70e-002  2.48e-004  4.61e-004  3.03e-001  2.21e-001  8.25e-002  4.33e-003  1.63e-009  2.69e-001  2.08e-005  7.52e-003  3.74e-002  2.24e-002  4.82e-003  
3.79755e+016 3.46e-014  2.11e-002  1.39e-002  1.17e-003  3.64e-004  3.49e-001  2.36e-001  7.10e-002  9.15e-003  5.83e-009  2.31e-001  1.64e-005  6.90e-003  3.21e-002  1.96e-002  4.16e-003  
3.79897e+016 3.85e-014  1.86e-002  1.24e-002  2.62e-003  3.19e-004  3.71e-001  2.44e-001  6.49e-002  1.33e-002  1.13e-008  2.10e-001  1.45e-005  6.54e-003  2.93e-002  1.81e-002  3.79e-003  
3.79918e+016 3.92e-014  1.83e-002  1.22e-002  2.96e-003  3.11e-004  3.75e-001  2.45e-001  6.37e-002  1.41e-002  1.25e-008  2.07e-001  1.42e-005  6.48e-003  2.88e-002  1.78e-002  3.72e-003  
3.79956e+016 4.04e-014  1.76e-002  1.18e-002  3.63e-003  3.02e-004  3.81e-001  2.47e-001  6.21e-002  1.54e-002  1.47e-008  2.02e-001  1.38e-005  6.38e-003  2.79e-002  1.74e-002  3.63e-003  
3.80017e+016 4.23e-014  1.67e-002  1.12e-002  5.06e-003  2.83e-004  3.87e-001  2.50e-001  5.98e-002  1.79e-002  1.92e-008  1.94e-001  1.32e-005  6.21e-003  2.69e-002  1.68e-002  3.50e-003  
3.80129e+016 4.63e-014  1.51e-002  1.03e-002  8.94e-003  2.55e-004  4.00e-001  2.55e-001  5.53e-002  2.29e-002  3.07e-008  1.79e-001  1.22e-005  5.92e-003  2.48e-002  1.56e-002  3.22e-003  
3.80319e+016 5.45e-014  1.26e-002  8.73e-003  2.29e-002  2.11e-004  4.12e-001  2.60e-001  4.77e-002  3.39e-002  6.56e-008  1.54e-001  1.08e-005  5.33e-003  2.14e-002  1.37e-002  2.77e-003  
3.80578e+016 7.02e-014  9.63e-003  6.77e-003  7.39e-002  1.58e-004  4.06e-001  2.54e-001  3.79e-002  5.19e-002  1.68e-007  1.22e-001  9.39e-006  4.45e-003  1.70e-002  1.10e-002  2.19e-003  
3.80629e+016 7.41e-014  9.09e-003  6.41e-003  9.10e-002  1.50e-004  4.01e-001  2.49e-001  3.60e-002  5.52e-002  1.98e-007  1.16e-001  9.16e-006  4.25e-003  1.62e-002  1.05e-002  2.09e-003  
3.80713e+016 8.17e-014  8.23e-003  5.80e-003  1.25e-001  1.35e-004  3.87e-001  2.42e-001  3.29e-002  5.97e-002  2.56e-007  1.06e-001  8.75e-006  3.92e-003  1.47e-002  9.64e-003  1.91e-003  
3.80859e+016 9.87e-014  6.78e-003  4.79e-003  2.06e-001  1.09e-004  3.52e-001  2.22e-001  2.76e-002  6.50e-002  3.77e-007  8.86e-002  8.02e-006  3.30e-003  1.23e-002  8.13e-003  1.59e-003  
3.81083e+016 1.48e-013  4.45e-003  3.21e-003  3.97e-001  7.09e-005  2.67e-001  1.70e-001  1.87e-002  6.10e-002  6.13e-007  5.98e-002  6.45e-006  2.22e-003  8.31e-003  5.56e-003  1.07e-003  
3.81265e+016 2.28e-013  2.84e-003  2.09e-003  5.79e-001  4.52e-005  1.86e-001  1.20e-001  1.23e-002  4.60e-002  7.85e-007  3.92e-002  4.96e-006  1.41e-003  5.44e-003  3.68e-003  7.06e-004  
3.81480e+016 4.05e-013  1.57e-003  1.17e-003  7.55e-001  2.47e-005  1.09e-001  7.16e-002  7.04e-003  2.52e-002  8.94e-007  2.22e-002  3.38e-006  7.46e-004  3.09e-003  2.12e-003  4.00e-004  
3.81769e+016 1.05e-012  5.80e-004  4.36e-004  9.09e-001  8.99e-006  4.15e-002  2.80e-002  2.76e-003  6.15e-003  8.95e-007  8.62e-003  1.73e-006  2.45e-004  1.20e-003  8.34e-004  1.55e-004  
3.81836e+016 1.31e-012  4.61e-004  3.46e-004  9.29e-001  7.11e-006  3.27e-002  2.22e-002  2.22e-003  4.01e-003  8.76e-007  6.92e-003  1.47e-006  1.87e-004  9.59e-004  6.72e-004  1.24e-004  
3.81952e+016 1.89e-012  3.14e-004  2.36e-004  9.53e-001  4.82e-006  2.16e-002  1.50e-002  1.56e-003  1.74e-003  8.47e-007  4.82e-003  1.13e-006  1.18e-004  6.67e-004  4.71e-004  8.68e-005  
3.82149e+016 3.61e-012  1.57e-004  1.20e-004  9.78e-001  2.38e-006  1.00e-002  7.23e-003  8.23e-004  2.91e-004  7.81e-007  2.52e-003  6.95e-007  4.93e-005  3.49e-004  2.49e-004  4.54e-005  
3.82433e+016 8.73e-012  6.00e-005  4.68e-005  9.93e-001  9.07e-007  3.11e-003  2.39e-003  3.42e-004  8.60e-006  6.87e-007  1.04e-003  3.54e-007  1.32e-005  1.44e-004  1.04e-004  1.87e-005  
3.82740e+016 2.09e-011  2.32e-005  1.83e-005  9.98e-001  3.46e-007  7.97e-004  6.78e-004  1.42e-004  2.17e-007  6.02e-007  4.26e-004  1.74e-007  2.85e-006  5.92e-005  4.33e-005  7.69e-006  
3.83054e+016 4.68e-011  9.76e-006  7.73e-006  9.99e-001  1.44e-007  1.70e-004  1.70e-004  6.26e-005  4.72e-008  5.36e-007  1.86e-004  8.54e-008  5.10e-007  2.58e-005  1.91e-005  3.35e-006  
3.83376e+016 9.71e-011  4.53e-006  3.68e-006  1.00e+000  6.62e-008  2.90e-005  3.85e-005  2.93e-005  1.07e-008  4.86e-007  8.69e-005  4.15e-008  7.27e-008  1.21e-005  9.03e-006  1.57e-006  
3.83751e+016 2.00e-010  2.19e-006  1.81e-006  1.00e+000  3.18e-008  2.77e-006  8.20e-006  1.36e-005  2.24e-009  4.55e-007  4.03e-005  1.81e-008  5.70e-009  5.70e-006  4.24e-006  7.25e-007  
3.84132e+016 3.57e-010  1.27e-006  1.05e-006  1.00e+000  1.82e-008  2.37e-007  3.84e-006  7.31e-006  1.04e-009  4.57e-007  2.15e-005  7.37e-009  4.26e-010  3.08e-006  2.29e-006  3.87e-007  
3.84531e+016 5.37e-010  8.83e-007  7.45e-007  1.00e+000  1.25e-008  6.80e-008  3.76e-006  4.62e-006  1.05e-009  5.20e-007  1.36e-005  4.62e-009  1.20e-010  1.97e-006  1.45e-006  2.44e-007  
3.84962e+016 6.22e-010  8.10e-007  6.96e-007  1.00e+000  1.14e-008  6.32e-008  4.73e-006  3.79e-006  1.38e-009  7.43e-007  1.11e-005  6.41e-009  1.31e-010  1.64e-006  1.20e-006  2.01e-007  
3.85449e+016 4.49e-010  1.20e-006  1.04e-006  1.00e+000  1.67e-008  8.80e-008  6.97e-006  5.01e-006  2.12e-009  1.67e-006  1.46e-005  2.22e-008  3.07e-010  2.17e-006  1.58e-006  2.63e-007  
3.85990e+016 1.38e-010  4.04e-006  3.54e-006  1.00e+000  5.60e-008  3.04e-007  1.34e-005  1.54e-005  4.27e-009  8.55e-006  4.48e-005  1.87e-007  1.88e-009  6.60e-006  4.85e-006  8.12e-007  
3.86597e+016 9.32e-012  6.11e-005  5.47e-005  9.98e-001  8.43e-007  5.58e-006  8.97e-005  2.12e-004  2.93e-008  1.92e-004  6.19e-004  7.11e-006  5.13e-008  8.73e-005  6.69e-005  1.10e-005  
3.87288e+016 6.06e-014  9.74e-003  8.83e-003  7.61e-001  1.34e-004  1.31e-003  1.47e-002  3.02e-002  4.85e-006  4.33e-002  8.83e-002  2.94e-003  1.32e-005  1.13e-002  9.46e-003  1.54e-003  
3.88139e+016 1.63e-014  3.81e-002  3.48e-002  4.51e-002  5.20e-004  7.31e-003  8.54e-002  1.03e-001  2.87e-005  2.32e-001  3.03e-001  2.98e-002  5.02e-005  3.25e-002  3.18e-002  4.89e-003  
3.89093e+016 1.85e-014  3.53e-002  3.27e-002  3.78e-002  4.78e-004  7.77e-003  1.25e-001  8.42e-002  4.21e-005  2.76e-001  2.47e-001  5.99e-002  1.73e-005  2.10e-002  2.52e-002  3.44e-003  
3.90068e+016 2.18e-014  3.17e-002  2.98e-002  3.04e-002  4.29e-004  5.77e-003  1.68e-001  6.77e-002  5.58e-005  2.94e-001  1.99e-001  9.34e-002  2.01e-006  1.33e-002  1.97e-002  2.23e-003  
3.91088e+016 2.60e-014  2.84e-002  2.69e-002  2.39e-002  3.84e-004  2.79e-003  2.12e-001  5.54e-002  6.73e-005  2.95e-001  1.63e-001  1.23e-001  4.11e-007  8.42e-003  1.54e-002  1.38e-003  
3.92181e+016 3.07e-014  2.58e-002  2.45e-002  1.88e-002  3.48e-004  8.14e-004  2.56e-001  4.66e-002  7.52e-005  2.84e-001  1.36e-001  1.46e-001  5.08e-007  5.47e-003  1.23e-002  8.47e-004  
3.93325e+016 3.54e-014  2.41e-002  2.28e-002  1.51e-002  3.25e-004  1.36e-004  2.97e-001  4.04e-002  7.86e-005  2.67e-001  1.18e-001  1.59e-001  6.13e-007  3.73e-003  1.01e-002  5.48e-004  
3.94519e+016 3.96e-014  2.32e-002  2.19e-002  1.25e-002  3.11e-004  1.28e-005  3.39e-001  3.64e-002  7.76e-005  2.48e-001  1.06e-001  1.63e-001  6.72e-007  2.73e-003  8.44e-003  3.84e-004  
3.95803e+016 4.27e-014  2.30e-002  2.17e-002  1.07e-002  3.09e-004  7.56e-007  3.79e-001  3.39e-002  7.42e-005  2.28e-001  9.90e-002  1.59e-001  6.81e-007  2.13e-003  7.28e-003  2.90e-004  
3.97190e+016 4.45e-014  2.34e-002  2.21e-002  9.48e-003  3.19e-004  1.58e-007  4.20e-001  3.26e-002  6.90e-005  2.06e-001  9.46e-002  1.50e-001  6.45e-007  1.80e-003  6.40e-003  2.43e-004  
3.98699e+016 4.48e-014  2.45e-002  2.30e-002  8.65e-003  3.37e-004  1.32e-007  4.62e-001  3.21e-002  6.27e-005  1.84e-001  9.26e-002  1.36e-001  5.71e-007  1.63e-003  5.71e-003  2.19e-004  
4.00514e+016 4.36e-014  2.66e-002  2.46e-002  8.08e-003  3.69e-004  1.20e-007  5.07e-001  3.21e-002  5.58e-005  1.57e-001  9.22e-002  1.18e-001  4.63e-007  1.60e-003  5.09e-003  2.16e-004  
4.02549e+016 4.11e-014  2.92e-002  2.65e-002  7.76e-003  4.16e-004  1.09e-007  5.55e-001  3.24e-002  4.92e-005  1.30e-001  9.25e-002  9.64e-002  3.46e-007  1.68e-003  4.53e-003  2.32e-004  
4.04761e+016 3.79e-014  3.25e-002  2.88e-002  7.68e-003  4.72e-004  9.82e-008  6.02e-001  3.27e-002  4.30e-005  1.02e-001  9.26e-002  7.44e-002  2.40e-007  1.85e-003  4.04e-003  2.64e-004  
4.07070e+016 3.47e-014  3.61e-002  3.09e-002  7.79e-003  5.36e-004  8.77e-008  6.46e-001  3.23e-002  3.75e-005  7.73e-002  9.14e-002  5.39e-002  1.58e-007  2.09e-003  3.58e-003  3.09e-004  
4.09451e+016 3.19e-014  3.92e-002  3.29e-002  8.06e-003  6.06e-004  7.69e-008  6.87e-001  3.13e-002  3.26e-005  5.55e-002  8.82e-002  3.64e-002  9.95e-008  2.37e-003  3.11e-003  3.64e-004  
4.11988e+016 2.95e-014  4.23e-002  3.46e-002  8.50e-003  6.81e-004  6.57e-008  7.25e-001  2.94e-002  2.84e-005  3.69e-002  8.30e-002  2.21e-002  5.96e-008  2.68e-003  2.66e-003  4.30e-004  
4.14624e+016 2.78e-014  4.53e-002  3.53e-002  9.13e-003  7.58e-004  5.50e-008  7.58e-001  2.69e-002  2.52e-005  2.23e-002  7.55e-002  1.18e-002  3.48e-008  3.00e-003  2.24e-003  4.96e-004  
4.17462e+016 2.69e-014  4.79e-002  3.53e-002  9.88e-003  8.47e-004  4.46e-008  7.87e-001  2.35e-002  2.31e-005  1.18e-002  6.61e-002  5.20e-003  2.01e-008  3.28e-003  1.83e-003  5.57e-004  
4.20512e+016 2.72e-014  4.92e-002  3.47e-002  1.07e-002  9.33e-004  3.47e-008  8.12e-001  1.97e-002  2.23e-005  5.22e-003  5.55e-002  1.75e-003  1.20e-008  3.42e-003  1.43e-003  5.81e-004  
4.23867e+016 2.87e-014  5.08e-002  3.34e-002  1.15e-002  1.04e-003  2.62e-008  8.32e-001  1.58e-002  2.31e-005  1.82e-003  4.46e-002  4.18e-004  7.73e-009  3.40e-003  1.09e-003  5.61e-004  
4.27356e+016 3.17e-014  5.17e-002  3.19e-002  1.21e-002  1.17e-003  1.91e-008  8.48e-001  1.24e-002  2.54e-005  5.39e-004  3.50e-002  7.85e-005  5.74e-009  3.19e-003  8.10e-004  4.92e-004  
4.30994e+016 3.61e-014  5.35e-002  3.05e-002  1.25e-002  1.36e-003  1.59e-008  8.59e-001  9.78e-003  2.91e-005  1.38e-004  2.75e-002  1.23e-005  5.88e-009  2.85e-003  6.13e-004  4.13e-004  
4.34671e+016 4.18e-014  5.58e-002  2.92e-002  1.24e-002  1.62e-003  1.52e-008  8.66e-001  7.87e-003  3.33e-005  3.21e-005  2.21e-002  1.96e-006  7.71e-009  2.51e-003  4.74e-004  3.40e-004  
4.38104e+016 3.92e-014  6.30e-002  3.06e-002  1.26e-002  2.12e-003  1.42e-008  8.58e-001  7.76e-003  3.60e-005  9.52e-006  2.18e-002  5.59e-007  1.02e-008  2.58e-003  4.52e-004  3.37e-004  
4.41007e+016 3.25e-014  7.47e-002  3.35e-002  1.23e-002  2.84e-003  1.23e-008  8.39e-001  8.64e-003  3.50e-005  3.72e-006  2.42e-002  2.92e-007  1.28e-008  2.90e-003  4.89e-004  3.75e-004  
4.42181e+016 2.99e-014  8.03e-002  3.51e-002  1.14e-002  3.25e-003  1.19e-008  8.30e-001  9.17e-003  3.38e-005  2.47e-006  2.57e-002  2.41e-007  1.44e-008  3.09e-003  5.12e-004  3.98e-004  
4.42811e+016 2.89e-014  8.33e-002  3.59e-002  1.07e-002  3.49e-003  1.18e-008  8.26e-001  9.33e-003  3.29e-005  1.86e-006  2.62e-002  2.15e-007  1.59e-008  3.16e-003  5.22e-004  4.04e-004  
4.43809e+016 2.88e-014  8.51e-002  3.61e-002  1.07e-002  3.75e-003  1.13e-008  8.24e-001  9.35e-003  3.09e-005  1.35e-006  2.62e-002  1.81e-007  1.64e-008  3.16e-003  5.14e-004  4.07e-004  
4.45030e+016 2.82e-014  8.94e-002  3.62e-002  9.65e-003  4.15e-003  1.03e-008  8.19e-001  9.47e-003  2.80e-005  8.65e-007  2.66e-002  1.53e-007  1.67e-008  3.21e-003  5.18e-004  4.11e-004  
4.45401e+016 2.68e-014  9.36e-002  3.77e-002  8.02e-003  4.48e-003  9.58e-009  8.13e-001  9.92e-003  2.73e-005  6.68e-007  2.78e-002  1.53e-007  1.73e-008  3.36e-003  5.41e-004  4.29e-004  
4.45998e+016 2.61e-014  9.73e-002  3.82e-002  7.89e-003  4.79e-003  9.00e-009  8.08e-001  1.01e-002  2.56e-005  5.32e-007  2.83e-002  1.46e-007  1.75e-008  3.42e-003  5.48e-004  4.37e-004  
4.46779e+016 2.64e-014  9.92e-002  3.77e-002  8.21e-003  5.07e-003  8.93e-009  8.06e-001  1.00e-002  2.35e-005  4.47e-007  2.81e-002  1.33e-007  1.74e-008  3.40e-003  5.41e-004  4.35e-004  
4.48006e+016 2.59e-014  1.06e-001  3.89e-002  7.29e-003  5.74e-003  8.36e-009  7.98e-001  1.03e-002  2.05e-005  2.98e-007  2.87e-002  1.19e-007  1.76e-008  3.47e-003  5.44e-004  4.43e-004  
4.48529e+016 2.40e-014  1.16e-001  4.14e-002  4.71e-003  6.50e-003  7.50e-009  7.84e-001  1.10e-002  1.95e-005  1.83e-007  3.09e-002  1.26e-007  1.88e-008  3.74e-003  5.88e-004  4.79e-004  
4.48834e+016 2.30e-014  1.22e-001  4.32e-002  4.74e-003  6.96e-003  7.09e-009  7.74e-001  1.14e-002  1.87e-005  1.68e-007  3.20e-002  1.28e-007  1.90e-008  3.86e-003  6.04e-004  4.96e-004  
4.49346e+016 2.35e-014  1.22e-001  4.33e-002  5.18e-003  7.22e-003  7.22e-009  7.73e-001  1.12e-002  1.77e-005  1.58e-007  3.14e-002  1.21e-007  1.86e-008  3.79e-003  5.91e-004  4.84e-004  
4.49870e+016 2.39e-014  1.24e-001  4.36e-002  5.40e-003  7.58e-003  7.29e-009  7.71e-001  1.11e-002  1.68e-005  1.44e-007  3.11e-002  1.15e-007  1.83e-008  3.76e-003  5.82e-004  4.82e-004  
4.50684e+016 2.39e-014  1.30e-001  4.48e-002  5.07e-003  8.34e-003  7.13e-009  7.63e-001  1.12e-002  1.57e-005  1.14e-007  3.14e-002  1.09e-007  1.82e-008  3.79e-003  5.83e-004  4.86e-004  
4.51867e+016 2.32e-014  1.45e-001  4.69e-002  4.22e-003  9.85e-003  6.71e-009  7.44e-001  1.16e-002  1.44e-005  7.57e-008  3.25e-002  1.05e-007  1.84e-008  3.92e-003  5.98e-004  5.03e-004  
4.51946e+016 2.17e-014  1.54e-001  4.98e-002  2.45e-003  1.07e-002  6.09e-009  7.29e-001  1.24e-002  1.42e-005  4.75e-008  3.48e-002  1.17e-007  1.98e-008  4.20e-003  6.41e-004  5.40e-004  
4.52061e+016 2.03e-014  1.65e-001  5.33e-002  2.39e-003  1.16e-002  5.82e-009  7.10e-001  1.32e-002  1.41e-005  4.59e-008  3.70e-002  1.24e-007  2.03e-008  4.46e-003  6.81e-004  5.72e-004  
4.52265e+016 2.03e-014  1.68e-001  5.36e-002  2.48e-003  1.18e-002  5.65e-009  7.08e-001  1.31e-002  1.38e-005  4.52e-008  3.67e-002  1.22e-007  1.97e-008  4.42e-003  6.73e-004  5.65e-004  
4.52632e+016 2.08e-014  1.69e-001  5.30e-002  2.62e-003  1.22e-002  5.73e-009  7.08e-001  1.29e-002  1.35e-005  4.36e-008  3.60e-002  1.17e-007  1.93e-008  4.34e-003  6.60e-004  5.58e-004  
4.53239e+016 2.13e-014  1.73e-001  5.26e-002  2.83e-003  1.29e-002  5.92e-009  7.04e-001  1.26e-002  1.32e-005  4.08e-008  3.54e-002  1.12e-007  1.88e-008  4.27e-003  6.43e-004  5.49e-004  
4.54167e+016 2.15e-014  1.83e-001  5.39e-002  2.61e-003  1.43e-002  5.80e-009  6.92e-001  1.26e-002  1.27e-005  3.19e-008  3.54e-002  1.08e-007  1.83e-008  4.27e-003  6.36e-004  5.48e-004  
4.55446e+016 2.10e-014  2.05e-001  5.84e-002  2.02e-003  1.75e-002  5.42e-009  6.60e-001  1.31e-002  1.21e-005  2.06e-008  3.65e-002  1.08e-007  1.80e-008  4.40e-003  6.51e-004  5.65e-004  
4.55658e+016 2.08e-014  2.11e-001  5.91e-002  1.64e-003  1.83e-002  5.19e-009  6.53e-001  1.32e-002  1.14e-005  1.67e-008  3.70e-002  1.10e-007  1.81e-008  4.45e-003  6.58e-004  5.72e-004  
4.55697e+016 1.98e-014  2.23e-001  6.01e-002  9.60e-004  1.94e-002  4.70e-009  6.37e-001  1.39e-002  1.11e-005  1.06e-008  3.88e-002  1.19e-007  1.92e-008  4.68e-003  6.92e-004  6.01e-004  
4.55761e+016 1.85e-014  2.39e-001  6.38e-002  8.76e-004  2.09e-002  4.63e-009  6.11e-001  1.48e-002  1.17e-005  9.85e-009  4.14e-002  1.28e-007  2.02e-008  4.99e-003  7.41e-004  6.44e-004  
4.55871e+016 1.81e-014  2.46e-001  6.57e-002  9.10e-004  2.16e-002  4.39e-009  6.01e-001  1.51e-002  1.14e-005  1.00e-008  4.21e-002  1.30e-007  1.95e-008  5.07e-003  7.50e-004  6.51e-004  
4.56066e+016 1.82e-014  2.48e-001  6.59e-002  9.40e-004  2.20e-002  4.26e-009  5.99e-001  1.49e-002  1.14e-005  9.94e-009  4.18e-002  1.28e-007  1.88e-008  5.04e-003  7.42e-004  6.48e-004  
4.56410e+016 1.86e-014  2.49e-001  6.62e-002  9.74e-004  2.27e-002  4.32e-009  5.97e-001  1.47e-002  1.13e-005  9.69e-009  4.12e-002  1.25e-007  1.84e-008  4.95e-003  7.27e-004  6.35e-004  
4.56849e+016 1.90e-014  2.52e-001  6.68e-002  1.03e-003  2.38e-002  4.43e-009  5.94e-001  1.45e-002  1.13e-005  9.41e-009  4.05e-002  1.21e-007  1.79e-008  4.87e-003  7.15e-004  6.26e-004  
4.57241e+016 1.93e-014  2.56e-001  6.68e-002  1.03e-003  2.47e-002  4.48e-009  5.90e-001  1.43e-002  1.12e-005  8.85e-009  4.02e-002  1.20e-007  1.76e-008  4.83e-003  7.04e-004  6.21e-004  
4.57850e+016 1.96e-014  2.66e-001  6.70e-002  9.46e-004  2.66e-002  4.42e-009  5.78e-001  1.43e-002  1.10e-005  7.52e-009  4.00e-002  1.18e-007  1.72e-008  4.81e-003  7.01e-004  6.19e-004  
4.58802e+016 1.95e-014  2.89e-001  6.82e-002  7.44e-004  3.06e-002  4.17e-009  5.49e-001  1.45e-002  1.07e-005  5.39e-009  4.06e-002  1.20e-007  1.67e-008  4.88e-003  7.03e-004  6.31e-004  
4.59720e+016 1.93e-014  3.14e-001  7.05e-002  5.49e-004  3.54e-002  3.85e-009  5.16e-001  1.48e-002  1.04e-005  3.73e-009  4.14e-002  1.22e-007  1.61e-008  4.98e-003  7.15e-004  6.42e-004  
4.59734e+016 1.92e-014  3.16e-001  6.99e-002  4.14e-004  3.58e-002  3.63e-009  5.14e-001  1.49e-002  9.29e-006  2.94e-009  4.17e-002  1.24e-007  1.62e-008  5.01e-003  7.20e-004  6.47e-004  
4.59759e+016 1.85e-014  3.25e-001  7.20e-002  2.31e-004  3.75e-002  3.27e-009  4.98e-001  1.55e-002  8.18e-006  1.81e-009  4.33e-002  1.34e-007  1.69e-008  5.20e-003  7.42e-004  6.72e-004  
4.59802e+016 1.75e-014  3.45e-001  7.55e-002  1.88e-004  4.00e-002  3.20e-009  4.69e-001  1.63e-002  8.87e-006  1.53e-009  4.57e-002  1.44e-007  1.79e-008  5.48e-003  7.84e-004  7.09e-004  
4.59873e+016 1.69e-014  3.60e-001  7.88e-002  1.94e-004  4.20e-002  3.15e-009  4.46e-001  1.68e-002  9.54e-006  1.56e-009  4.72e-002  1.48e-007  1.80e-008  5.66e-003  8.12e-004  7.29e-004  
4.59993e+016 1.68e-014  3.66e-001  7.94e-002  1.99e-004  4.30e-002  2.96e-009  4.38e-001  1.69e-002  9.31e-006  1.58e-009  4.74e-002  1.48e-007  1.70e-008  5.69e-003  8.12e-004  7.34e-004  
4.60196e+016 1.69e-014  3.69e-001  7.86e-002  2.03e-004  4.38e-002  2.85e-009  4.36e-001  1.68e-002  9.22e-006  1.57e-009  4.70e-002  1.46e-007  1.61e-008  5.64e-003  8.03e-004  7.27e-004  
4.60580e+016 1.74e-014  3.73e-001  7.72e-002  2.09e-004  4.52e-002  2.86e-009  4.34e-001  1.65e-002  9.22e-006  1.53e-009  4.61e-002  1.42e-007  1.54e-008  5.53e-003  7.89e-004  7.14e-004  
4.61139e+016 1.80e-014  3.77e-001  7.68e-002  2.16e-004  4.72e-002  2.93e-009  4.30e-001  1.61e-002  9.18e-006  1.47e-009  4.50e-002  1.39e-007  1.49e-008  5.40e-003  7.62e-004  7.01e-004  
4.61801e+016 1.84e-014  3.86e-001  7.70e-002  1.97e-004  5.09e-002  2.92e-009  4.17e-001  1.59e-002  9.01e-006  1.27e-009  4.44e-002  1.37e-007  1.44e-008  5.32e-003  7.49e-004  6.89e-004  
4.62829e+016 1.88e-014  4.11e-001  7.83e-002  1.42e-004  5.86e-002  2.71e-009  3.84e-001  1.58e-002  8.57e-006  8.68e-010  4.43e-002  1.39e-007  1.36e-008  5.30e-003  7.40e-004  6.87e-004  
4.63958e+016 1.90e-014  4.46e-001  7.68e-002  8.63e-005  6.90e-002  2.38e-009  3.40e-001  1.59e-002  7.84e-006  5.13e-010  4.45e-002  1.43e-007  1.26e-008  5.32e-003  7.37e-004  6.90e-004  
4.64165e+016 1.90e-014  4.52e-001  7.63e-002  7.21e-005  7.10e-002  2.29e-009  3.32e-001  1.59e-002  7.47e-006  4.34e-010  4.46e-002  1.45e-007  1.24e-008  5.31e-003  7.36e-004  6.94e-004  
4.64187e+016 1.87e-014  4.56e-001  7.67e-002  3.73e-005  7.29e-002  2.01e-009  3.24e-001  1.62e-002  5.63e-006  2.50e-010  4.55e-002  1.53e-007  1.27e-008  5.42e-003  7.51e-004  7.08e-004  
4.64224e+016 1.80e-014  4.76e-001  7.67e-002  2.06e-005  7.62e-002  1.82e-009  2.99e-001  1.68e-002  4.76e-006  1.53e-010  4.71e-002  1.65e-007  1.32e-008  5.61e-003  7.78e-004  7.34e-004  
4.64286e+016 1.73e-014  4.98e-001  7.91e-002  1.82e-005  8.02e-002  1.80e-009  2.68e-001  1.74e-002  5.17e-006  1.37e-010  4.88e-002  1.73e-007  1.37e-008  5.83e-003  8.08e-004  7.62e-004  
4.64396e+016 1.71e-014  5.10e-001  8.09e-002  1.85e-005  8.32e-002  1.74e-009  2.50e-001  1.77e-002  5.77e-006  1.39e-010  4.95e-002  1.73e-007  1.34e-008  5.92e-003  8.14e-004  7.68e-004  
4.64596e+016 1.72e-014  5.13e-001  8.13e-002  1.88e-005  8.54e-002  1.63e-009  2.45e-001  1.75e-002  6.10e-006  1.38e-010  4.91e-002  1.71e-007  1.24e-008  5.87e-003  8.07e-004  7.67e-004  
4.64933e+016 1.76e-014  5.16e-001  7.99e-002  1.91e-005  8.78e-002  1.58e-009  2.43e-001  1.72e-002  6.23e-006  1.36e-010  4.82e-002  1.65e-007  1.16e-008  5.78e-003  7.93e-004  7.48e-004  
4.65501e+016 1.84e-014  5.20e-001  7.68e-002  1.96e-005  9.10e-002  1.60e-009  2.40e-001  1.68e-002  6.21e-006  1.33e-010  4.69e-002  1.60e-007  1.10e-008  5.61e-003  7.63e-004  7.30e-004  
4.66259e+016 1.92e-014  5.31e-001  7.24e-002  1.74e-005  9.74e-002  1.58e-009  2.29e-001  1.63e-002  5.99e-006  1.13e-010  4.55e-002  1.58e-007  1.05e-008  5.42e-003  7.34e-004  7.08e-004  
4.67450e+016 2.01e-014  5.51e-001  7.10e-002  1.04e-005  1.11e-001  1.44e-009  1.99e-001  1.58e-002  5.31e-006  6.75e-011  4.43e-002  1.60e-007  9.68e-009  5.26e-003  7.10e-004  6.90e-004  
4.68726e+016 2.11e-014  5.74e-001  6.69e-002  4.84e-006  1.31e-001  1.23e-009  1.61e-001  1.55e-002  4.48e-006  3.26e-011  4.33e-002  1.63e-007  8.92e-009  5.13e-003  6.84e-004  6.74e-004  
4.69009e+016 2.13e-014  5.81e-001  6.51e-002  3.96e-006  1.35e-001  1.19e-009  1.53e-001  1.53e-002  4.26e-006  2.71e-011  4.29e-002  1.64e-007  8.76e-009  5.11e-003  6.75e-004  6.70e-004  
4.69024e+016 2.13e-014  5.82e-001  6.43e-002  3.26e-006  1.36e-001  1.14e-009  1.52e-001  1.54e-002  3.87e-006  2.30e-011  4.30e-002  1.66e-007  8.78e-009  5.12e-003  6.76e-004  6.71e-004  
4.69048e+016 2.13e-014  5.88e-001  6.31e-002  1.96e-006  1.37e-001  1.04e-009  1.46e-001  1.54e-002  3.02e-006  1.50e-011  4.31e-002  1.71e-007  8.80e-009  5.13e-003  6.78e-004  6.73e-004  
4.69090e+016 2.09e-014  5.98e-001  6.08e-002  1.02e-006  1.40e-001  9.24e-010  1.34e-001  1.57e-002  2.24e-006  8.66e-012  4.38e-002  1.81e-007  9.05e-009  5.22e-003  6.89e-004  6.85e-004  
4.69160e+016 2.04e-014  6.13e-001  5.79e-002  5.69e-007  1.46e-001  8.54e-010  1.14e-001  1.60e-002  1.77e-006  5.30e-012  4.49e-002  1.91e-007  9.47e-009  5.35e-003  7.07e-004  7.02e-004  
4.69279e+016 2.02e-014  6.24e-001  5.85e-002  5.01e-007  1.51e-001  8.57e-010  9.71e-002  1.62e-002  1.81e-006  4.76e-012  4.53e-002  1.93e-007  9.71e-009  5.35e-003  7.14e-004  7.09e-004  
4.69476e+016 2.04e-014  6.28e-001  5.84e-002  5.00e-007  1.54e-001  8.63e-010  9.13e-002  1.61e-002  1.98e-006  4.70e-012  4.50e-002  1.87e-007  9.62e-009  5.35e-003  7.06e-004  7.02e-004  
4.69806e+016 2.09e-014  6.27e-001  5.79e-002  5.03e-007  1.57e-001  8.66e-010  9.00e-002  1.58e-002  2.22e-006  4.63e-012  4.42e-002  1.80e-007  9.38e-009  5.22e-003  6.89e-004  6.89e-004  
4.70337e+016 2.17e-014  6.23e-001  5.67e-002  5.12e-007  1.66e-001  8.72e-010  8.90e-002  1.54e-002  2.51e-006  4.56e-012  4.30e-002  1.71e-007  9.04e-009  5.07e-003  6.69e-004  6.74e-004  
4.70622e+016 2.22e-014  6.22e-001  5.59e-002  5.05e-007  1.69e-001  8.70e-010  8.79e-002  1.51e-002  2.60e-006  4.42e-012  4.23e-002  1.67e-007  8.84e-009  5.00e-003  6.54e-004  6.63e-004  
4.71061e+016 2.29e-014  6.24e-001  5.33e-002  4.50e-007  1.75e-001  8.56e-010  8.47e-002  1.48e-002  2.59e-006  3.93e-012  4.13e-002  1.64e-007  8.56e-009  4.89e-003  6.33e-004  6.46e-004  
4.71746e+016 2.39e-014  6.28e-001  4.90e-002  3.30e-007  1.84e-001  8.25e-010  7.71e-002  1.43e-002  2.41e-006  2.91e-012  4.01e-002  1.62e-007  8.29e-009  4.73e-003  6.12e-004  6.28e-004  
4.72860e+016 2.54e-014  6.33e-001  4.25e-002  1.54e-007  2.04e-001  7.63e-010  6.21e-002  1.38e-002  1.95e-006  1.45e-012  3.83e-002  1.59e-007  8.06e-009  4.52e-003  5.78e-004  6.13e-004  
4.74240e+016 2.75e-014  6.30e-001  3.62e-002  4.70e-008  2.34e-001  6.92e-010  4.48e-002  1.34e-002  1.35e-006  5.02e-013  3.60e-002  1.54e-007  8.26e-009  4.26e-003  5.31e-004  6.01e-004  
4.74305e+016 2.76e-014  6.30e-001  3.58e-002  4.42e-008  2.35e-001  6.88e-010  4.38e-002  1.34e-002  1.32e-006  4.74e-013  3.58e-002  1.54e-007  8.26e-009  4.24e-003  5.29e-004  5.97e-004  
4.74313e+016 2.76e-014  6.30e-001  3.58e-002  4.34e-008  2.35e-001  6.88e-010  4.38e-002  1.34e-002  1.31e-006  4.67e-013  3.58e-002  1.53e-007  8.25e-009  4.24e-003  5.28e-004  5.97e-004  
4.74348e+016 2.76e-014  6.30e-001  3.54e-002  3.76e-008  2.36e-001  6.73e-010  4.31e-002  1.34e-002  1.22e-006  4.13e-013  3.59e-002  1.55e-007  8.29e-009  4.24e-003  5.28e-004  5.97e-004  
4.74406e+016 2.76e-014  6.31e-001  3.39e-002  2.48e-008  2.39e-001  6.27e-010  4.13e-002  1.34e-002  9.86e-007  2.91e-013  3.59e-002  1.58e-007  8.37e-009  4.24e-003  5.29e-004  6.02e-004  
4.74503e+016 2.75e-014  6.33e-001  3.07e-002  1.16e-008  2.44e-001  5.60e-010  3.61e-002  1.35e-002  6.73e-007  1.54e-013  3.61e-002  1.64e-007  8.55e-009  4.26e-003  5.31e-004  6.04e-004  
4.74676e+016 2.75e-014  6.34e-001  2.93e-002  4.59e-009  2.53e-001  5.06e-010  2.83e-002  1.36e-002  4.22e-007  6.99e-014  3.61e-002  1.70e-007  8.99e-009  4.26e-003  5.32e-004  6.08e-004  
4.74972e+016 2.78e-014  6.33e-001  2.76e-002  2.34e-009  2.62e-001  5.03e-010  2.19e-002  1.36e-002  3.12e-007  3.95e-014  3.57e-002  1.66e-007  9.89e-009  4.21e-003  5.25e-004  6.08e-004  
4.75283e+016 2.85e-014  6.31e-001  2.59e-002  2.01e-009  2.68e-001  5.33e-010  2.00e-002  1.34e-002  3.03e-007  3.42e-014  3.50e-002  1.54e-007  1.06e-008  4.10e-003  5.12e-004  6.00e-004  
4.75365e+016 2.87e-014  6.31e-001  2.54e-002  1.98e-009  2.70e-001  5.44e-010  1.98e-002  1.34e-002  3.06e-007  3.37e-014  3.48e-002  1.52e-007  1.08e-008  4.08e-003  5.09e-004  5.96e-004  
4.75556e+016 2.91e-014  6.29e-001  2.48e-002  1.95e-009  2.73e-001  5.64e-010  1.95e-002  1.33e-002  3.14e-007  3.30e-014  3.44e-002  1.45e-007  1.12e-008  4.06e-003  5.02e-004  5.95e-004  
4.75856e+016 2.96e-014  6.24e-001  2.45e-002  1.92e-009  2.79e-001  5.90e-010  1.93e-002  1.32e-002  3.29e-007  3.22e-014  3.37e-002  1.37e-007  1.16e-008  3.98e-003  4.89e-004  5.90e-004  
4.76342e+016 3.07e-014  6.17e-001  2.33e-002  1.67e-009  2.90e-001  6.04e-010  1.86e-002  1.30e-002  3.29e-007  2.80e-014  3.29e-002  1.26e-007  1.20e-008  3.88e-003  4.73e-004  5.81e-004  
4.77120e+016 3.20e-014  6.00e-001  2.07e-002  1.06e-009  3.13e-001  5.97e-010  1.67e-002  1.28e-002  2.95e-007  1.85e-014  3.19e-002  1.15e-007  1.26e-008  3.72e-003  4.53e-004  5.75e-004  
4.78339e+016 3.48e-014  5.83e-001  1.64e-002  3.44e-010  3.42e-001  5.40e-010  1.26e-002  1.23e-002  1.92e-007  6.86e-015  2.96e-002  9.90e-008  1.34e-008  3.47e-003  4.13e-004  5.54e-004  
4.79819e+016 3.77e-014  5.52e-001  1.07e-002  5.91e-011  3.85e-001  4.77e-010  8.73e-003  1.20e-002  9.04e-008  1.49e-015  2.76e-002  8.04e-008  1.60e-008  3.24e-003  3.79e-004  5.41e-004  
4.80101e+016 3.85e-014  5.46e-001  9.95e-003  4.05e-011  3.92e-001  4.63e-010  8.08e-003  1.19e-002  7.61e-008  1.07e-015  2.73e-002  7.61e-008  1.66e-008  3.17e-003  3.72e-004  5.35e-004  
4.80156e+016 3.86e-014  5.44e-001  9.83e-003  3.73e-011  3.94e-001  4.59e-010  7.98e-003  1.19e-002  7.31e-008  1.00e-015  2.72e-002  7.54e-008  1.67e-008  3.16e-003  3.71e-004  5.34e-004  
4.80288e+016 3.88e-014  5.42e-001  9.50e-003  2.99e-011  3.97e-001  4.52e-010  7.71e-003  1.19e-002  6.61e-008  8.28e-016  2.71e-002  7.38e-008  1.71e-008  3.17e-003  3.69e-004  5.34e-004  
4.80511e+016 3.92e-014  5.35e-001  8.87e-003  1.96e-011  4.05e-001  4.33e-010  7.22e-003  1.19e-002  5.38e-008  5.76e-016  2.68e-002  7.11e-008  1.76e-008  3.14e-003  3.65e-004  5.33e-004  
4.80875e+016 3.99e-014  5.24e-001  7.78e-003  9.51e-012  4.19e-001  4.04e-010  6.47e-003  1.18e-002  3.79e-008  3.11e-016  2.63e-002  6.62e-008  1.88e-008  3.09e-003  3.59e-004  5.29e-004  
4.81463e+016 4.10e-014  5.05e-001  6.24e-003  3.24e-012  4.41e-001  3.71e-010  5.58e-003  1.17e-002  2.24e-008  1.23e-016  2.59e-002  5.71e-008  2.10e-008  3.02e-003  3.46e-004  5.27e-004  
4.82445e+016 4.31e-014  4.76e-001  4.83e-003  6.95e-013  4.74e-001  3.37e-010  4.81e-003  1.16e-002  1.08e-008  3.30e-017  2.46e-002  4.16e-008  2.60e-008  2.88e-003  3.28e-004  5.18e-004  
4.83636e+016 4.54e-014  4.32e-001  3.28e-003  1.15e-013  5.22e-001  2.97e-010  4.40e-003  1.14e-002  4.60e-009  7.05e-018  2.36e-002  2.71e-008  3.43e-008  2.75e-003  3.08e-004  5.13e-004  
4.84912e+016 4.77e-014  3.79e-001  2.02e-003  1.27e-014  5.76e-001  2.47e-010  4.38e-003  1.14e-002  1.58e-009  1.07e-018  2.26e-002  1.70e-008  4.61e-008  2.64e-003  2.91e-004  5.09e-004  
4.86294e+016 5.03e-014  3.22e-001  1.18e-003  8.26e-016  6.36e-001  1.88e-010  4.77e-003  1.13e-002  4.05e-010  1.04e-019  2.17e-002  1.01e-008  6.46e-008  2.52e-003  2.72e-004  5.07e-004  
4.87591e+016 5.26e-014  2.68e-001  6.27e-004  4.52e-017  6.90e-001  1.37e-010  5.49e-003  1.13e-002  9.20e-011  8.86e-021  2.09e-002  6.58e-009  8.97e-008  2.43e-003  2.57e-004  5.06e-004  
4.88968e+016 5.49e-014  2.13e-001  2.82e-004  1.47e-018  7.45e-001  9.23e-011  6.78e-003  1.13e-002  1.55e-011  4.83e-022  2.02e-002  4.83e-009  1.28e-007  2.35e-003  2.40e-004  5.06e-004  
4.90444e+016 5.70e-014  1.57e-001  1.07e-004  2.24e-020  8.00e-001  5.51e-011  8.84e-003  1.13e-002  1.68e-012  1.40e-023  1.95e-002  4.10e-009  1.91e-007  2.28e-003  2.26e-004  5.10e-004  
4.91980e+016 5.90e-014  1.07e-001  3.39e-005  1.59e-022  8.47e-001  2.88e-011  1.21e-002  1.15e-002  1.15e-013  2.14e-025  1.90e-002  3.85e-009  2.90e-007  2.20e-003  2.12e-004  5.17e-004  
4.93317e+016 6.07e-014  7.07e-002  1.04e-005  1.16e-024  8.80e-001  1.47e-011  1.61e-002  1.16e-002  7.61e-015  3.38e-027  1.85e-002  3.79e-009  4.20e-007  2.16e-003  2.01e-004  5.22e-004  
4.94239e+016 6.16e-014  4.97e-002  3.68e-006  2.71e-026  8.98e-001  8.70e-012  1.98e-002  1.17e-002  9.28e-016  1.42e-028  1.82e-002  3.80e-009  5.49e-007  2.13e-003  1.93e-004  5.27e-004  
4.95192e+016 6.27e-014  3.36e-002  1.21e-006  3.86e-028  9.09e-001  4.72e-012  2.46e-002  1.18e-002  8.37e-017  3.97e-030  1.80e-002  3.81e-009  7.21e-007  2.10e-003  1.85e-004  5.33e-004  
4.96202e+016 6.39e-014  2.33e-002  4.36e-007  3.00e-030  9.13e-001  2.33e-012  3.07e-002  1.19e-002  5.21e-018  6.63e-032  1.77e-002  3.83e-009  9.62e-007  2.06e-003  1.77e-004  5.36e-004  
4.97297e+016 6.49e-014  1.45e-002  1.05e-007  9.77e-033  9.14e-001  1.00e-012  3.88e-002  1.21e-002  1.91e-019  5.36e-034  1.74e-002  3.88e-009  1.33e-006  2.03e-003  1.70e-004  5.46e-004  
4.98461e+016 6.54e-014  8.04e-003  1.82e-008  1.11e-035  9.10e-001  3.67e-013  4.95e-002  1.24e-002  3.65e-021  1.79e-036  1.73e-002  3.99e-009  1.88e-006  2.02e-003  1.62e-004  5.57e-004  
4.99670e+016 6.61e-014  3.89e-003  2.28e-009  4.69e-039  9.01e-001  1.15e-013  6.22e-002  1.26e-002  3.75e-023  2.62e-039  1.71e-002  4.22e-009  2.68e-006  2.00e-003  1.56e-004  5.69e-004  
5.00936e+016 6.66e-014  1.50e-003  2.07e-010  4.97e-043  8.89e-001  2.90e-014  7.71e-002  1.29e-002  1.61e-025  1.20e-042  1.70e-002  4.55e-009  3.86e-006  1.98e-003  1.48e-004  5.82e-004  
5.02240e+016 6.62e-014  4.38e-004  9.05e-012  1.25e-047  8.72e-001  5.89e-015  9.46e-002  1.34e-002  2.76e-028  1.65e-046  1.71e-002  5.05e-009  5.62e-006  1.99e-003  1.51e-004  6.01e-004  
5.03584e+016 6.50e-014  1.21e-004  5.74e-013  6.69e-053  8.52e-001  9.50e-016  1.14e-001  1.39e-002  1.75e-031  6.24e-051  1.72e-002  5.71e-009  8.20e-006  2.01e-003  1.61e-004  6.26e-004  
5.05026e+016 6.24e-014  3.62e-005  1.62e-014  2.12e-059  8.28e-001  1.01e-016  1.37e-001  1.48e-002  1.86e-035  2.21e-056  1.78e-002  6.70e-009  1.22e-005  2.07e-003  1.75e-004  6.69e-004  
5.05959e+016 6.05e-014  1.40e-005  8.36e-016  1.03e-063  8.11e-001  2.30e-017  1.52e-001  1.55e-002  4.15e-038  5.35e-060  1.82e-002  7.43e-009  1.56e-005  2.13e-003  1.80e-004  7.01e-004  
5.06957e+016 5.93e-014  3.93e-006  2.51e-017  1.51e-068  7.96e-001  4.32e-018  1.66e-001  1.62e-002  4.27e-041  4.72e-064  1.86e-002  8.23e-009  1.97e-005  2.16e-003  1.86e-004  7.29e-004  
5.07988e+016 5.75e-014  8.60e-007  1.23e-018  9.03e-074  7.80e-001  7.15e-019  1.81e-001  1.70e-002  2.47e-044  1.98e-068  1.91e-002  9.26e-009  2.52e-005  2.23e-003  1.91e-004  7.64e-004  
5.09058e+016 5.51e-014  1.49e-007  2.81e-020  4.19e-079  7.59e-001  1.16e-019  2.00e-001  1.80e-002  1.20e-047  6.74e-073  1.98e-002  1.05e-008  3.23e-005  2.31e-003  2.00e-004  8.13e-004  
5.10237e+016 5.20e-014  1.87e-008  3.27e-022  0.00e+000  7.35e-001  1.42e-020  2.21e-001  1.94e-002  1.71e-051  4.58e-078  2.10e-002  1.23e-008  4.25e-005  2.44e-003  2.13e-004  8.79e-004  
5.11496e+016 4.82e-014  1.76e-009  2.12e-024  0.00e+000  7.05e-001  1.47e-021  2.47e-001  2.16e-002  1.11e-055  0.00e+000  2.24e-002  1.47e-008  5.70e-005  2.61e-003  2.30e-004  9.69e-004  
5.12843e+016 4.08e-014  2.03e-010  7.20e-027  0.00e+000  6.44e-001  1.42e-022  2.99e-001  2.60e-002  3.92e-060  0.00e+000  2.62e-002  1.94e-008  8.40e-005  3.06e-003  2.72e-004  1.17e-003  
5.14296e+016 3.43e-014  2.40e-011  1.43e-028  0.00e+000  5.68e-001  9.96e-024  3.64e-001  3.15e-002  3.35e-065  0.00e+000  3.09e-002  2.62e-008  1.26e-004  3.61e-003  3.23e-004  1.42e-003  
5.15425e+016 3.05e-014  8.31e-012  4.96e-030  0.00e+000  5.09e-001  1.37e-024  4.14e-001  3.61e-002  5.65e-069  0.00e+000  3.48e-002  3.24e-008  1.69e-004  4.07e-003  3.61e-004  1.63e-003  
5.16792e+016 2.65e-014  4.68e-013  6.80e-033  0.00e+000  4.27e-001  1.27e-025  4.83e-001  4.27e-002  1.59e-073  0.00e+000  3.96e-002  4.19e-008  2.38e-004  4.64e-003  4.15e-004  1.92e-003  
5.18319e+016 2.29e-014  1.40e-014  3.63e-036  0.00e+000  3.36e-001  7.73e-027  5.59e-001  5.03e-002  7.69e-079  0.00e+000  4.54e-002  5.55e-008  3.40e-004  5.33e-003  4.81e-004  2.27e-003  
5.19950e+016 1.97e-014  2.68e-016  8.11e-040  0.00e+000  2.43e-001  2.64e-028  6.34e-001  5.98e-002  0.00e+000  0.00e+000  5.27e-002  7.60e-008  4.87e-004  6.13e-003  5.58e-004  2.70e-003  
5.21655e+016 1.75e-014  2.54e-018  8.11e-044  0.00e+000  1.58e-001  1.01e-029  7.03e-001  6.91e-002  0.00e+000  0.00e+000  5.88e-002  1.01e-007  6.74e-004  6.85e-003  6.23e-004  3.11e-003  
5.23457e+016 1.58e-014  6.17e-020  2.20e-045  0.00e+000  8.88e-002  2.84e-031  7.55e-001  7.87e-002  0.00e+000  0.00e+000  6.41e-002  1.35e-007  9.07e-004  7.49e-003  6.85e-004  3.55e-003  
5.25384e+016 1.47e-014  2.81e-022  6.18e-049  0.00e+000  4.52e-002  8.95e-033  7.86e-001  8.61e-002  0.00e+000  0.00e+000  6.78e-002  1.76e-007  1.18e-003  7.93e-003  7.25e-004  3.88e-003  
5.27451e+016 1.40e-014  9.81e-025  1.04e-053  0.00e+000  1.80e-002  1.78e-034  8.02e-001  9.38e-002  0.00e+000  0.00e+000  7.09e-002  2.31e-007  1.50e-003  8.23e-003  7.66e-004  4.21e-003  
5.29668e+016 1.34e-014  1.53e-027  3.07e-059  0.00e+000  5.09e-003  4.68e-036  8.06e-001  1.00e-001  0.00e+000  0.00e+000  7.27e-002  3.03e-007  1.88e-003  8.51e-003  7.83e-004  4.51e-003  
5.31993e+016 1.29e-014  8.70e-031  1.83e-066  0.00e+000  6.55e-004  7.44e-038  8.00e-001  1.07e-001  0.00e+000  0.00e+000  7.44e-002  4.04e-007  2.33e-003  8.70e-003  8.08e-004  4.82e-003  
5.34440e+016 1.25e-014  8.05e-032  3.73e-067  0.00e+000  6.34e-005  2.05e-039  7.95e-001  1.12e-001  0.00e+000  0.00e+000  7.49e-002  5.28e-007  2.81e-003  8.69e-003  8.21e-004  5.07e-003  
5.36995e+016 1.20e-014  1.37e-036  1.54e-073  0.00e+000  7.33e-006  3.05e-041  7.83e-001  1.21e-001  0.00e+000  0.00e+000  7.69e-002  7.19e-007  3.42e-003  8.94e-003  8.52e-004  5.45e-003  
5.39765e+016 1.16e-014  1.29e-040  2.34e-082  0.00e+000  1.98e-007  8.24e-043  7.74e-001  1.28e-001  0.00e+000  0.00e+000  7.73e-002  9.62e-007  4.07e-003  9.02e-003  8.59e-004  5.76e-003  
5.42627e+016 1.11e-014  8.20e-042  0.00e+000  0.00e+000  2.37e-009  1.56e-044  7.62e-001  1.37e-001  0.00e+000  0.00e+000  7.90e-002  1.31e-006  4.87e-003  9.18e-003  8.86e-004  6.17e-003  
5.45738e+016 1.05e-014  1.77e-047  0.00e+000  0.00e+000  3.44e-011  2.19e-046  7.47e-001  1.49e-001  0.00e+000  0.00e+000  8.11e-002  1.85e-006  5.84e-003  9.41e-003  9.22e-004  6.69e-003  
5.49079e+016 1.00e-014  1.11e-048  0.00e+000  0.00e+000  3.57e-014  4.67e-048  7.33e-001  1.59e-001  0.00e+000  0.00e+000  8.25e-002  2.55e-006  6.88e-003  9.55e-003  9.47e-004  7.18e-003  
5.52575e+016 9.38e-015  5.38e-055  0.00e+000  0.00e+000  1.65e-016  7.68e-050  7.14e-001  1.74e-001  0.00e+000  0.00e+000  8.48e-002  3.60e-006  8.13e-003  9.79e-003  9.86e-004  7.80e-003  
5.56155e+016 8.64e-015  1.18e-056  0.00e+000  0.00e+000  2.64e-020  9.00e-052  6.90e-001  1.91e-001  0.00e+000  0.00e+000  8.86e-002  5.15e-006  9.66e-003  1.02e-002  1.05e-003  8.61e-003  
5.59918e+016 8.08e-015  4.13e-063  0.00e+000  0.00e+000  4.18e-023  2.19e-053  6.68e-001  2.08e-001  0.00e+000  0.00e+000  9.07e-002  7.13e-006  1.12e-002  1.04e-002  1.09e-003  9.33e-003  
5.63913e+016 7.44e-015  7.73e-066  0.00e+000  0.00e+000  6.08e-027  4.40e-055  6.43e-001  2.27e-001  0.00e+000  0.00e+000  9.37e-002  1.00e-005  1.30e-002  1.08e-002  1.15e-003  1.02e-002  
5.68226e+016 6.74e-015  4.81e-072  0.00e+000  0.00e+000  6.79e-034  6.04e-057  6.08e-001  2.54e-001  0.00e+000  0.00e+000  9.79e-002  1.44e-005  1.53e-002  1.12e-002  1.22e-003  1.14e-002  
5.72780e+016 5.98e-015  1.09e-074  0.00e+000  0.00e+000  3.31e-035  5.10e-059  5.65e-001  2.86e-001  0.00e+000  0.00e+000  1.04e-001  2.11e-005  1.81e-002  1.18e-002  1.33e-003  1.28e-002  
5.77650e+016 5.38e-015  0.00e+000  0.00e+000  0.00e+000  6.19e-043  9.89e-061  5.26e-001  3.16e-001  0.00e+000  0.00e+000  1.08e-001  2.97e-005  2.10e-002  1.22e-002  1.42e-003  1.42e-002  
5.82707e+016 4.81e-015  0.00e+000  0.00e+000  0.00e+000  2.46e-047  1.69e-062  4.81e-001  3.52e-001  0.00e+000  0.00e+000  1.12e-001  4.22e-005  2.43e-002  1.27e-002  1.51e-003  1.58e-002  
5.88124e+016 4.25e-015  0.00e+000  0.00e+000  0.00e+000  1.18e-056  1.89e-064  4.28e-001  3.93e-001  0.00e+000  0.00e+000  1.17e-001  6.05e-005  2.85e-002  1.31e-002  1.63e-003  1.76e-002  
5.93801e+016 3.74e-015  0.00e+000  0.00e+000  0.00e+000  4.28e-061  1.37e-066  3.69e-001  4.39e-001  0.00e+000  0.00e+000  1.22e-001  8.70e-005  3.32e-002  1.36e-002  1.76e-003  1.97e-002  
5.99878e+016 3.35e-015  0.00e+000  0.00e+000  0.00e+000  7.79e-069  2.21e-068  3.19e-001  4.80e-001  0.00e+000  0.00e+000  1.24e-001  1.20e-004  3.79e-002  1.37e-002  1.86e-003  2.15e-002  
6.06254e+016 3.00e-015  0.00e+000  0.00e+000  0.00e+000  5.76e-073  2.50e-070  2.68e-001  5.23e-001  0.00e+000  0.00e+000  1.26e-001  1.66e-004  4.33e-002  1.38e-002  1.96e-003  2.34e-002  
6.12860e+016 2.72e-015  0.00e+000  0.00e+000  0.00e+000  1.63e-077  2.82e-072  2.21e-001  5.62e-001  0.00e+000  0.00e+000  1.26e-001  2.26e-004  4.85e-002  1.37e-002  2.04e-003  2.51e-002  
6.19772e+016 2.49e-015  0.00e+000  0.00e+000  0.00e+000  0.00e+000  2.98e-074  1.80e-001  5.97e-001  0.00e+000  0.00e+000  1.24e-001  3.03e-004  5.41e-002  1.35e-002  2.10e-003  2.67e-002  
6.27006e+016 2.31e-015  0.00e+000  0.00e+000  0.00e+000  0.00e+000  2.87e-076  1.45e-001  6.28e-001  0.00e+000  0.00e+000  1.22e-001  4.04e-004  5.98e-002  1.31e-002  2.14e-003  2.80e-002  
6.34752e+016 2.15e-015  0.00e+000  0.00e+000  0.00e+000  0.00e+000  2.23e-078  1.16e-001  6.55e-001  0.00e+000  0.00e+000  1.18e-001  5.34e-004  6.55e-002  1.25e-002  2.17e-003  2.92e-002  
6.43223e+016 2.03e-015  0.00e+000  0.00e+000  0.00e+000  0.00e+000  1.23e-080  9.06e-002  6.79e-001  0.00e+000  0.00e+000  1.13e-001  7.14e-004  7.09e-002  1.19e-002  2.17e-003  3.01e-002  
6.52408e+016 1.93e-015  0.00e+000  0.00e+000  0.00e+000  0.00e+000  0.00e+000  7.04e-002  6.99e-001  0.00e+000  0.00e+000  1.07e-001  9.47e-004  7.66e-002  1.12e-002  2.16e-003  3.09e-002  
6.62440e+016 1.85e-015  0.00e+000  0.00e+000  0.00e+000  0.00e+000  0.00e+000  5.42e-002  7.15e-001  0.00e+000  0.00e+000  1.01e-001  1.28e-003  8.23e-002  1.05e-002  2.14e-003  3.15e-002  
6.73219e+016 1.79e-015  0.00e+000  0.00e+000  0.00e+000  0.00e+000  0.00e+000  4.13e-002  7.28e-001  0.00e+000  0.00e+000  9.52e-002  1.71e-003  8.79e-002  9.69e-003  2.11e-003  3.19e-002  
6.84641e+016 1.74e-015  0.00e+000  0.00e+000  0.00e+000  0.00e+000  0.00e+000  3.15e-002  7.37e-001  0.00e+000  0.00e+000  8.98e-002  2.30e-003  9.38e-002  8.98e-003  2.09e-003  3.23e-002  
6.96945e+016 1.71e-015  0.00e+000  0.00e+000  0.00e+000  0.00e+000  0.00e+000  2.38e-002  7.44e-001  0.00e+000  0.00e+000  8.43e-002  3.08e-003  9.90e-002  8.32e-003  2.06e-003  3.25e-002  
7.10391e+016 1.70e-015  0.00e+000  0.00e+000  0.00e+000  0.00e+000  0.00e+000  1.80e-002  7.48e-001  0.00e+000  0.00e+000  7.95e-002  4.10e-003  1.04e-001  7.72e-003  2.03e-003  3.25e-002  
7.25155e+016 1.70e-015  0.00e+000  0.00e+000  0.00e+000  0.00e+000  0.00e+000  1.31e-002  7.51e-001  0.00e+000  0.00e+000  7.51e-002  5.49e-003  1.09e-001  7.16e-003  2.01e-003  3.24e-002  
7.42223e+016 1.74e-015  0.00e+000  0.00e+000  0.00e+000  0.00e+000  0.00e+000  9.31e-003  7.53e-001  0.00e+000  0.00e+000  7.07e-002  7.41e-003  1.13e-001  6.61e-003  2.01e-003  3.22e-002  
7.63108e+016 1.80e-015  0.00e+000  0.00e+000  0.00e+000  0.00e+000  0.00e+000  6.12e-003  7.51e-001  0.00e+000  0.00e+000  6.73e-002  1.03e-002  1.18e-001  6.12e-003  2.03e-003  3.19e-002  
7.86896e+016 1.90e-015  0.00e+000  0.00e+000  0.00e+000  0.00e+000  0.00e+000  3.81e-003  7.47e-001  0.00e+000  0.00e+000  6.42e-002  1.41e-002  1.22e-001  5.68e-003  2.07e-003  3.14e-002  
8.18150e+016 2.07e-015  0.00e+000  0.00e+000  0.00e+000  0.00e+000  0.00e+000  2.07e-003  7.39e-001  0.00e+000  0.00e+000  6.14e-002  2.00e-002  1.26e-001  5.32e-003  2.17e-003  3.07e-002  
8.55776e+016 2.34e-015  0.00e+000  0.00e+000  0.00e+000  0.00e+000  0.00e+000  1.00e-003  7.27e-001  0.00e+000  0.00e+000  5.94e-002  2.80e-002  1.32e-001  4.92e-003  2.32e-003  2.96e-002  
9.00548e+016 2.75e-015  0.00e+000  0.00e+000  0.00e+000  0.00e+000  0.00e+000  4.33e-004  7.05e-001  0.00e+000  0.00e+000  5.75e-002  3.85e-002  1.43e-001  4.55e-003  2.53e-003  2.81e-002  
9.53916e+016 3.43e-015  0.00e+000  0.00e+000  0.00e+000  0.00e+000  0.00e+000  1.64e-004  6.71e-001  0.00e+000  0.00e+000  5.52e-002  5.14e-002  1.66e-001  4.14e-003  2.79e-003  2.61e-002  
1.01535e+017 4.60e-015  0.00e+000  0.00e+000  0.00e+000  0.00e+000  0.00e+000  5.61e-005  6.19e-001  0.00e+000  0.00e+000  5.19e-002  6.50e-002  2.07e-001  3.67e-003  3.06e-003  2.33e-002  
1.09249e+017 7.05e-015  0.00e+000  0.00e+000  0.00e+000  0.00e+000  0.00e+000  1.59e-005  5.45e-001  0.00e+000  0.00e+000  4.71e-002  7.83e-002  2.73e-001  3.09e-003  3.35e-003  1.94e-002  
1.19176e+017 1.25e-014  0.00e+000  0.00e+000  0.00e+000  0.00e+000  0.00e+000  3.92e-006  4.76e-001  0.00e+000  0.00e+000  4.36e-002  9.06e-002  3.28e-001  2.61e-003  3.93e-003  1.60e-002  
1.32448e+017 2.40e-014  0.00e+000  0.00e+000  0.00e+000  0.00e+000  0.00e+000  9.87e-007  4.96e-001  0.00e+000  0.00e+000  5.00e-002  1.09e-001  2.77e-001  2.64e-003  6.33e-003  1.50e-002  
