! 0       HNCO + H -> OCN + H2
! 1       CH + NO -> OCN + H
! 2       CN + O2 -> OCN + O
! 3       N + HCO -> OCN + H
! 4       OH + CN -> OCN + H
! 5       O + HCN -> OCN + H
! 6       HNCO + O -> OH + OCN
! 7       HNCO + OH -> H2O + OCN
! 8       O + H2CN -> OCN + H2
! 9       O + C7N -> C6 + OCN
!            tot_rate   0          1          2          3          4          5          6          7          8          9          
1.58188e+013 3.40e-015  0.00e+000  5.76e-003  9.79e-001  7.23e-003  7.67e-003  0.00e+000  0.00e+000  5.26e-073  3.17e-004  1.87e-004  
3.50727e+014 3.40e-015  0.00e+000  5.76e-003  9.79e-001  7.23e-003  7.67e-003  0.00e+000  0.00e+000  5.26e-073  3.17e-004  1.87e-004  
5.21628e+015 3.40e-015  0.00e+000  5.76e-003  9.79e-001  7.23e-003  7.67e-003  0.00e+000  0.00e+000  5.26e-073  3.17e-004  1.86e-004  
2.67137e+016 3.39e-015  0.00e+000  5.75e-003  9.79e-001  7.02e-003  7.67e-003  0.00e+000  0.00e+000  6.34e-073  3.18e-004  1.87e-004  
3.33598e+016 3.36e-015  0.00e+000  5.77e-003  9.79e-001  6.81e-003  7.68e-003  0.00e+000  0.00e+000  2.28e-071  3.21e-004  1.87e-004  
3.42055e+016 3.36e-015  0.00e+000  5.74e-003  9.79e-001  6.73e-003  7.65e-003  0.00e+000  0.00e+000  6.22e-070  3.21e-004  1.87e-004  
3.44017e+016 3.36e-015  0.00e+000  5.74e-003  9.79e-001  6.70e-003  7.65e-003  0.00e+000  0.00e+000  2.17e-069  3.21e-004  1.87e-004  
3.46353e+016 3.35e-015  0.00e+000  5.76e-003  9.79e-001  6.69e-003  7.67e-003  0.00e+000  0.00e+000  1.44e-068  3.22e-004  1.87e-004  
3.48860e+016 3.22e-015  0.00e+000  5.99e-003  9.78e-001  6.90e-003  7.98e-003  0.00e+000  0.00e+000  2.14e-067  3.35e-004  1.95e-004  
3.51370e+016 3.01e-015  0.00e+000  6.38e-003  9.77e-001  7.31e-003  8.54e-003  0.00e+000  0.00e+000  8.27e-066  3.59e-004  2.08e-004  
3.53250e+016 2.82e-015  0.00e+000  6.81e-003  9.76e-001  7.77e-003  9.12e-003  0.00e+000  0.00e+000  2.99e-064  3.83e-004  2.22e-004  
3.55515e+016 2.55e-015  0.00e+000  7.61e-003  9.73e-001  8.51e-003  1.01e-002  0.00e+000  0.00e+000  8.40e-062  4.24e-004  2.46e-004  
3.57182e+016 2.31e-015  0.00e+000  8.49e-003  9.70e-001  9.31e-003  1.11e-002  0.00e+000  0.00e+000  1.80e-059  4.72e-004  2.72e-004  
3.58524e+016 2.10e-015  0.00e+000  9.48e-003  9.67e-001  1.02e-002  1.22e-002  0.00e+000  0.00e+000  3.47e-057  5.19e-004  2.99e-004  
3.60047e+016 1.85e-015  0.00e+000  1.09e-002  9.63e-001  1.15e-002  1.39e-002  0.00e+000  0.00e+000  4.65e-054  5.89e-004  3.39e-004  
3.61718e+016 1.55e-015  0.00e+000  1.32e-002  9.55e-001  1.36e-002  1.66e-002  0.00e+000  0.00e+000  7.55e-050  7.04e-004  4.05e-004  
3.62899e+016 1.34e-015  0.00e+000  1.53e-002  9.48e-001  1.56e-002  1.92e-002  0.00e+000  0.00e+000  2.49e-046  8.21e-004  4.68e-004  
3.63893e+016 1.17e-015  0.00e+000  1.76e-002  9.41e-001  1.78e-002  2.20e-002  5.64e-077  0.00e+000  5.21e-043  9.41e-004  5.36e-004  
3.64972e+016 9.91e-016  0.00e+000  2.08e-002  9.30e-001  2.09e-002  2.59e-002  4.79e-069  0.00e+000  4.77e-039  1.11e-003  6.33e-004  
3.66124e+016 8.21e-016  0.00e+000  2.50e-002  9.16e-001  2.51e-002  3.14e-002  6.25e-060  0.00e+000  1.77e-034  1.35e-003  7.64e-004  
3.67348e+016 6.66e-016  0.00e+000  3.06e-002  8.96e-001  3.08e-002  3.87e-002  8.21e-050  9.64e-078  2.25e-029  1.68e-003  9.42e-004  
3.68621e+016 5.36e-016  4.67e-072  3.75e-002  8.72e-001  3.81e-002  4.82e-002  2.63e-039  1.44e-061  5.28e-024  2.11e-003  1.17e-003  
3.69700e+016 4.49e-016  2.22e-056  4.41e-002  8.48e-001  4.52e-002  5.74e-002  7.73e-031  1.48e-048  1.32e-019  2.54e-003  1.40e-003  
3.70376e+016 4.04e-016  2.67e-047  4.83e-002  8.32e-001  5.00e-002  6.39e-002  6.41e-026  5.32e-041  5.20e-017  2.85e-003  1.55e-003  
3.71087e+016 3.65e-016  1.44e-038  5.27e-002  8.15e-001  5.54e-002  7.10e-002  3.57e-021  1.02e-033  1.78e-014  3.15e-003  1.72e-003  
3.71826e+016 3.30e-016  1.56e-030  5.72e-002  7.96e-001  6.12e-002  7.84e-002  8.63e-017  5.39e-027  4.27e-012  3.51e-003  1.90e-003  
3.72589e+016 3.01e-016  1.63e-023  6.15e-002  7.78e-001  6.71e-002  8.61e-002  6.11e-013  4.25e-021  5.85e-010  3.92e-003  2.09e-003  
3.73370e+016 2.78e-016  1.01e-017  6.52e-002  7.60e-001  7.27e-002  9.36e-002  9.62e-010  3.32e-016  3.93e-008  4.29e-003  2.27e-003  
3.74165e+016 2.59e-016  3.48e-013  6.79e-002  7.44e-001  7.83e-002  1.00e-001  3.19e-007  2.41e-012  1.24e-006  4.67e-003  2.43e-003  
3.74829e+016 2.47e-016  3.02e-010  6.85e-002  7.33e-001  8.26e-002  1.06e-001  1.38e-005  8.02e-010  1.31e-005  4.98e-003  2.56e-003  
3.75505e+016 2.34e-016  7.66e-008  6.29e-002  7.27e-001  8.77e-002  1.11e-001  2.95e-004  9.62e-008  1.00e-004  5.30e-003  2.70e-003  
3.76194e+016 2.19e-016  8.14e-006  4.40e-002  7.27e-001  9.51e-002  1.18e-001  3.74e-003  5.67e-006  6.08e-004  5.76e-003  2.90e-003  
3.76839e+016 2.07e-016  3.56e-004  1.78e-002  7.15e-001  1.03e-001  1.21e-001  2.75e-002  1.58e-004  2.71e-003  6.18e-003  3.06e-003  
3.76854e+016 2.06e-016  3.86e-004  1.73e-002  7.13e-001  1.04e-001  1.21e-001  2.87e-002  1.70e-004  2.81e-003  6.21e-003  3.08e-003  
3.76877e+016 2.06e-016  4.38e-004  1.64e-002  7.12e-001  1.04e-001  1.21e-001  3.07e-002  1.90e-004  2.95e-003  6.20e-003  3.07e-003  
3.76917e+016 2.06e-016  5.44e-004  1.51e-002  7.09e-001  1.04e-001  1.20e-001  3.42e-002  2.29e-004  3.21e-003  6.26e-003  3.08e-003  
3.76980e+016 2.06e-016  7.57e-004  1.29e-002  7.04e-001  1.05e-001  1.20e-001  4.06e-002  3.08e-004  3.66e-003  6.26e-003  3.08e-003  
3.77083e+016 2.05e-016  1.30e-003  9.93e-003  6.91e-001  1.06e-001  1.19e-001  5.36e-002  4.97e-004  4.53e-003  6.28e-003  3.09e-003  
3.77248e+016 2.07e-016  2.94e-003  6.08e-003  6.65e-001  1.07e-001  1.16e-001  8.15e-002  1.02e-003  6.22e-003  6.27e-003  3.06e-003  
3.77450e+016 2.14e-016  7.48e-003  3.06e-003  6.17e-001  1.07e-001  1.11e-001  1.30e-001  2.32e-003  8.89e-003  6.08e-003  2.97e-003  
3.77655e+016 2.27e-016  1.68e-002  1.46e-003  5.51e-001  1.04e-001  1.02e-001  1.95e-001  4.71e-003  1.19e-002  5.77e-003  2.80e-003  
3.77936e+016 2.48e-016  3.22e-002  6.78e-004  4.68e-001  1.02e-001  9.08e-002  2.71e-001  8.32e-003  1.47e-002  5.33e-003  2.56e-003  
3.78016e+016 2.56e-016  3.83e-002  5.82e-004  4.41e-001  1.00e-001  8.75e-002  2.95e-001  9.65e-003  1.55e-002  5.15e-003  2.48e-003  
3.78111e+016 2.68e-016  4.71e-002  4.97e-004  4.07e-001  9.82e-002  8.29e-002  3.25e-001  1.15e-002  1.65e-002  4.93e-003  2.37e-003  
3.78273e+016 2.94e-016  6.50e-002  3.95e-004  3.47e-001  9.37e-002  7.49e-002  3.75e-001  1.52e-002  1.82e-002  4.53e-003  2.16e-003  
3.78530e+016 3.58e-016  1.03e-001  2.76e-004  2.54e-001  8.30e-002  6.09e-002  4.47e-001  2.22e-002  2.08e-002  3.72e-003  1.77e-003  
3.78818e+016 4.77e-016  1.57e-001  1.78e-004  1.61e-001  6.87e-002  4.55e-002  5.05e-001  3.14e-002  2.35e-002  2.81e-003  1.32e-003  
3.79076e+016 6.47e-016  2.13e-001  1.17e-004  9.82e-002  5.60e-002  3.36e-002  5.27e-001  3.97e-002  2.58e-002  2.07e-003  9.65e-004  
3.79253e+016 8.11e-016  2.55e-001  8.68e-005  6.68e-002  4.79e-002  2.65e-002  5.26e-001  4.51e-002  2.75e-002  1.64e-003  7.64e-004  
3.79502e+016 1.14e-015  3.13e-001  5.71e-005  3.65e-002  3.82e-002  1.82e-002  5.09e-001  5.18e-002  2.99e-002  1.17e-003  5.37e-004  
3.79755e+016 1.63e-015  3.72e-001  3.78e-005  1.82e-002  3.01e-002  1.17e-002  4.76e-001  5.73e-002  3.25e-002  8.06e-004  3.69e-004  
3.79897e+016 1.99e-015  4.04e-001  3.05e-005  1.19e-002  2.64e-002  8.86e-003  4.53e-001  5.99e-002  3.40e-002  6.55e-004  2.97e-004  
3.79918e+016 2.05e-015  4.09e-001  2.95e-005  1.12e-002  2.59e-002  8.45e-003  4.49e-001  6.00e-002  3.43e-002  6.30e-004  2.87e-004  
3.79956e+016 2.16e-015  4.17e-001  2.80e-005  9.92e-003  2.51e-002  7.79e-003  4.43e-001  6.07e-002  3.47e-002  5.98e-004  2.71e-004  
3.80017e+016 2.35e-015  4.29e-001  2.57e-005  8.16e-003  2.37e-002  6.80e-003  4.34e-001  6.12e-002  3.53e-002  5.44e-004  2.47e-004  
3.80129e+016 2.74e-015  4.56e-001  2.23e-005  5.65e-003  2.15e-002  5.25e-003  4.12e-001  6.23e-002  3.64e-002  4.63e-004  2.08e-004  
3.80319e+016 3.56e-015  4.97e-001  1.79e-005  2.86e-003  1.83e-002  3.20e-003  3.76e-001  6.37e-002  3.82e-002  3.48e-004  1.55e-004  
3.80578e+016 5.06e-015  5.54e-001  1.41e-005  1.03e-003  1.47e-002  1.45e-003  3.24e-001  6.39e-002  4.03e-002  2.33e-004  1.02e-004  
3.80629e+016 5.39e-015  5.64e-001  1.36e-005  8.29e-004  1.41e-002  1.22e-003  3.15e-001  6.36e-002  4.06e-002  2.15e-004  9.44e-005  
3.80713e+016 6.00e-015  5.82e-001  1.29e-005  5.74e-004  1.33e-002  9.02e-004  2.98e-001  6.30e-002  4.12e-002  1.90e-004  8.25e-005  
3.80859e+016 7.15e-015  6.12e-001  1.20e-005  2.98e-004  1.20e-002  5.19e-004  2.71e-001  6.15e-002  4.18e-002  1.52e-004  6.56e-005  
3.81083e+016 9.46e-015  6.62e-001  1.09e-005  1.00e-004  1.01e-002  2.00e-004  2.28e-001  5.79e-002  4.15e-002  1.06e-004  4.47e-005  
3.81265e+016 1.18e-014  7.02e-001  1.05e-005  4.08e-005  8.84e-003  8.92e-005  1.95e-001  5.38e-002  4.04e-002  7.84e-005  3.24e-005  
3.81480e+016 1.48e-014  7.49e-001  1.01e-005  1.66e-005  7.69e-003  3.87e-005  1.57e-001  4.77e-002  3.84e-002  5.51e-005  2.20e-005  
3.81769e+016 2.05e-014  8.13e-001  9.59e-006  7.79e-006  6.23e-003  1.85e-005  1.10e-001  3.79e-002  3.32e-002  3.22e-005  1.21e-005  
3.81836e+016 2.20e-014  8.27e-001  9.54e-006  7.04e-006  5.95e-003  1.67e-005  9.99e-002  3.55e-002  3.18e-002  2.84e-005  1.05e-005  
3.81952e+016 2.47e-014  8.50e-001  9.35e-006  6.15e-006  5.50e-003  1.42e-005  8.42e-002  3.12e-002  2.92e-002  2.29e-005  8.13e-006  
3.82149e+016 3.03e-014  8.87e-001  8.97e-006  5.14e-006  4.75e-003  1.09e-005  6.00e-002  2.40e-002  2.41e-002  1.54e-005  5.01e-006  
3.82433e+016 4.05e-014  9.32e-001  8.28e-006  4.18e-006  3.81e-003  7.14e-006  3.31e-002  1.48e-002  1.67e-002  8.55e-006  2.27e-006  
3.82740e+016 5.46e-014  9.65e-001  7.24e-006  3.41e-006  2.93e-003  3.99e-006  1.47e-002  7.33e-003  9.67e-003  4.54e-006  8.26e-007  
3.83054e+016 7.32e-014  9.85e-001  5.94e-006  2.81e-006  2.21e-003  1.86e-006  5.16e-003  2.84e-003  4.65e-003  2.25e-006  2.40e-007  
3.83376e+016 9.69e-014  9.94e-001  4.53e-006  2.34e-006  1.63e-003  7.30e-007  1.36e-003  8.23e-004  1.81e-003  8.98e-007  5.26e-008  
3.83751e+016 1.31e-013  9.98e-001  3.02e-006  1.92e-006  1.14e-003  2.64e-007  1.94e-004  1.30e-004  5.81e-004  1.94e-007  6.20e-009  
3.84132e+016 1.73e-013  9.99e-001  1.67e-006  1.28e-006  8.08e-004  1.50e-007  2.07e-005  1.63e-005  3.68e-004  2.86e-008  5.89e-010  
3.84531e+016 2.26e-013  9.99e-001  1.21e-006  9.33e-007  6.01e-004  1.62e-007  5.70e-006  5.79e-006  4.11e-004  1.06e-008  1.63e-010  
3.84962e+016 2.93e-013  9.99e-001  1.51e-006  8.52e-007  4.94e-004  2.17e-007  4.02e-006  5.18e-006  4.60e-004  9.34e-009  1.15e-010  
3.85449e+016 3.80e-013  9.99e-001  2.92e-006  1.02e-006  4.76e-004  2.79e-007  3.16e-006  4.00e-006  3.73e-004  8.94e-009  8.94e-011  
3.85990e+016 4.31e-013  9.99e-001  6.75e-006  1.66e-006  5.22e-004  2.74e-007  2.99e-006  3.76e-006  1.91e-004  1.01e-008  8.49e-011  
3.86597e+016 4.29e-013  9.99e-001  1.76e-005  3.54e-006  5.19e-004  2.66e-007  3.87e-006  4.68e-006  8.39e-005  1.50e-008  1.09e-010  
3.87288e+016 4.17e-013  9.99e-001  4.91e-005  8.10e-006  3.62e-004  6.57e-007  6.57e-006  7.33e-006  8.48e-005  2.88e-008  1.85e-010  
3.88139e+016 3.78e-013  1.00e+000  1.49e-004  1.94e-005  1.50e-004  2.49e-006  1.30e-005  1.21e-005  1.22e-004  6.43e-008  3.65e-010  
3.89093e+016 2.99e-013  9.99e-001  4.41e-004  4.71e-005  3.98e-005  1.02e-005  2.89e-005  1.85e-005  1.77e-004  1.60e-007  8.09e-010  
3.90068e+016 1.95e-013  9.98e-001  1.27e-003  1.19e-004  8.29e-006  4.17e-005  7.17e-005  2.48e-005  2.33e-004  4.58e-007  2.00e-009  
3.91088e+016 9.65e-014  9.95e-001  4.19e-003  3.56e-004  5.34e-006  1.92e-004  2.18e-004  2.90e-005  2.74e-004  1.77e-006  6.04e-009  
3.92181e+016 3.23e-014  9.78e-001  1.83e-002  1.45e-003  3.01e-005  1.14e-003  9.19e-004  2.98e-005  2.86e-004  1.05e-005  2.53e-008  
3.93325e+016 7.40e-015  8.71e-001  1.06e-001  7.99e-003  2.27e-004  8.80e-003  5.31e-003  2.52e-005  2.47e-004  8.82e-005  1.43e-007  
3.94519e+016 1.97e-015  3.92e-001  4.94e-001  3.51e-002  1.23e-003  5.18e-002  2.48e-002  9.95e-006  1.02e-004  5.79e-004  6.60e-007  
3.95803e+016 1.48e-015  4.02e-002  7.68e-001  5.11e-002  2.05e-003  9.84e-002  3.87e-002  8.42e-007  9.09e-006  1.21e-003  9.97e-007  
3.97190e+016 1.63e-015  1.02e-002  7.81e-001  4.78e-002  2.10e-003  1.17e-001  3.93e-002  1.67e-007  1.95e-006  1.55e-003  9.72e-007  
3.98699e+016 1.77e-015  1.06e-002  7.75e-001  4.22e-002  1.94e-003  1.30e-001  3.81e-002  1.29e-007  1.67e-006  1.75e-003  8.94e-007  
4.00514e+016 1.84e-015  1.29e-002  7.71e-001  3.60e-002  1.68e-003  1.40e-001  3.68e-002  1.10e-007  1.63e-006  1.81e-003  7.93e-007  
4.02549e+016 1.84e-015  1.67e-002  7.70e-001  2.95e-002  1.36e-003  1.45e-001  3.49e-002  9.39e-008  1.67e-006  1.67e-003  6.78e-007  
4.04761e+016 1.76e-015  2.25e-002  7.71e-001  2.34e-002  1.04e-003  1.47e-001  3.31e-002  8.17e-008  1.79e-006  1.37e-003  5.73e-007  
4.07070e+016 1.63e-015  3.09e-002  7.73e-001  1.78e-002  7.61e-004  1.45e-001  3.13e-002  7.18e-008  1.99e-006  1.02e-003  4.83e-007  
4.09451e+016 1.45e-015  4.33e-002  7.71e-001  1.31e-002  5.39e-004  1.41e-001  2.99e-002  6.51e-008  2.31e-006  7.23e-004  4.12e-007  
4.11988e+016 1.23e-015  6.32e-002  7.63e-001  9.09e-003  3.64e-004  1.34e-001  2.91e-002  6.07e-008  2.82e-006  4.82e-004  3.61e-007  
4.14624e+016 9.96e-016  9.47e-002  7.43e-001  5.96e-003  2.32e-004  1.26e-001  2.95e-002  5.92e-008  3.61e-006  3.09e-004  3.33e-007  
4.17462e+016 7.57e-016  1.47e-001  6.98e-001  3.60e-003  1.36e-004  1.18e-001  3.23e-002  6.09e-008  4.87e-006  1.89e-004  3.35e-007  
4.20512e+016 5.43e-016  2.28e-001  6.17e-001  1.97e-003  7.07e-005  1.12e-001  3.94e-002  6.72e-008  6.85e-006  1.05e-004  3.81e-007  
4.23867e+016 3.68e-016  3.45e-001  4.86e-001  9.59e-004  3.04e-005  1.12e-001  5.52e-002  7.88e-008  9.76e-006  4.92e-005  5.03e-007  
4.27356e+016 2.53e-016  4.66e-001  3.27e-001  4.78e-004  1.05e-005  1.22e-001  8.42e-002  9.25e-008  1.27e-005  1.78e-005  7.35e-007  
4.30994e+016 1.93e-016  5.11e-001  1.77e-001  2.78e-004  2.87e-006  1.63e-001  1.49e-001  1.14e-007  1.37e-005  5.11e-006  1.27e-006  
4.34671e+016 1.69e-016  3.83e-001  8.77e-002  1.90e-004  7.83e-007  2.57e-001  2.72e-001  1.46e-007  1.31e-005  1.26e-006  2.28e-006  
4.38104e+016 1.61e-016  2.69e-001  5.29e-002  1.36e-004  2.74e-007  3.16e-001  3.62e-001  1.25e-007  1.02e-005  3.20e-007  3.00e-006  
4.41007e+016 1.52e-016  1.99e-001  4.57e-002  1.11e-004  2.14e-007  3.42e-001  4.13e-001  8.73e-008  7.35e-006  1.65e-007  3.41e-006  
4.42181e+016 1.49e-016  1.78e-001  4.56e-002  1.04e-004  2.15e-007  3.53e-001  4.23e-001  7.60e-008  6.47e-006  1.53e-007  3.60e-006  
4.42811e+016 1.48e-016  1.64e-001  4.53e-002  1.02e-004  2.17e-007  3.69e-001  4.22e-001  7.19e-008  6.17e-006  1.54e-007  3.83e-006  
4.43809e+016 1.45e-016  1.58e-001  4.73e-002  8.90e-005  2.22e-007  3.74e-001  4.20e-001  6.82e-008  6.11e-006  1.50e-007  4.00e-006  
4.45030e+016 1.34e-016  1.57e-001  5.38e-002  7.64e-005  2.49e-007  3.75e-001  4.14e-001  6.34e-008  6.38e-006  1.53e-007  4.29e-006  
4.45401e+016 1.21e-016  1.57e-001  6.06e-002  7.70e-005  2.84e-007  3.73e-001  4.10e-001  6.01e-008  6.68e-006  1.62e-007  4.58e-006  
4.45998e+016 1.13e-016  1.61e-001  6.65e-002  7.44e-005  3.21e-007  3.71e-001  4.02e-001  5.77e-008  6.96e-006  1.65e-007  4.73e-006  
4.46779e+016 1.13e-016  1.61e-001  6.90e-002  6.72e-005  3.30e-007  3.69e-001  4.00e-001  5.72e-008  7.00e-006  1.68e-007  4.82e-006  
4.48006e+016 1.05e-016  1.65e-001  7.93e-002  6.00e-005  3.87e-007  3.63e-001  3.92e-001  5.47e-008  7.04e-006  1.80e-007  5.12e-006  
4.48529e+016 8.80e-017  1.62e-001  9.91e-002  6.13e-005  4.96e-007  3.52e-001  3.86e-001  5.07e-008  6.92e-006  2.08e-007  5.83e-006  
4.48834e+016 8.20e-017  1.72e-001  1.07e-001  6.25e-005  5.82e-007  3.47e-001  3.73e-001  4.86e-008  6.99e-006  2.10e-007  5.78e-006  
4.49346e+016 8.40e-017  1.75e-001  1.07e-001  5.89e-005  5.96e-007  3.46e-001  3.71e-001  4.95e-008  7.11e-006  2.17e-007  5.76e-006  
4.49870e+016 8.50e-017  1.78e-001  1.09e-001  5.55e-005  6.18e-007  3.44e-001  3.70e-001  4.99e-008  7.20e-006  2.27e-007  5.80e-006  
4.50684e+016 8.22e-017  1.82e-001  1.18e-001  5.21e-005  6.98e-007  3.37e-001  3.62e-001  4.91e-008  7.31e-006  2.48e-007  5.98e-006  
4.51867e+016 7.52e-017  1.90e-001  1.38e-001  4.87e-005  8.98e-007  3.22e-001  3.50e-001  4.72e-008  7.46e-006  2.87e-007  6.34e-006  
4.51946e+016 6.45e-017  1.78e-001  1.67e-001  5.07e-005  1.08e-006  3.07e-001  3.47e-001  4.37e-008  7.24e-006  3.30e-007  7.26e-006  
4.52061e+016 5.94e-017  1.89e-001  1.83e-001  5.25e-005  1.26e-006  2.91e-001  3.37e-001  4.21e-008  7.07e-006  3.32e-007  7.20e-006  
4.52265e+016 5.89e-017  1.94e-001  1.87e-001  5.26e-005  1.35e-006  2.94e-001  3.26e-001  4.13e-008  7.21e-006  3.29e-007  6.99e-006  
4.52632e+016 6.01e-017  1.98e-001  1.85e-001  5.07e-005  1.40e-006  2.93e-001  3.24e-001  4.19e-008  7.35e-006  3.43e-007  6.95e-006  
4.53239e+016 6.19e-017  2.02e-001  1.86e-001  4.80e-005  1.47e-006  2.91e-001  3.21e-001  4.30e-008  7.54e-006  3.73e-007  6.95e-006  
4.54167e+016 6.08e-017  2.09e-001  2.01e-001  4.49e-005  1.73e-006  2.78e-001  3.12e-001  4.24e-008  7.68e-006  4.26e-007  7.09e-006  
4.55446e+016 5.59e-017  2.16e-001  2.36e-001  4.20e-005  2.31e-006  2.54e-001  2.93e-001  4.01e-008  7.75e-006  5.15e-007  7.41e-006  
4.55658e+016 5.36e-017  2.11e-001  2.52e-001  4.23e-005  2.50e-006  2.52e-001  2.85e-001  3.86e-008  7.72e-006  5.45e-007  7.67e-006  
4.55697e+016 4.77e-017  1.94e-001  2.94e-001  4.22e-005  2.87e-006  2.31e-001  2.81e-001  3.55e-008  7.36e-006  6.11e-007  8.54e-006  
4.55761e+016 4.44e-017  1.99e-001  3.18e-001  4.19e-005  3.25e-006  2.06e-001  2.77e-001  3.45e-008  6.94e-006  6.27e-007  8.72e-006  
4.55871e+016 4.31e-017  2.07e-001  3.27e-001  4.32e-005  3.53e-006  2.04e-001  2.62e-001  3.29e-008  6.94e-006  6.03e-007  8.28e-006  
4.56066e+016 4.30e-017  2.12e-001  3.28e-001  4.31e-005  3.70e-006  2.06e-001  2.54e-001  3.24e-008  7.08e-006  5.98e-007  8.01e-006  
4.56410e+016 4.38e-017  2.17e-001  3.27e-001  4.23e-005  3.86e-006  2.05e-001  2.51e-001  3.27e-008  7.24e-006  6.28e-007  7.95e-006  
4.56849e+016 4.52e-017  2.21e-001  3.25e-001  4.07e-005  4.01e-006  2.03e-001  2.50e-001  3.34e-008  7.37e-006  6.66e-007  7.86e-006  
4.57241e+016 4.58e-017  2.25e-001  3.28e-001  3.96e-005  4.20e-006  2.00e-001  2.47e-001  3.37e-008  7.47e-006  7.10e-007  7.87e-006  
4.57850e+016 4.55e-017  2.26e-001  3.43e-001  3.80e-005  4.68e-006  1.91e-001  2.40e-001  3.32e-008  7.49e-006  7.78e-007  7.91e-006  
4.58802e+016 4.40e-017  2.29e-001  3.77e-001  3.57e-005  5.70e-006  1.71e-001  2.22e-001  3.11e-008  7.36e-006  8.86e-007  7.97e-006  
4.59720e+016 4.21e-017  2.27e-001  4.20e-001  3.32e-005  6.98e-006  1.50e-001  2.03e-001  2.87e-008  7.10e-006  1.00e-006  8.00e-006  
4.59734e+016 4.08e-017  2.12e-001  4.41e-001  3.35e-005  7.22e-006  1.49e-001  1.98e-001  2.69e-008  6.95e-006  1.03e-006  8.23e-006  
4.59759e+016 3.79e-017  1.86e-001  4.93e-001  3.22e-005  7.89e-006  1.33e-001  1.87e-001  2.39e-008  6.44e-006  1.11e-006  8.84e-006  
4.59802e+016 3.60e-017  1.80e-001  5.27e-001  3.00e-005  8.55e-006  1.10e-001  1.83e-001  2.27e-008  5.83e-006  1.15e-006  9.13e-006  
4.59873e+016 3.52e-017  1.85e-001  5.37e-001  2.98e-005  9.10e-006  1.01e-001  1.77e-001  2.21e-008  5.51e-006  1.12e-006  8.84e-006  
4.59993e+016 3.47e-017  1.91e-001  5.44e-001  3.02e-005  9.58e-006  9.96e-002  1.66e-001  2.09e-008  5.50e-006  1.07e-006  8.29e-006  
4.60196e+016 3.47e-017  1.96e-001  5.45e-001  3.03e-005  1.00e-005  1.00e-001  1.59e-001  2.03e-008  5.62e-006  1.05e-006  7.93e-006  
4.60580e+016 3.54e-017  2.01e-001  5.43e-001  3.00e-005  1.04e-005  1.00e-001  1.56e-001  2.05e-008  5.77e-006  1.09e-006  7.80e-006  
4.61139e+016 3.67e-017  2.06e-001  5.40e-001  2.89e-005  1.09e-005  9.93e-002  1.54e-001  2.10e-008  5.92e-006  1.18e-006  7.72e-006  
4.61801e+016 3.75e-017  2.07e-001  5.53e-001  2.75e-005  1.18e-005  9.29e-002  1.48e-001  2.07e-008  5.90e-006  1.28e-006  7.66e-006  
4.62829e+016 3.76e-017  1.99e-001  5.91e-001  2.49e-005  1.38e-005  7.75e-002  1.32e-001  1.87e-008  5.54e-006  1.43e-006  7.48e-006  
4.63958e+016 3.73e-017  1.85e-001  6.43e-001  2.18e-005  1.65e-005  5.97e-002  1.12e-001  1.59e-008  4.93e-006  1.58e-006  7.18e-006  
4.64165e+016 3.71e-017  1.78e-001  6.58e-001  2.13e-005  1.72e-005  5.66e-002  1.07e-001  1.51e-008  4.77e-006  1.61e-006  7.17e-006  
4.64187e+016 3.61e-017  1.48e-001  7.04e-001  2.02e-005  1.77e-005  5.13e-002  9.68e-002  1.27e-008  4.33e-006  1.66e-006  7.38e-006  
4.64224e+016 3.52e-017  1.24e-001  7.50e-001  1.72e-005  1.85e-005  3.86e-002  8.75e-002  1.08e-008  3.64e-006  1.70e-006  7.53e-006  
4.64286e+016 3.47e-017  1.20e-001  7.66e-001  1.54e-005  1.93e-005  2.99e-002  8.44e-002  1.02e-008  3.14e-006  1.70e-006  7.49e-006  
4.64396e+016 3.43e-017  1.22e-001  7.70e-001  1.54e-005  2.01e-005  2.74e-002  8.05e-002  9.85e-009  2.94e-006  1.64e-006  7.17e-006  
4.64596e+016 3.41e-017  1.26e-001  7.71e-001  1.55e-005  2.10e-005  2.72e-002  7.56e-002  9.38e-009  2.96e-006  1.57e-006  6.74e-006  
4.64933e+016 3.42e-017  1.31e-001  7.68e-001  1.56e-005  2.19e-005  2.76e-002  7.30e-002  9.26e-009  3.07e-006  1.59e-006  6.52e-006  
4.65501e+016 3.52e-017  1.36e-001  7.64e-001  1.55e-005  2.30e-005  2.76e-002  7.19e-002  9.46e-009  3.18e-006  1.68e-006  6.42e-006  
4.66259e+016 3.66e-017  1.35e-001  7.71e-001  1.46e-005  2.45e-005  2.54e-002  6.86e-002  9.32e-009  3.14e-006  1.83e-006  6.31e-006  
4.67450e+016 3.83e-017  1.22e-001  8.01e-001  1.23e-005  2.74e-005  1.88e-002  5.87e-002  8.06e-009  2.71e-006  2.01e-006  6.08e-006  
4.68726e+016 3.99e-017  1.02e-001  8.38e-001  9.83e-006  3.11e-005  1.22e-002  4.79e-002  6.49e-009  2.16e-006  2.22e-006  5.84e-006  
4.69009e+016 4.02e-017  9.77e-002  8.46e-001  9.30e-006  3.21e-005  1.09e-002  4.58e-002  6.17e-009  2.03e-006  2.27e-006  5.79e-006  
4.69024e+016 4.02e-017  9.20e-002  8.53e-001  9.20e-006  3.21e-005  1.07e-002  4.43e-002  5.84e-009  1.97e-006  2.27e-006  5.79e-006  
4.69048e+016 4.06e-017  7.79e-002  8.73e-001  8.46e-006  3.18e-005  9.47e-003  3.99e-002  5.00e-009  1.77e-006  2.26e-006  5.77e-006  
4.69090e+016 4.11e-017  6.25e-002  8.95e-001  7.06e-006  3.16e-005  7.08e-003  3.50e-002  4.14e-009  1.45e-006  2.26e-006  5.74e-006  
4.69160e+016 4.16e-017  5.14e-002  9.12e-001  5.62e-006  3.17e-005  4.68e-003  3.15e-002  3.51e-009  1.12e-006  2.27e-006  5.74e-006  
4.69279e+016 4.15e-017  4.99e-002  9.15e-001  5.13e-006  3.23e-005  3.59e-003  3.11e-002  3.44e-009  9.40e-007  2.32e-006  5.85e-006  
4.69476e+016 4.10e-017  5.15e-002  9.13e-001  5.20e-006  3.37e-005  3.42e-003  3.17e-002  3.54e-009  9.13e-007  2.41e-006  5.98e-006  
4.69806e+016 4.04e-017  5.41e-002  9.10e-001  5.34e-006  3.56e-005  3.49e-003  3.24e-002  3.68e-009  9.52e-007  2.55e-006  6.08e-006  
4.70337e+016 4.02e-017  5.77e-002  9.06e-001  5.47e-006  3.83e-005  3.61e-003  3.31e-002  3.88e-009  1.01e-006  2.76e-006  6.22e-006  
4.70622e+016 4.04e-017  5.86e-002  9.05e-001  5.49e-006  3.96e-005  3.61e-003  3.29e-002  3.93e-009  1.03e-006  2.87e-006  6.25e-006  
4.71061e+016 4.10e-017  5.83e-002  9.06e-001  5.35e-006  4.10e-005  3.42e-003  3.25e-002  3.91e-009  1.02e-006  3.03e-006  6.27e-006  
4.71746e+016 4.21e-017  5.46e-002  9.12e-001  4.91e-006  4.30e-005  2.90e-003  3.09e-002  3.73e-009  9.40e-007  3.30e-006  6.36e-006  
4.72860e+016 4.40e-017  4.56e-002  9.24e-001  4.02e-006  4.59e-005  1.94e-003  2.82e-002  3.29e-009  7.45e-007  3.86e-006  6.70e-006  
4.74240e+016 4.56e-017  3.44e-002  9.39e-001  3.07e-006  5.09e-005  1.08e-003  2.57e-002  2.83e-009  5.18e-007  5.00e-006  7.61e-006  
4.74305e+016 4.57e-017  3.39e-002  9.40e-001  3.04e-006  5.12e-005  1.05e-003  2.54e-002  2.80e-009  5.08e-007  5.08e-006  7.67e-006  
4.74313e+016 4.57e-017  3.37e-002  9.40e-001  3.02e-006  5.13e-005  1.05e-003  2.54e-002  2.80e-009  5.06e-007  5.08e-006  7.69e-006  
4.74348e+016 4.59e-017  3.23e-002  9.42e-001  2.99e-006  5.12e-005  1.02e-003  2.49e-002  2.70e-009  4.91e-007  5.10e-006  7.67e-006  
4.74406e+016 4.65e-017  2.82e-002  9.48e-001  2.77e-006  5.05e-005  8.96e-004  2.30e-002  2.41e-009  4.43e-007  5.12e-006  7.67e-006  
4.74503e+016 4.78e-017  2.19e-002  9.57e-001  2.34e-006  4.93e-005  6.60e-004  2.01e-002  1.97e-009  3.47e-007  5.16e-006  7.69e-006  
4.74676e+016 4.90e-017  1.63e-002  9.65e-001  1.92e-006  4.82e-005  4.20e-004  1.79e-002  1.61e-009  2.41e-007  5.45e-006  8.06e-006  
4.74972e+016 4.83e-017  1.39e-002  9.67e-001  1.76e-006  4.99e-005  2.98e-004  1.83e-002  1.57e-009  1.82e-007  6.40e-006  9.28e-006  
4.75283e+016 4.63e-017  1.42e-002  9.65e-001  1.82e-006  5.42e-005  2.85e-004  2.06e-002  1.76e-009  1.77e-007  7.62e-006  1.07e-005  
4.75365e+016 4.58e-017  1.44e-002  9.64e-001  1.85e-006  5.55e-005  2.89e-004  2.13e-002  1.82e-009  1.79e-007  7.96e-006  1.11e-005  
4.75556e+016 4.46e-017  1.50e-002  9.62e-001  1.91e-006  5.83e-005  2.94e-004  2.29e-002  1.96e-009  1.84e-007  8.72e-006  1.20e-005  
4.75856e+016 4.30e-017  1.58e-002  9.59e-001  2.01e-006  6.33e-005  3.07e-004  2.51e-002  2.17e-009  1.94e-007  9.89e-006  1.32e-005  
4.76342e+016 4.11e-017  1.64e-002  9.56e-001  2.13e-006  7.05e-005  3.16e-004  2.75e-002  2.38e-009  2.02e-007  1.16e-005  1.48e-005  
4.77120e+016 3.92e-017  1.58e-002  9.54e-001  2.23e-006  8.14e-005  2.99e-004  2.93e-002  2.48e-009  1.92e-007  1.45e-005  1.72e-005  
4.78339e+016 3.67e-017  1.32e-002  9.56e-001  2.40e-006  1.00e-004  2.51e-004  3.08e-002  2.40e-009  1.55e-007  2.07e-005  2.20e-005  
4.79819e+016 3.24e-017  9.65e-003  9.56e-001  2.98e-006  1.36e-004  2.17e-004  3.39e-002  2.29e-009  1.12e-007  3.48e-005  3.27e-005  
4.80101e+016 3.13e-017  9.11e-003  9.56e-001  3.18e-006  1.46e-004  2.16e-004  3.48e-002  2.28e-009  1.06e-007  3.90e-005  3.61e-005  
4.80156e+016 3.11e-017  8.98e-003  9.55e-001  3.22e-006  1.48e-004  2.16e-004  3.51e-002  2.27e-009  1.05e-007  3.99e-005  3.67e-005  
4.80288e+016 3.07e-017  8.58e-003  9.56e-001  3.33e-006  1.52e-004  2.15e-004  3.52e-002  2.24e-009  1.01e-007  4.21e-005  3.82e-005  
4.80511e+016 2.98e-017  7.89e-003  9.56e-001  3.52e-006  1.60e-004  2.14e-004  3.52e-002  2.17e-009  9.43e-008  4.63e-005  4.13e-005  
4.80875e+016 2.82e-017  6.87e-003  9.57e-001  4.00e-006  1.77e-004  2.17e-004  3.58e-002  2.07e-009  8.50e-008  5.46e-005  4.75e-005  
4.81463e+016 2.50e-017  5.83e-003  9.55e-001  5.03e-006  2.15e-004  2.37e-004  3.89e-002  2.04e-009  7.67e-008  7.39e-005  6.19e-005  
4.82445e+016 1.94e-017  5.05e-003  9.45e-001  7.85e-006  3.24e-004  3.18e-004  4.93e-002  2.25e-009  7.74e-008  1.30e-004  1.01e-004  
4.83636e+016 1.37e-017  4.46e-003  9.26e-001  1.39e-005  5.62e-004  5.15e-004  6.75e-002  2.62e-009  8.90e-008  2.61e-004  1.87e-004  
4.84912e+016 9.26e-018  3.69e-003  9.01e-001  2.66e-005  1.05e-003  9.76e-004  9.16e-002  2.89e-009  1.12e-007  5.54e-004  3.64e-004  
4.86294e+016 6.05e-018  2.74e-003  8.70e-001  5.48e-005  2.08e-003  2.18e-003  1.20e-001  2.96e-009  1.52e-007  1.23e-003  7.43e-004  
4.87591e+016 4.29e-018  1.80e-003  8.46e-001  1.05e-004  3.80e-003  4.76e-003  1.38e-001  2.63e-009  2.00e-007  2.42e-003  1.36e-003  
4.88968e+016 3.34e-018  9.35e-004  8.39e-001  1.87e-004  6.50e-003  1.03e-002  1.35e-001  1.90e-009  2.44e-007  4.37e-003  2.28e-003  
4.90444e+016 2.94e-018  3.54e-004  8.51e-001  3.07e-004  1.02e-002  2.17e-002  1.04e-001  1.02e-009  2.63e-007  6.94e-003  3.38e-003  
4.91980e+016 2.86e-018  9.90e-005  8.57e-001  4.72e-004  1.49e-002  4.48e-002  6.44e-002  4.16e-010  2.53e-007  9.80e-003  4.48e-003  
4.93317e+016 2.98e-018  2.63e-005  8.41e-001  6.50e-004  1.97e-002  8.08e-002  3.59e-002  1.54e-010  2.24e-007  1.21e-002  5.26e-003  
4.94239e+016 3.17e-018  9.31e-006  8.11e-001  7.95e-004  2.34e-002  1.20e-001  2.18e-002  6.88e-011  1.96e-007  1.34e-002  5.68e-003  
4.95192e+016 3.48e-018  2.81e-006  7.59e-001  9.49e-004  2.74e-002  1.75e-001  1.20e-002  2.67e-011  1.62e-007  1.44e-002  5.87e-003  
4.96202e+016 3.99e-018  6.96e-007  6.84e-001  1.10e-003  3.13e-002  2.53e-001  5.81e-003  8.72e-012  1.24e-007  1.47e-002  5.81e-003  
4.97297e+016 4.86e-018  1.31e-007  5.82e-001  1.24e-003  3.46e-002  3.56e-001  2.34e-003  2.22e-012  8.56e-008  1.42e-002  5.43e-003  
4.98461e+016 6.34e-018  1.75e-008  4.65e-001  1.32e-003  3.66e-002  4.75e-001  7.65e-004  4.21e-013  5.11e-008  1.27e-002  4.75e-003  
4.99670e+016 8.81e-018  1.71e-009  3.52e-001  1.33e-003  3.64e-002  5.93e-001  2.04e-004  6.09e-014  2.67e-008  1.06e-002  3.88e-003  
5.00936e+016 1.28e-017  1.13e-010  2.54e-001  1.27e-003  3.43e-002  6.97e-001  4.30e-005  6.25e-015  1.19e-008  8.18e-003  3.02e-003  
5.02240e+016 1.92e-017  5.05e-012  1.80e-001  1.17e-003  3.11e-002  7.77e-001  7.25e-006  4.61e-016  4.65e-009  6.10e-003  2.28e-003  
5.03584e+016 2.85e-017  1.55e-013  1.30e-001  1.08e-003  2.79e-002  8.34e-001  9.92e-007  2.47e-017  1.60e-009  4.45e-003  1.72e-003  
5.05026e+016 4.25e-017  2.32e-015  9.38e-002  9.76e-004  2.49e-002  8.75e-001  9.27e-008  7.29e-019  4.52e-010  3.25e-003  1.30e-003  
5.05959e+016 5.36e-017  1.48e-016  7.78e-002  9.21e-004  2.35e-002  8.93e-001  2.00e-008  7.31e-020  1.98e-010  2.72e-003  1.10e-003  
5.06957e+016 6.73e-017  7.12e-018  6.52e-002  8.71e-004  2.23e-002  9.08e-001  3.67e-009  5.78e-021  8.11e-011  2.27e-003  9.46e-004  
5.07988e+016 8.32e-017  2.77e-019  5.55e-002  8.25e-004  2.14e-002  9.19e-001  6.11e-010  3.87e-022  3.16e-011  1.93e-003  8.23e-004  
5.09058e+016 1.01e-016  1.04e-020  4.80e-002  7.86e-004  2.07e-002  9.28e-001  1.01e-010  2.50e-023  1.23e-011  1.68e-003  7.26e-004  
5.10237e+016 1.23e-016  2.41e-022  4.19e-002  7.49e-004  2.03e-002  9.34e-001  1.28e-011  1.10e-024  4.24e-012  1.45e-003  6.47e-004  
5.11496e+016 1.47e-016  4.20e-024  3.72e-002  7.22e-004  2.02e-002  9.40e-001  1.42e-012  3.80e-026  1.38e-012  1.29e-003  5.87e-004  
5.12843e+016 1.73e-016  5.73e-026  3.37e-002  6.94e-004  2.06e-002  9.43e-001  1.39e-013  1.08e-027  4.22e-013  1.15e-003  5.40e-004  
5.14296e+016 2.01e-016  4.60e-028  3.10e-002  6.76e-004  2.14e-002  9.45e-001  1.04e-014  1.99e-029  1.14e-013  1.05e-003  5.02e-004  
5.15425e+016 2.22e-016  1.30e-029  2.95e-002  6.66e-004  2.24e-002  9.46e-001  1.53e-015  1.04e-030  4.37e-014  9.91e-004  4.86e-004  
5.16792e+016 2.45e-016  1.83e-031  2.82e-002  6.56e-004  2.39e-002  9.45e-001  1.57e-016  3.07e-032  1.41e-014  9.37e-004  4.73e-004  
5.18319e+016 2.68e-016  1.32e-033  2.77e-002  6.53e-004  2.60e-002  9.44e-001  1.13e-017  5.26e-034  3.88e-015  9.03e-004  4.66e-004  
5.19950e+016 2.88e-016  3.75e-036  2.79e-002  6.60e-004  2.89e-002  9.41e-001  5.03e-019  4.13e-036  8.37e-016  8.82e-004  4.69e-004  
5.21655e+016 3.02e-016  1.37e-038  2.88e-002  6.72e-004  3.25e-002  9.36e-001  2.59e-020  4.07e-038  1.99e-016  8.80e-004  4.80e-004  
5.23457e+016 3.12e-016  3.14e-041  3.05e-002  6.93e-004  3.72e-002  9.30e-001  1.05e-021  2.73e-040  4.20e-017  8.95e-004  5.00e-004  
5.25384e+016 3.18e-016  9.35e-044  3.27e-002  7.14e-004  4.28e-002  9.22e-001  4.91e-023  2.28e-042  9.75e-018  9.19e-004  5.29e-004  
5.27451e+016 3.19e-016  1.38e-046  3.57e-002  7.52e-004  4.98e-002  9.12e-001  1.59e-024  1.07e-044  1.90e-018  9.59e-004  5.67e-004  
5.29668e+016 3.18e-016  3.27e-049  3.96e-002  7.99e-004  5.82e-002  8.99e-001  6.64e-026  7.42e-047  4.25e-019  1.01e-003  6.13e-004  
5.31993e+016 3.16e-016  3.45e-052  4.40e-002  8.57e-004  6.77e-002  8.85e-001  1.80e-027  2.63e-049  7.62e-020  1.05e-003  6.58e-004  
5.34440e+016 3.15e-016  9.12e-055  4.83e-002  9.28e-004  7.78e-002  8.71e-001  7.98e-029  2.00e-051  1.76e-020  1.10e-003  7.05e-004  
5.36995e+016 3.16e-016  8.55e-058  5.32e-002  1.02e-003  8.84e-002  8.55e-001  2.01e-030  6.43e-054  3.04e-021  1.12e-003  7.47e-004  
5.39765e+016 3.19e-016  2.16e-060  5.77e-002  1.12e-003  9.87e-002  8.40e-001  8.59e-032  4.70e-056  6.86e-022  1.15e-003  7.84e-004  
5.42627e+016 3.23e-016  2.97e-063  6.29e-002  1.25e-003  1.09e-001  8.24e-001  2.64e-033  2.07e-058  1.31e-022  1.16e-003  8.18e-004  
5.45738e+016 3.28e-016  2.50e-066  6.83e-002  1.40e-003  1.20e-001  8.08e-001  6.22e-035  6.04e-061  2.18e-023  1.15e-003  8.41e-004  
5.49079e+016 3.33e-016  4.20e-069  7.38e-002  1.59e-003  1.30e-001  7.92e-001  2.10e-036  3.12e-063  4.35e-024  1.14e-003  8.64e-004  
5.52575e+016 3.38e-016  4.56e-072  8.02e-002  1.81e-003  1.40e-001  7.75e-001  5.59e-038  1.12e-065  7.66e-025  1.13e-003  8.85e-004  
5.56155e+016 3.42e-016  2.77e-075  8.75e-002  2.08e-003  1.50e-001  7.58e-001  1.10e-039  2.49e-068  1.15e-025  1.11e-003  8.98e-004  
5.59918e+016 3.45e-016  5.74e-078  9.45e-002  2.37e-003  1.59e-001  7.42e-001  4.11e-041  1.52e-070  2.37e-026  1.08e-003  9.10e-004  
5.63913e+016 3.46e-016  8.51e-081  1.03e-001  2.72e-003  1.68e-001  7.23e-001  1.29e-042  7.09e-073  4.46e-027  1.06e-003  9.23e-004  
5.68226e+016 3.43e-016  0.00e+000  1.14e-001  3.15e-003  1.79e-001  7.02e-001  2.91e-044  1.96e-075  7.05e-028  1.04e-003  9.41e-004  
5.72780e+016 3.39e-016  0.00e+000  1.27e-001  3.66e-003  1.88e-001  6.78e-001  4.24e-046  2.77e-078  8.87e-029  1.02e-003  9.61e-004  
5.77650e+016 3.34e-016  0.00e+000  1.41e-001  4.23e-003  1.98e-001  6.54e-001  1.29e-047  1.22e-080  1.59e-029  1.00e-003  9.81e-004  
5.82707e+016 3.25e-016  0.00e+000  1.58e-001  4.90e-003  2.09e-001  6.25e-001  3.48e-049  0.00e+000  2.67e-030  1.00e-003  1.01e-003  
5.88124e+016 3.14e-016  0.00e+000  1.79e-001  5.66e-003  2.21e-001  5.92e-001  6.55e-051  0.00e+000  3.69e-031  1.00e-003  1.04e-003  
5.93801e+016 3.04e-016  0.00e+000  2.05e-001  6.55e-003  2.32e-001  5.53e-001  8.36e-053  0.00e+000  4.18e-032  1.01e-003  1.08e-003  
5.99878e+016 2.93e-016  0.00e+000  2.32e-001  7.46e-003  2.43e-001  5.15e-001  2.17e-054  0.00e+000  6.65e-033  1.03e-003  1.11e-003  
6.06254e+016 2.85e-016  0.00e+000  2.62e-001  8.45e-003  2.53e-001  4.73e-001  4.10e-056  0.00e+000  8.91e-034  1.04e-003  1.15e-003  
6.12860e+016 2.79e-016  0.00e+000  2.95e-001  9.44e-003  2.62e-001  4.31e-001  7.72e-058  0.00e+000  1.19e-034  1.06e-003  1.18e-003  
6.19772e+016 2.75e-016  0.00e+000  3.30e-001  1.04e-002  2.68e-001  3.89e-001  1.36e-059  0.00e+000  1.54e-035  1.08e-003  1.21e-003  
6.27006e+016 2.75e-016  0.00e+000  3.67e-001  1.12e-002  2.71e-001  3.48e-001  2.22e-061  0.00e+000  1.90e-036  1.10e-003  1.23e-003  
6.34752e+016 2.78e-016  0.00e+000  4.03e-001  1.20e-002  2.71e-001  3.11e-001  2.97e-063  0.00e+000  2.15e-037  1.11e-003  1.24e-003  
6.43223e+016 2.87e-016  0.00e+000  4.42e-001  1.27e-002  2.68e-001  2.74e-001  2.89e-065  0.00e+000  2.09e-038  1.13e-003  1.23e-003  
6.52408e+016 3.00e-016  0.00e+000  4.80e-001  1.33e-002  2.61e-001  2.42e-001  2.16e-067  0.00e+000  1.79e-039  1.13e-003  1.22e-003  
6.62440e+016 3.19e-016  0.00e+000  5.20e-001  1.37e-002  2.51e-001  2.12e-001  1.15e-069  0.00e+000  1.32e-040  1.14e-003  1.19e-003  
6.73219e+016 3.46e-016  0.00e+000  5.58e-001  1.40e-002  2.39e-001  1.86e-001  4.83e-072  0.00e+000  8.68e-042  1.14e-003  1.16e-003  
6.84641e+016 3.80e-016  0.00e+000  5.95e-001  1.41e-002  2.25e-001  1.63e-001  1.70e-074  0.00e+000  5.32e-043  1.14e-003  1.12e-003  
6.96945e+016 4.22e-016  0.00e+000  6.30e-001  1.42e-002  2.09e-001  1.44e-001  4.40e-077  0.00e+000  2.84e-044  1.15e-003  1.08e-003  
7.10391e+016 4.75e-016  0.00e+000  6.61e-001  1.43e-002  1.94e-001  1.27e-001  1.09e-079  0.00e+000  1.49e-045  1.16e-003  1.04e-003  
7.25155e+016 5.42e-016  0.00e+000  6.92e-001  1.44e-002  1.78e-001  1.13e-001  0.00e+000  0.00e+000  5.63e-047  1.18e-003  9.95e-004  
7.42223e+016 6.27e-016  0.00e+000  7.21e-001  1.45e-002  1.61e-001  1.01e-001  0.00e+000  0.00e+000  1.51e-048  1.20e-003  9.55e-004  
7.63108e+016 7.47e-016  0.00e+000  7.48e-001  1.49e-002  1.45e-001  8.93e-002  0.00e+000  0.00e+000  1.86e-050  1.24e-003  9.13e-004  
7.86896e+016 8.96e-016  0.00e+000  7.71e-001  1.54e-002  1.31e-001  8.03e-002  0.00e+000  0.00e+000  1.67e-052  1.32e-003  8.80e-004  
8.18150e+016 1.11e-015  0.00e+000  7.91e-001  1.65e-002  1.17e-001  7.25e-002  0.00e+000  0.00e+000  4.31e-055  1.44e-003  8.54e-004  
8.55776e+016 1.39e-015  0.00e+000  8.03e-001  1.86e-002  1.08e-001  6.71e-002  0.00e+000  0.00e+000  5.32e-058  1.64e-003  8.39e-004  
9.00548e+016 1.80e-015  0.00e+000  8.06e-001  2.17e-002  1.05e-001  6.34e-002  0.00e+000  0.00e+000  3.12e-061  1.92e-003  8.18e-004  
9.53916e+016 2.39e-015  0.00e+000  7.95e-001  2.67e-002  1.12e-001  6.24e-002  0.00e+000  0.00e+000  9.33e-065  2.30e-003  7.83e-004  
1.01535e+017 3.30e-015  0.00e+000  7.67e-001  3.33e-002  1.33e-001  6.33e-002  0.00e+000  0.00e+000  2.20e-068  2.74e-003  7.27e-004  
1.09249e+017 4.91e-015  0.00e+000  7.13e-001  3.95e-002  1.73e-001  6.97e-002  0.00e+000  0.00e+000  2.75e-072  3.14e-003  6.50e-004  
1.19176e+017 7.93e-015  0.00e+000  6.34e-001  5.50e-002  2.16e-001  9.09e-002  0.00e+000  0.00e+000  2.74e-076  3.08e-003  5.57e-004  
1.32448e+017 1.38e-014  0.00e+000  5.23e-001  1.12e-001  1.84e-001  1.78e-001  0.00e+000  0.00e+000  4.31e-080  2.06e-003  4.81e-004  
