! 0       H + H2O -> OH + H2
! 1       H2 + H2O -> OH + H2 + H
! 2       H2 + O -> OH + H
! 3       CH3OH + H2 -> CH3 + OH + H2
! 4       H + CO2 -> CO + OH
! 5       H + O2 -> OH + O
! 6       H2 + O2 -> OH + OH
! 7       H + H2O -> OH + H + H
! 8       H2O2 + H2 -> OH + OH + H2
! 9       H2O + CRPhoton -> OH + H
! 10      H3O+ + e- -> OH + H + H
! 11      CH3O + H -> CH3 + OH
! 12      H3CO+ + e- -> CH2 + OH
! 13      H3O+ + e- -> OH + H2
! 14      H2O + He+ -> OH + He + H+
! 15      CH3OH2+ + e- -> CH3 + OH + H
! 16      O + HNO -> NO + OH
! 17      H + OCN -> OH + CN
! 18      *H + *O -> OH
!            tot_rate   0          1          2          3          4          5          6          7          8          9          10         11         12         13         14         15         16         17         18         
1.58188e+013 6.23e-014  0.00e+000  0.00e+000  0.00e+000  0.00e+000  0.00e+000  0.00e+000  0.00e+000  0.00e+000  0.00e+000  1.42e-003  7.51e-001  1.09e-013  2.57e-003  1.32e-001  9.20e-004  1.93e-004  2.34e-002  4.78e-002  5.91e-003  
3.50727e+014 6.23e-014  0.00e+000  0.00e+000  0.00e+000  0.00e+000  0.00e+000  0.00e+000  0.00e+000  0.00e+000  0.00e+000  1.42e-003  7.51e-001  1.09e-013  2.55e-003  1.32e-001  9.20e-004  1.93e-004  2.34e-002  4.78e-002  5.91e-003  
5.21628e+015 6.23e-014  0.00e+000  0.00e+000  0.00e+000  0.00e+000  0.00e+000  0.00e+000  0.00e+000  0.00e+000  0.00e+000  1.42e-003  7.51e-001  1.09e-013  2.55e-003  1.32e-001  9.20e-004  1.91e-004  2.34e-002  4.78e-002  5.92e-003  
2.67137e+016 5.61e-014  0.00e+000  0.00e+000  0.00e+000  0.00e+000  0.00e+000  0.00e+000  0.00e+000  0.00e+000  0.00e+000  1.58e-003  7.42e-001  1.26e-013  1.67e-003  1.31e-001  6.40e-004  1.13e-004  2.60e-002  5.33e-002  1.47e-002  
3.33598e+016 3.98e-014  0.00e+000  0.00e+000  0.00e+000  0.00e+000  0.00e+000  0.00e+000  0.00e+000  0.00e+000  0.00e+000  2.23e-003  6.96e-001  3.24e-013  8.22e-004  1.23e-001  2.42e-004  5.95e-005  3.64e-002  7.54e-002  3.47e-002  
3.42055e+016 3.80e-014  0.00e+000  0.00e+000  0.00e+000  0.00e+000  0.00e+000  0.00e+000  0.00e+000  0.00e+000  0.00e+000  2.34e-003  6.97e-001  5.81e-013  7.26e-004  1.23e-001  1.85e-004  5.39e-005  3.81e-002  7.89e-002  2.76e-002  
3.44017e+016 3.76e-014  0.00e+000  0.00e+000  0.00e+000  0.00e+000  0.00e+000  0.00e+000  0.00e+000  0.00e+000  0.00e+000  2.36e-003  6.97e-001  7.24e-013  7.03e-004  1.23e-001  1.73e-004  5.27e-005  3.86e-002  7.98e-002  2.56e-002  
3.46353e+016 3.70e-014  0.00e+000  0.00e+000  0.00e+000  0.00e+000  0.00e+000  0.00e+000  0.00e+000  0.00e+000  0.00e+000  2.40e-003  6.98e-001  1.00e-012  6.71e-004  1.23e-001  1.58e-004  5.09e-005  3.92e-002  8.12e-002  2.30e-002  
3.48860e+016 3.62e-014  0.00e+000  0.00e+000  0.00e+000  0.00e+000  0.00e+000  0.00e+000  0.00e+000  0.00e+000  0.00e+000  2.45e-003  6.98e-001  1.58e-012  6.37e-004  1.23e-001  1.44e-004  4.88e-005  4.00e-002  8.28e-002  2.01e-002  
3.51370e+016 3.53e-014  0.00e+000  0.00e+000  0.00e+000  0.00e+000  0.00e+000  0.00e+000  0.00e+000  0.00e+000  0.00e+000  2.52e-003  6.97e-001  2.92e-012  6.01e-004  1.23e-001  1.30e-004  4.68e-005  4.08e-002  8.50e-002  1.73e-002  
3.53250e+016 3.45e-014  0.00e+000  0.00e+000  0.00e+000  0.00e+000  0.00e+000  0.00e+000  0.00e+000  0.00e+000  0.00e+000  2.58e-003  6.96e-001  5.34e-012  5.72e-004  1.23e-001  1.20e-004  4.53e-005  4.18e-002  8.68e-002  1.52e-002  
3.55515e+016 3.33e-014  0.00e+000  0.00e+000  0.00e+000  0.00e+000  0.00e+000  0.00e+000  0.00e+000  0.00e+000  0.00e+000  2.67e-003  6.94e-001  1.37e-011  5.32e-004  1.22e-001  1.10e-004  4.54e-005  4.33e-002  8.98e-002  1.29e-002  
3.57182e+016 3.21e-014  0.00e+000  0.00e+000  0.00e+000  0.00e+000  0.00e+000  0.00e+000  0.00e+000  0.00e+000  0.00e+000  2.77e-003  6.89e-001  3.37e-011  5.05e-004  1.22e-001  1.04e-004  4.80e-005  4.46e-002  9.29e-002  1.14e-002  
3.58524e+016 3.10e-014  0.00e+000  0.00e+000  0.00e+000  0.00e+000  0.00e+000  0.00e+000  0.00e+000  0.00e+000  0.00e+000  2.87e-003  6.84e-001  8.13e-011  4.81e-004  1.21e-001  9.84e-005  5.03e-005  4.61e-002  9.58e-002  1.03e-002  
3.60047e+016 2.97e-014  0.00e+000  0.00e+000  1.16e-080  0.00e+000  0.00e+000  0.00e+000  0.00e+000  0.00e+000  0.00e+000  3.00e-003  6.74e-001  2.70e-010  4.45e-004  1.19e-001  9.27e-005  5.36e-005  4.79e-002  9.98e-002  9.17e-003  
3.61718e+016 2.81e-014  0.00e+000  0.00e+000  1.93e-073  0.00e+000  0.00e+000  0.00e+000  0.00e+000  0.00e+000  0.00e+000  3.17e-003  6.58e-001  1.35e-009  4.02e-004  1.16e-001  8.72e-005  5.84e-005  5.02e-002  1.05e-001  8.08e-003  
3.62899e+016 2.70e-014  0.00e+000  0.00e+000  2.08e-067  0.00e+000  0.00e+000  0.00e+000  0.00e+000  0.00e+000  0.00e+000  3.29e-003  6.48e-001  5.14e-009  3.74e-004  1.14e-001  8.29e-005  6.18e-005  5.18e-002  1.08e-001  7.37e-003  
3.63893e+016 2.61e-014  0.00e+000  0.00e+000  1.03e-061  0.00e+000  0.00e+000  0.00e+000  0.00e+000  0.00e+000  0.00e+000  3.41e-003  6.40e-001  1.81e-008  3.53e-004  1.13e-001  7.93e-005  6.55e-005  5.33e-002  1.12e-001  6.78e-003  
3.64972e+016 2.67e-014  0.00e+000  0.00e+000  5.77e-055  0.00e+000  0.00e+000  0.00e+000  0.00e+000  0.00e+000  0.00e+000  3.34e-003  6.45e-001  7.57e-008  3.51e-004  1.14e-001  7.16e-005  6.60e-005  5.17e-002  1.09e-001  5.85e-003  
3.66124e+016 2.79e-014  0.00e+000  0.00e+000  3.15e-047  0.00e+000  0.00e+000  0.00e+000  0.00e+000  0.00e+000  0.00e+000  3.20e-003  6.56e-001  3.84e-007  3.53e-004  1.15e-001  6.24e-005  6.52e-005  4.91e-002  1.04e-001  4.88e-003  
3.67348e+016 2.94e-014  0.00e+000  0.00e+000  1.14e-038  0.00e+000  0.00e+000  0.00e+000  0.00e+000  0.00e+000  0.00e+000  3.13e-003  6.67e-001  2.27e-006  3.57e-004  1.17e-001  5.51e-005  6.50e-005  4.59e-002  9.80e-002  3.54e-003  
3.68621e+016 3.13e-014  0.00e+000  0.00e+000  7.95e-030  0.00e+000  0.00e+000  3.11e-078  0.00e+000  0.00e+000  0.00e+000  3.74e-003  6.80e-001  1.40e-005  3.64e-004  1.20e-001  5.91e-005  6.58e-005  4.28e-002  9.13e-002  9.23e-004  
3.69700e+016 3.36e-014  2.52e-075  0.00e+000  9.84e-023  0.00e+000  0.00e+000  1.43e-060  0.00e+000  0.00e+000  0.00e+000  6.09e-003  6.90e-001  5.83e-005  3.66e-004  1.22e-001  8.77e-005  6.84e-005  4.01e-002  8.44e-002  1.07e-004  
3.70376e+016 3.56e-014  4.69e-063  0.00e+000  1.26e-018  0.00e+000  0.00e+000  2.00e-050  0.00e+000  0.00e+000  0.00e+000  9.53e-003  6.94e-001  1.30e-004  3.65e-004  1.22e-001  1.29e-004  7.25e-005  3.85e-002  7.95e-002  2.41e-005  
3.71087e+016 3.80e-014  2.87e-051  0.00e+000  1.15e-014  0.00e+000  1.02e-068  9.73e-041  0.00e+000  0.00e+000  0.00e+000  1.63e-002  6.97e-001  2.79e-004  3.65e-004  1.22e-001  2.12e-004  8.18e-005  3.68e-002  7.41e-002  5.15e-006  
3.71826e+016 4.15e-014  1.83e-040  0.00e+000  5.18e-011  0.00e+000  2.41e-054  6.46e-032  0.00e+000  0.00e+000  0.00e+000  2.87e-002  6.94e-001  5.40e-004  3.62e-004  1.22e-001  3.81e-004  1.01e-004  3.54e-002  6.77e-002  1.12e-006  
3.72589e+016 4.63e-014  4.47e-031  0.00e+000  8.24e-008  0.00e+000  6.64e-042  2.57e-024  6.85e-066  0.00e+000  5.17e-066  5.10e-002  6.83e-001  9.27e-004  3.54e-004  1.20e-001  6.83e-004  1.41e-004  3.42e-002  6.05e-002  2.62e-007  
3.73370e+016 5.34e-014  2.14e-023  0.00e+000  3.62e-005  1.84e-076  8.96e-032  3.56e-018  2.64e-049  0.00e+000  2.38e-049  8.75e-002  6.59e-001  1.36e-003  3.43e-004  1.16e-001  1.18e-003  2.21e-004  3.32e-002  5.23e-002  6.97e-008  
3.74165e+016 6.48e-014  1.85e-017  0.00e+000  4.09e-003  5.02e-057  5.37e-024  1.62e-013  1.16e-036  0.00e+000  1.20e-036  1.42e-001  6.18e-001  1.67e-003  3.20e-004  1.09e-001  1.90e-003  3.68e-004  3.20e-002  4.29e-002  2.30e-008  
3.74829e+016 8.50e-014  1.03e-013  4.36e-076  7.77e-002  8.34e-045  4.10e-019  1.19e-010  9.07e-029  1.27e-079  1.02e-028  1.88e-001  5.30e-001  1.65e-003  2.74e-004  9.33e-002  2.47e-003  5.30e-004  2.81e-002  3.26e-002  1.10e-008  
3.75505e+016 1.93e-013  6.10e-011  7.24e-061  4.85e-001  2.47e-035  1.84e-015  1.21e-008  8.89e-023  2.11e-064  1.08e-022  1.43e-001  2.68e-001  8.84e-004  1.39e-004  4.72e-002  1.81e-003  4.60e-004  1.44e-002  1.43e-002  4.73e-009  
3.76194e+016 1.04e-012  4.63e-009  7.77e-049  8.72e-001  5.42e-028  6.95e-013  1.95e-007  2.55e-018  2.27e-052  3.28e-018  4.50e-002  5.89e-002  1.94e-004  3.08e-005  1.04e-002  5.49e-004  1.75e-004  3.05e-003  2.65e-003  1.86e-009  
3.76839e+016 6.18e-012  9.87e-008  1.75e-039  9.71e-001  2.41e-022  4.98e-011  1.11e-006  5.52e-015  5.11e-043  7.54e-015  1.19e-002  1.18e-002  3.74e-005  6.26e-006  2.07e-003  1.39e-004  5.68e-005  5.44e-004  4.43e-004  2.62e-009  
3.76854e+016 6.43e-012  1.05e-007  2.72e-039  9.72e-001  3.14e-022  5.43e-011  1.15e-006  6.44e-015  7.95e-043  8.83e-015  1.15e-002  1.14e-002  3.61e-005  6.05e-006  2.01e-003  1.34e-004  5.54e-005  5.22e-004  4.26e-004  2.71e-009  
3.76877e+016 6.86e-012  1.16e-007  5.67e-039  9.73e-001  4.88e-022  6.25e-011  1.21e-006  8.33e-015  1.65e-042  1.15e-014  1.10e-002  1.07e-002  3.39e-005  5.71e-006  1.89e-003  1.28e-004  5.32e-005  4.90e-004  3.99e-004  2.90e-009  
3.76917e+016 7.64e-012  1.37e-007  1.86e-038  9.76e-001  1.00e-021  7.87e-011  1.32e-006  1.27e-014  5.43e-042  1.75e-014  1.01e-002  9.77e-003  3.08e-005  5.20e-006  1.72e-003  1.17e-004  4.98e-005  4.41e-004  3.59e-004  3.25e-009  
3.76980e+016 9.06e-012  1.79e-007  1.26e-037  9.79e-001  3.17e-021  1.14e-010  1.53e-006  2.48e-014  3.66e-041  3.44e-014  8.89e-003  8.39e-003  2.64e-005  4.48e-006  1.48e-003  1.03e-004  4.47e-005  3.73e-004  3.02e-004  4.05e-009  
3.77083e+016 1.19e-011  2.72e-007  2.60e-036  9.83e-001  1.97e-020  2.04e-010  1.92e-006  7.22e-014  7.59e-040  1.02e-013  7.24e-003  6.59e-003  2.05e-005  3.54e-006  1.16e-003  8.29e-005  3.78e-005  2.85e-004  2.30e-004  6.38e-009  
3.77248e+016 1.85e-011  5.17e-007  2.86e-034  9.88e-001  3.36e-019  4.96e-010  2.69e-006  3.73e-013  8.31e-038  5.33e-013  5.17e-003  4.45e-003  1.37e-005  2.41e-006  7.83e-004  5.83e-005  2.88e-005  1.83e-004  1.48e-004  1.78e-008  
3.77450e+016 3.11e-011  1.09e-006  6.65e-032  9.92e-001  9.12e-018  1.37e-009  3.95e-006  2.49e-012  1.94e-035  3.66e-012  3.47e-003  2.82e-003  8.57e-006  1.55e-006  4.98e-004  3.85e-005  2.11e-005  1.09e-004  8.80e-005  1.35e-007  
3.77655e+016 5.08e-011  2.11e-006  9.61e-030  9.95e-001  1.90e-016  3.39e-009  5.53e-006  1.41e-011  2.80e-033  2.15e-011  2.36e-003  1.85e-003  5.59e-006  1.03e-006  3.25e-004  2.58e-005  1.60e-005  6.70e-005  5.38e-005  2.74e-007  
3.77936e+016 7.95e-011  3.51e-006  7.65e-028  9.96e-001  2.53e-015  7.20e-009  7.42e-006  6.60e-011  2.23e-031  1.03e-010  1.52e-003  1.30e-003  3.90e-006  7.37e-007  2.28e-004  1.61e-005  1.35e-005  4.26e-005  3.43e-005  1.61e-007  
3.78016e+016 9.02e-011  4.02e-006  2.57e-027  9.97e-001  5.15e-015  8.85e-009  8.05e-006  1.01e-010  7.51e-031  1.59e-010  1.34e-003  1.16e-003  3.53e-006  6.71e-007  2.05e-004  1.42e-005  1.26e-005  3.76e-005  3.03e-005  1.39e-007  
3.78111e+016 1.05e-010  4.73e-006  1.09e-026  9.97e-001  1.20e-014  1.13e-008  8.82e-006  1.68e-010  3.18e-030  2.64e-010  1.15e-003  1.03e-003  3.12e-006  5.96e-007  1.81e-004  1.20e-005  1.18e-005  3.22e-005  2.59e-005  1.15e-007  
3.78273e+016 1.36e-010  6.24e-006  1.25e-025  9.98e-001  5.00e-014  1.70e-008  1.03e-005  3.96e-010  3.63e-029  6.25e-010  8.88e-004  8.36e-004  2.56e-006  4.90e-007  1.47e-004  9.17e-006  1.03e-005  2.48e-005  2.00e-005  8.36e-008  
3.78530e+016 2.04e-010  9.59e-006  5.43e-024  9.98e-001  4.56e-013  3.22e-008  1.31e-005  1.49e-009  1.59e-027  2.37e-009  5.92e-004  5.97e-004  1.90e-006  3.60e-007  1.06e-004  5.97e-006  8.22e-006  1.65e-005  1.33e-005  5.04e-008  
3.78818e+016 3.21e-010  1.50e-005  3.14e-022  9.99e-001  4.85e-012  6.29e-008  1.68e-005  6.13e-009  9.15e-026  9.83e-009  3.76e-004  4.14e-004  1.38e-006  2.55e-007  7.28e-005  3.67e-006  6.29e-006  1.04e-005  8.46e-006  2.81e-008  
3.79076e+016 4.74e-010  2.19e-005  9.59e-021  9.99e-001  3.56e-011  1.10e-007  2.05e-005  2.01e-008  2.80e-024  3.25e-008  2.55e-004  2.99e-004  1.07e-006  1.89e-007  5.29e-005  2.42e-006  4.95e-006  7.00e-006  5.71e-006  1.64e-008  
3.79253e+016 6.13e-010  2.82e-005  8.97e-020  9.99e-001  1.31e-010  1.59e-007  2.33e-005  4.35e-008  2.62e-023  7.07e-008  1.97e-004  2.43e-004  9.08e-007  1.56e-007  4.29e-005  1.84e-006  4.22e-006  5.36e-006  4.42e-006  1.16e-008  
3.79502e+016 8.70e-010  3.92e-005  1.76e-018  9.99e-001  7.39e-010  2.56e-007  2.75e-005  1.22e-007  5.16e-022  1.99e-007  1.39e-004  1.83e-004  7.35e-007  1.20e-007  3.22e-005  1.27e-006  3.38e-006  3.74e-006  3.12e-006  7.23e-009  
3.79755e+016 1.22e-009  5.41e-005  3.07e-017  9.99e-001  3.89e-009  4.06e-007  3.21e-005  3.26e-007  9.01e-021  5.36e-007  9.91e-005  1.39e-004  5.91e-007  9.26e-008  2.45e-005  8.85e-007  2.72e-006  2.60e-006  2.23e-006  4.51e-009  
3.79897e+016 1.46e-009  6.43e-005  1.40e-016  9.99e-001  9.38e-009  5.19e-007  3.50e-005  5.49e-007  4.11e-020  9.04e-007  8.28e-005  1.20e-004  5.26e-007  8.08e-008  2.12e-005  7.26e-007  2.42e-006  2.14e-006  1.86e-006  3.48e-009  
3.79918e+016 1.50e-009  6.60e-005  1.75e-016  1.00e+000  1.07e-008  5.38e-007  3.54e-005  5.94e-007  5.16e-020  9.80e-007  8.06e-005  1.18e-004  5.17e-007  7.93e-008  2.07e-005  7.06e-007  2.38e-006  2.08e-006  1.81e-006  3.34e-009  
3.79956e+016 1.56e-009  6.92e-005  2.58e-016  1.00e+000  1.35e-008  5.76e-007  3.64e-005  6.79e-007  7.62e-020  1.13e-006  7.75e-005  1.14e-004  5.06e-007  7.69e-008  2.01e-005  6.73e-007  2.33e-006  1.99e-006  1.74e-006  3.15e-009  
3.80017e+016 1.68e-009  7.44e-005  4.79e-016  1.00e+000  1.92e-008  6.37e-007  3.76e-005  8.39e-007  1.41e-019  1.39e-006  7.20e-005  1.08e-004  4.82e-007  7.32e-008  1.90e-005  6.25e-007  2.22e-006  1.83e-006  1.62e-006  2.81e-009  
3.80129e+016 1.91e-009  8.48e-005  1.43e-015  1.00e+000  3.63e-008  7.59e-007  4.00e-005  1.23e-006  4.22e-019  2.04e-006  6.38e-005  9.73e-005  4.44e-007  6.65e-008  1.72e-005  5.44e-007  2.05e-006  1.58e-006  1.43e-006  2.31e-009  
3.80319e+016 2.36e-009  1.05e-004  8.85e-015  1.00e+000  1.05e-007  1.02e-006  4.45e-005  2.30e-006  2.62e-018  3.83e-006  5.17e-005  8.26e-005  3.84e-007  5.72e-008  1.45e-005  4.32e-007  1.79e-006  1.23e-006  1.16e-006  1.66e-009  
3.80578e+016 3.06e-009  1.42e-004  9.44e-014  1.00e+000  4.18e-007  1.53e-006  5.19e-005  5.26e-006  2.82e-017  8.82e-006  3.99e-005  6.76e-005  3.17e-007  4.77e-008  1.19e-005  3.23e-007  1.53e-006  8.92e-007  9.02e-007  1.07e-009  
3.80629e+016 3.20e-009  1.51e-004  1.46e-013  1.00e+000  5.40e-007  1.65e-006  5.34e-005  6.15e-006  4.37e-017  1.03e-005  3.81e-005  6.53e-005  3.06e-007  4.62e-008  1.15e-005  3.07e-007  1.49e-006  8.37e-007  8.65e-007  9.84e-010  
3.80713e+016 3.43e-009  1.67e-004  2.94e-013  1.00e+000  8.10e-007  1.87e-006  5.65e-005  7.87e-006  8.80e-017  1.32e-005  3.58e-005  6.24e-005  2.89e-007  4.43e-008  1.10e-005  2.84e-007  1.44e-006  7.61e-007  8.07e-007  8.63e-010  
3.80859e+016 3.82e-009  1.98e-004  9.42e-013  9.99e-001  1.61e-006  2.32e-006  6.20e-005  1.20e-005  2.85e-016  2.01e-005  3.22e-005  5.78e-005  2.62e-007  4.16e-008  1.02e-005  2.51e-007  1.36e-006  6.46e-007  7.30e-007  6.91e-010  
3.81083e+016 4.47e-009  2.62e-004  5.72e-012  9.99e-001  4.67e-006  3.26e-006  7.24e-005  2.30e-005  1.74e-015  3.87e-005  2.77e-005  5.19e-005  2.22e-007  3.78e-008  9.12e-006  2.10e-007  1.26e-006  4.96e-007  6.33e-007  4.87e-010  
3.81265e+016 4.91e-009  3.32e-004  2.32e-011  9.99e-001  1.08e-005  4.33e-006  8.38e-005  3.87e-005  7.14e-015  6.53e-005  2.52e-005  4.90e-005  1.97e-007  3.62e-008  8.65e-006  1.88e-007  1.21e-006  4.07e-007  5.82e-007  3.72e-010  
3.81480e+016 5.23e-009  4.48e-004  1.03e-010  9.99e-001  2.68e-005  6.09e-006  1.01e-004  6.93e-005  3.23e-014  1.17e-004  2.39e-005  4.82e-005  1.76e-007  3.60e-008  8.52e-006  1.74e-007  1.22e-006  3.27e-007  5.59e-007  2.78e-010  
3.81769e+016 5.40e-009  7.08e-004  8.30e-010  9.98e-001  9.67e-005  1.02e-005  1.39e-004  1.60e-004  2.65e-013  2.69e-004  2.35e-005  4.96e-005  1.58e-007  3.76e-008  8.74e-006  1.64e-007  1.29e-006  2.41e-007  5.56e-007  1.87e-010  
3.81836e+016 5.35e-009  7.94e-004  1.31e-009  9.98e-001  1.29e-004  1.15e-005  1.51e-004  1.94e-004  4.19e-013  3.25e-004  2.37e-005  5.08e-005  1.57e-007  3.85e-008  8.94e-006  1.65e-007  1.33e-006  2.26e-007  5.65e-007  1.72e-010  
3.81952e+016 5.17e-009  9.76e-004  2.80e-009  9.98e-001  2.09e-004  1.44e-005  1.76e-004  2.71e-004  9.03e-013  4.51e-004  2.47e-005  5.38e-005  1.59e-007  4.12e-008  9.45e-006  1.69e-007  1.42e-006  2.03e-007  5.92e-007  1.49e-010  
3.82149e+016 4.73e-009  1.44e-003  1.07e-008  9.96e-001  4.97e-004  2.18e-005  2.37e-004  4.95e-004  3.49e-012  8.08e-004  2.73e-005  6.11e-005  1.72e-007  4.72e-008  1.08e-005  1.82e-007  1.64e-006  1.68e-007  6.62e-007  1.16e-010  
3.82433e+016 3.71e-009  2.75e-003  7.22e-008  9.92e-001  1.79e-003  4.26e-005  3.96e-004  1.26e-003  2.41e-011  1.95e-003  3.53e-005  8.22e-005  2.30e-007  6.44e-008  1.45e-005  2.27e-007  2.24e-006  1.28e-007  8.76e-007  8.08e-011  
3.82740e+016 2.42e-009  6.28e-003  5.75e-007  9.76e-001  7.61e-003  9.96e-005  7.94e-004  3.79e-003  1.94e-010  5.29e-003  5.46e-005  1.33e-004  3.98e-007  1.06e-007  2.34e-005  3.39e-007  3.70e-006  9.63e-008  1.40e-006  5.17e-011  
3.83054e+016 1.29e-009  1.71e-002  4.91e-006  9.16e-001  3.65e-002  2.76e-004  1.90e-003  1.33e-002  1.68e-009  1.49e-002  1.04e-004  2.64e-004  8.77e-007  2.13e-007  4.65e-005  6.18e-007  7.45e-006  7.01e-008  2.76e-006  2.66e-011  
3.83376e+016 6.37e-010  4.82e-002  4.00e-005  6.88e-001  1.74e-001  7.99e-004  4.79e-003  4.77e-002  1.38e-008  3.56e-002  2.10e-004  5.64e-004  2.06e-006  4.58e-007  9.92e-005  1.21e-006  1.60e-005  4.11e-008  5.90e-006  9.78e-012  
3.83751e+016 4.78e-010  9.15e-002  2.28e-004  1.91e-001  5.55e-001  1.55e-003  8.02e-003  1.15e-001  7.85e-008  3.64e-002  2.83e-004  7.95e-004  2.95e-006  6.57e-007  1.40e-004  1.54e-006  2.28e-005  8.69e-009  8.52e-006  1.52e-012  
3.84132e+016 6.94e-010  8.64e-002  5.68e-004  2.10e-002  7.94e-001  1.50e-003  6.74e-003  7.95e-002  1.96e-007  9.18e-003  1.95e-004  5.79e-004  1.71e-006  4.84e-007  1.02e-004  1.02e-006  1.66e-005  7.49e-010  6.45e-006  1.16e-013  
3.84531e+016 1.14e-009  7.14e-002  1.14e-003  5.87e-003  8.65e-001  1.29e-003  4.97e-003  4.85e-002  3.98e-007  6.50e-004  1.20e-004  3.72e-004  6.63e-007  3.16e-007  6.56e-005  5.97e-007  1.06e-005  1.64e-010  4.45e-006  2.32e-014  
3.84962e+016 1.55e-009  6.95e-002  2.54e-003  4.93e-003  8.81e-001  1.31e-003  4.34e-003  3.54e-002  8.94e-007  4.41e-005  8.81e-005  2.86e-004  2.31e-007  2.48e-007  5.04e-005  4.18e-007  7.78e-006  1.08e-010  3.77e-006  1.33e-014  
3.85449e+016 1.39e-009  7.92e-002  8.36e-003  7.04e-003  8.57e-001  2.02e-003  5.81e-003  3.95e-002  3.00e-006  4.70e-005  9.94e-005  3.38e-004  9.87e-008  2.97e-007  5.94e-005  4.47e-007  8.50e-006  1.21e-010  5.07e-006  1.26e-014  
3.85990e+016 6.27e-010  1.80e-001  5.05e-002  2.10e-002  6.38e-001  6.01e-003  1.52e-002  8.74e-002  1.85e-005  1.04e-004  2.22e-004  7.84e-004  4.46e-008  7.11e-007  1.38e-004  9.44e-007  1.72e-005  2.85e-010  1.37e-005  2.57e-014  
3.86597e+016 3.12e-010  3.75e-001  2.56e-001  6.18e-002  7.72e-002  1.57e-002  3.62e-002  1.75e-001  9.54e-005  1.82e-004  4.45e-004  1.65e-003  4.55e-009  1.53e-006  2.90e-004  1.81e-006  3.02e-005  7.27e-010  3.30e-005  5.70e-014  
3.87288e+016 4.17e-010  2.95e-001  4.46e-001  7.61e-002  1.20e-003  1.52e-002  3.19e-002  1.31e-001  1.74e-004  1.02e-004  3.36e-004  1.29e-003  3.86e-010  1.19e-006  2.26e-004  1.29e-006  1.90e-005  8.86e-010  2.83e-005  5.90e-014  
3.88139e+016 6.88e-010  1.93e-001  6.09e-001  8.25e-002  4.95e-005  1.22e-002  2.25e-002  7.87e-002  2.56e-004  3.92e-005  2.05e-004  8.03e-004  1.99e-010  7.15e-007  1.41e-004  7.48e-007  9.11e-006  9.41e-010  1.87e-005  5.64e-014  
3.89093e+016 1.17e-009  1.30e-001  7.14e-001  8.47e-002  2.61e-006  9.63e-003  1.48e-002  4.58e-002  3.38e-004  1.48e-005  1.20e-004  4.77e-004  1.12e-010  3.94e-007  8.40e-005  4.24e-007  4.03e-006  9.46e-010  1.10e-005  5.73e-014  
3.90068e+016 1.87e-009  9.76e-002  7.68e-001  8.54e-002  5.08e-007  8.22e-003  1.09e-002  2.83e-002  4.33e-004  6.88e-006  7.58e-005  2.96e-004  7.04e-011  2.25e-007  5.21e-005  2.61e-007  1.87e-006  9.28e-010  6.14e-006  6.56e-014  
3.91088e+016 2.81e-009  8.34e-002  7.95e-001  8.52e-002  2.04e-007  7.70e-003  8.98e-003  1.85e-002  5.63e-004  3.67e-006  5.10e-005  1.91e-004  5.06e-011  1.34e-007  3.37e-005  1.73e-007  9.13e-007  8.98e-010  3.14e-006  8.34e-014  
3.92181e+016 3.97e-009  7.91e-002  8.06e-001  8.44e-002  9.50e-008  7.89e-003  8.14e-003  1.27e-002  7.54e-004  2.17e-006  3.65e-005  1.27e-004  4.11e-011  8.29e-008  2.24e-005  1.22e-007  4.69e-007  8.52e-010  1.38e-006  1.16e-013  
3.93325e+016 5.28e-009  8.20e-002  8.08e-001  8.25e-002  5.02e-008  8.58e-003  7.95e-003  9.16e-003  1.03e-003  1.39e-006  2.76e-005  8.78e-005  3.69e-011  5.34e-008  1.55e-005  9.20e-008  2.61e-007  7.84e-010  5.02e-007  1.68e-013  
3.94519e+016 6.66e-009  9.05e-002  8.03e-001  7.97e-002  3.02e-008  9.70e-003  8.11e-003  6.86e-003  1.39e-003  9.50e-007  2.22e-005  6.26e-005  3.62e-011  3.56e-008  1.10e-005  7.36e-008  1.61e-007  6.94e-010  1.47e-007  2.43e-013  
3.95803e+016 8.00e-009  1.05e-001  7.92e-001  7.57e-002  2.07e-008  1.12e-002  8.49e-003  5.29e-003  1.86e-003  6.86e-007  1.87e-005  4.55e-005  3.76e-011  2.44e-008  8.01e-006  6.19e-008  1.10e-007  5.79e-010  3.70e-008  3.47e-013  
3.97190e+016 9.18e-009  1.25e-001  7.75e-001  7.05e-002  1.64e-008  1.31e-002  8.92e-003  4.17e-003  2.43e-003  5.17e-007  1.67e-005  3.39e-005  4.07e-011  1.70e-008  5.96e-006  5.46e-008  8.39e-008  4.42e-010  1.33e-008  4.75e-013  
3.98699e+016 1.01e-008  1.54e-001  7.51e-001  6.39e-002  1.46e-008  1.50e-002  9.30e-003  3.34e-003  3.06e-003  4.06e-007  1.55e-005  2.57e-005  4.51e-011  1.22e-008  4.53e-006  5.05e-008  7.02e-008  3.01e-010  1.12e-008  6.14e-013  
4.00514e+016 1.07e-008  1.95e-001  7.16e-001  5.57e-002  1.43e-008  1.71e-002  9.54e-003  2.66e-003  3.76e-003  3.22e-007  1.50e-005  1.95e-005  5.08e-011  8.51e-009  3.43e-006  4.85e-008  6.22e-008  1.67e-010  1.35e-008  7.57e-013  
4.02549e+016 1.09e-008  2.49e-001  6.70e-001  4.67e-002  1.50e-008  1.88e-002  9.33e-003  2.09e-003  4.35e-003  2.60e-007  1.51e-005  1.51e-005  5.61e-011  5.98e-009  2.65e-006  4.86e-008  5.75e-008  7.57e-011  1.63e-008  8.71e-013  
4.04761e+016 1.09e-008  3.17e-001  6.10e-001  3.80e-002  1.62e-008  1.97e-002  8.68e-003  1.64e-003  4.72e-003  2.13e-007  1.58e-005  1.21e-005  5.97e-011  4.24e-009  2.13e-006  5.03e-008  5.41e-008  2.95e-011  1.93e-008  9.49e-013  
4.07070e+016 1.06e-008  3.95e-001  5.41e-001  3.01e-002  1.78e-008  1.96e-002  7.68e-003  1.27e-003  4.78e-003  1.76e-007  1.67e-005  1.02e-005  6.06e-011  3.05e-009  1.79e-006  5.30e-008  5.10e-008  1.17e-011  2.16e-008  1.00e-012  
4.09451e+016 1.03e-008  4.84e-001  4.62e-001  2.35e-002  1.94e-008  1.86e-002  6.46e-003  9.67e-004  4.52e-003  1.44e-007  1.79e-005  9.06e-006  5.84e-011  2.23e-009  1.60e-006  5.63e-008  4.78e-008  5.38e-012  2.33e-008  1.05e-012  
4.11988e+016 9.98e-009  5.83e-001  3.72e-001  1.80e-002  2.10e-008  1.67e-002  5.09e-003  7.06e-004  3.94e-003  1.16e-007  1.92e-005  8.44e-006  5.34e-011  1.63e-009  1.48e-006  6.01e-008  4.40e-008  2.71e-012  2.39e-008  1.12e-012  
4.14624e+016 9.79e-009  6.86e-001  2.78e-001  1.37e-002  2.23e-008  1.43e-002  3.76e-003  4.90e-004  3.13e-003  9.08e-008  2.05e-005  8.19e-006  4.63e-011  1.22e-009  1.44e-006  6.37e-008  3.94e-008  1.40e-012  2.29e-008  1.24e-012  
4.17462e+016 9.82e-009  7.87e-001  1.85e-001  1.04e-002  2.25e-008  1.15e-002  2.51e-003  3.13e-004  2.18e-003  6.73e-008  2.15e-005  8.15e-006  3.74e-011  8.96e-010  1.44e-006  6.65e-008  3.34e-008  6.96e-013  2.02e-008  1.44e-012  
4.20512e+016 1.02e-008  8.73e-001  1.07e-001  8.17e-003  2.08e-008  8.53e-003  1.47e-003  1.78e-004  1.30e-003  4.59e-008  2.19e-005  8.12e-006  2.79e-011  6.48e-010  1.43e-006  6.74e-008  2.61e-008  3.32e-013  1.61e-008  1.72e-012  
4.23867e+016 1.10e-008  9.35e-001  5.07e-002  6.75e-003  1.72e-008  5.81e-003  6.90e-004  8.63e-005  6.34e-004  2.77e-008  2.16e-005  8.02e-006  1.90e-011  4.50e-010  1.41e-006  6.64e-008  1.86e-008  1.46e-013  1.15e-008  2.04e-012  
4.27356e+016 1.24e-008  9.70e-001  1.99e-002  6.06e-003  1.31e-008  3.71e-003  2.72e-004  3.89e-005  2.52e-004  1.57e-008  2.05e-005  7.71e-006  1.26e-011  3.02e-010  1.36e-006  6.33e-008  1.29e-008  6.21e-014  7.85e-009  2.34e-012  
4.30994e+016 1.43e-008  9.85e-001  6.27e-003  5.77e-003  9.99e-009  2.24e-003  9.85e-005  1.66e-005  8.04e-005  8.39e-009  1.91e-005  7.27e-006  9.02e-012  2.05e-010  1.28e-006  5.91e-008  9.43e-009  3.06e-014  5.51e-009  3.07e-012  
4.34671e+016 1.66e-008  9.91e-001  1.63e-003  5.70e-003  7.93e-009  1.33e-003  3.43e-005  7.09e-006  2.10e-005  4.41e-009  1.78e-005  6.85e-006  7.93e-012  1.51e-010  1.21e-006  5.50e-008  7.69e-009  1.93e-014  4.27e-009  4.62e-012  
4.38104e+016 1.54e-008  9.93e-001  4.83e-004  5.74e-003  7.98e-009  9.99e-004  1.59e-005  4.09e-006  6.25e-006  2.94e-009  2.07e-005  8.11e-006  1.11e-011  1.53e-010  1.43e-006  6.43e-008  8.50e-009  1.52e-014  4.57e-009  7.07e-012  
4.41007e+016 1.26e-008  9.93e-001  1.71e-004  5.72e-003  8.58e-009  8.98e-004  9.53e-006  3.03e-006  2.21e-006  2.37e-009  2.71e-005  1.08e-005  2.07e-011  1.84e-010  1.90e-006  8.42e-008  1.10e-008  1.51e-014  5.32e-009  1.02e-011  
4.42181e+016 1.14e-008  9.93e-001  1.05e-004  5.76e-003  8.17e-009  8.60e-004  7.84e-006  2.74e-006  1.35e-006  2.18e-009  3.08e-005  1.23e-005  2.78e-011  2.02e-010  2.17e-006  9.58e-008  1.25e-008  1.65e-014  5.82e-009  1.21e-011  
4.42811e+016 1.05e-008  9.93e-001  7.29e-005  6.03e-003  7.85e-009  8.40e-004  7.14e-006  2.69e-006  9.45e-007  2.18e-009  3.39e-005  1.37e-005  3.48e-011  2.19e-010  2.41e-006  1.06e-007  1.37e-008  1.88e-014  6.23e-009  1.41e-011  
4.43809e+016 1.00e-008  9.93e-001  5.51e-005  6.04e-003  8.03e-009  8.16e-004  6.02e-006  2.17e-006  7.14e-007  1.76e-009  3.63e-005  1.46e-005  4.26e-011  2.28e-010  2.58e-006  1.14e-007  1.47e-008  2.04e-014  6.44e-009  1.56e-011  
4.45030e+016 9.17e-009  9.93e-001  3.43e-005  5.81e-003  7.49e-009  7.87e-004  4.99e-006  1.54e-006  4.46e-007  1.09e-009  4.08e-005  1.67e-005  5.54e-011  2.50e-010  2.93e-006  1.28e-007  1.67e-008  2.24e-014  6.64e-009  1.77e-011  
4.45401e+016 8.13e-009  9.93e-001  2.21e-005  5.70e-003  6.38e-009  7.75e-004  4.91e-006  1.29e-006  2.86e-007  8.99e-010  4.63e-005  1.89e-005  6.71e-011  2.80e-010  3.34e-006  1.45e-007  1.89e-008  2.45e-014  7.16e-009  1.94e-011  
4.45998e+016 7.62e-009  9.94e-001  1.63e-005  5.47e-003  6.25e-009  7.61e-004  4.61e-006  1.10e-006  2.11e-007  6.38e-010  5.03e-005  2.06e-005  8.15e-011  2.99e-010  3.62e-006  1.58e-007  2.05e-008  2.55e-014  6.85e-009  2.05e-011  
4.46779e+016 7.58e-009  9.94e-001  1.41e-005  5.42e-003  6.47e-009  7.48e-004  4.13e-006  9.38e-007  1.83e-007  5.33e-010  5.15e-005  2.12e-005  9.18e-011  3.01e-010  3.73e-006  1.61e-007  2.11e-008  2.65e-014  6.81e-009  2.15e-011  
4.48006e+016 6.91e-009  9.94e-001  8.65e-006  5.24e-003  5.71e-009  7.25e-004  3.60e-006  6.93e-007  1.12e-007  4.12e-010  5.82e-005  2.40e-005  1.19e-010  3.28e-010  4.24e-006  1.82e-007  2.39e-008  2.94e-014  7.07e-009  2.42e-011  
4.48529e+016 5.45e-009  9.94e-001  3.65e-006  5.24e-003  3.89e-009  7.06e-004  3.65e-006  5.24e-007  4.73e-008  3.43e-010  7.45e-005  3.10e-005  1.66e-010  4.14e-010  5.45e-006  2.33e-007  3.06e-008  3.61e-014  8.45e-009  2.99e-011  
4.48834e+016 5.25e-009  9.94e-001  3.05e-006  4.86e-003  3.75e-009  6.99e-004  3.58e-006  4.84e-007  3.94e-008  3.49e-010  7.79e-005  3.24e-005  1.84e-010  4.30e-010  5.71e-006  2.44e-007  3.22e-008  3.49e-014  7.75e-009  2.90e-011  
4.49346e+016 5.37e-009  9.94e-001  3.02e-006  4.84e-003  4.00e-009  6.95e-004  3.37e-006  4.54e-007  3.91e-008  3.35e-010  7.71e-005  3.22e-005  1.96e-010  4.19e-010  5.66e-006  2.42e-007  3.18e-008  3.52e-014  7.30e-009  2.94e-011  
4.49870e+016 5.39e-009  9.94e-001  2.80e-006  4.82e-003  4.06e-009  6.88e-004  3.17e-006  4.19e-007  3.64e-008  3.32e-010  7.79e-005  3.26e-005  2.08e-010  4.16e-010  5.73e-006  2.45e-007  3.21e-008  3.64e-014  7.36e-009  3.04e-011  
4.50684e+016 5.13e-009  9.94e-001  2.09e-006  4.74e-003  3.70e-009  6.77e-004  2.96e-006  3.53e-007  2.69e-008  3.31e-010  8.35e-005  3.51e-005  2.40e-010  4.35e-010  6.18e-006  2.61e-007  3.45e-008  3.88e-014  7.60e-009  3.28e-011  
4.51867e+016 4.54e-009  9.95e-001  1.14e-006  4.58e-003  2.97e-009  6.58e-004  2.75e-006  2.68e-007  1.48e-008  3.39e-010  9.68e-005  4.09e-005  3.15e-010  4.86e-010  7.22e-006  3.04e-007  4.03e-008  4.38e-014  7.97e-009  3.74e-011  
4.51946e+016 3.51e-009  9.94e-001  4.64e-007  4.84e-003  1.88e-009  6.38e-004  2.96e-006  2.14e-007  6.04e-009  2.85e-010  1.26e-004  5.30e-005  4.24e-010  6.27e-010  9.34e-006  3.96e-007  5.21e-008  5.58e-014  1.01e-008  4.76e-011  
4.52061e+016 3.35e-009  9.95e-001  3.94e-007  4.48e-003  1.75e-009  6.36e-004  2.99e-006  2.03e-007  5.11e-009  3.05e-010  1.32e-004  5.59e-005  4.63e-010  6.57e-010  9.83e-006  4.15e-007  5.50e-008  5.38e-014  9.80e-009  4.57e-011  
4.52265e+016 3.38e-009  9.95e-001  3.91e-007  4.26e-003  1.79e-009  6.34e-004  2.94e-006  2.00e-007  5.06e-009  3.41e-010  1.31e-004  5.57e-005  4.74e-010  6.51e-010  9.80e-006  4.15e-007  5.48e-008  5.15e-014  8.88e-009  4.41e-011  
4.52632e+016 3.44e-009  9.95e-001  3.90e-007  4.25e-003  1.86e-009  6.31e-004  2.85e-006  1.93e-007  5.06e-009  3.75e-010  1.30e-004  5.53e-005  4.89e-010  6.34e-010  9.75e-006  4.10e-007  5.44e-008  5.18e-014  8.41e-009  4.45e-011  
4.53239e+016 3.51e-009  9.95e-001  3.79e-007  4.25e-003  1.92e-009  6.30e-004  2.71e-006  1.82e-007  4.90e-009  3.93e-010  1.30e-004  5.53e-005  5.13e-010  6.19e-010  9.72e-006  4.08e-007  5.42e-008  5.33e-014  8.41e-009  4.56e-011  
4.54167e+016 3.34e-009  9.95e-001  2.70e-007  4.20e-003  1.70e-009  6.17e-004  2.57e-006  1.54e-007  3.51e-009  3.87e-010  1.40e-004  5.99e-005  5.96e-010  6.41e-010  1.05e-005  4.41e-007  5.84e-008  5.75e-014  8.81e-009  4.97e-011  
4.55446e+016 2.89e-009  9.95e-001  1.32e-007  4.04e-003  1.25e-009  5.98e-004  2.45e-006  1.16e-007  1.71e-009  3.84e-010  1.66e-004  7.19e-005  8.05e-010  7.26e-010  1.26e-005  5.39e-007  6.98e-008  6.60e-014  9.47e-009  5.77e-011  
4.55658e+016 2.63e-009  9.95e-001  9.19e-008  4.10e-003  1.05e-009  5.89e-004  2.49e-006  1.04e-007  1.19e-009  3.60e-010  1.83e-004  7.94e-005  9.11e-010  7.94e-010  1.40e-005  5.96e-007  7.71e-008  7.25e-014  1.03e-008  6.34e-011  
4.55697e+016 2.06e-009  9.95e-001  3.92e-008  4.40e-003  6.79e-010  5.73e-004  2.68e-006  8.44e-008  5.09e-010  2.96e-010  2.34e-004  1.01e-004  1.21e-009  1.01e-009  1.79e-005  7.62e-007  9.85e-008  9.22e-014  1.29e-008  8.01e-011  
4.55761e+016 1.93e-009  9.95e-001  3.08e-008  4.27e-003  6.01e-010  5.70e-004  2.73e-006  7.93e-008  3.99e-010  2.90e-010  2.50e-004  1.09e-004  1.37e-009  1.08e-009  1.91e-005  8.19e-007  1.05e-007  9.43e-014  1.31e-008  8.19e-011  
4.55871e+016 1.94e-009  9.95e-001  3.06e-008  3.92e-003  6.08e-010  5.67e-004  2.71e-006  7.84e-008  3.96e-010  3.07e-010  2.50e-004  1.08e-004  1.39e-009  1.07e-009  1.91e-005  8.20e-007  1.05e-007  8.66e-014  1.21e-008  7.53e-011  
4.56066e+016 1.96e-009  9.95e-001  3.05e-008  3.74e-003  6.18e-010  5.67e-004  2.67e-006  7.76e-008  3.96e-010  3.33e-010  2.49e-004  1.08e-004  1.41e-009  1.06e-009  1.90e-005  8.17e-007  1.05e-007  8.32e-014  1.12e-008  7.25e-011  
4.56410e+016 1.99e-009  9.95e-001  3.06e-008  3.72e-003  6.38e-010  5.68e-004  2.62e-006  7.59e-008  3.96e-010  3.69e-010  2.47e-004  1.08e-004  1.45e-009  1.03e-009  1.89e-005  8.19e-007  1.04e-007  8.39e-014  1.08e-008  7.29e-011  
4.56849e+016 2.04e-009  9.95e-001  3.04e-008  3.71e-003  6.57e-010  5.64e-004  2.54e-006  7.35e-008  3.94e-010  3.96e-010  2.44e-004  1.06e-004  1.48e-009  9.95e-010  1.87e-005  8.19e-007  1.02e-007  8.48e-014  1.08e-008  7.40e-011  
4.57241e+016 2.04e-009  9.95e-001  2.84e-008  3.71e-003  6.47e-010  5.59e-004  2.50e-006  7.06e-008  3.68e-010  4.04e-010  2.46e-004  1.07e-004  1.54e-009  9.86e-010  1.89e-005  8.34e-007  1.03e-007  8.73e-014  1.10e-008  7.60e-011  
4.57850e+016 1.96e-009  9.95e-001  2.23e-008  3.69e-003  5.87e-010  5.56e-004  2.46e-006  6.43e-008  2.88e-010  3.97e-010  2.60e-004  1.14e-004  1.72e-009  1.01e-009  2.01e-005  8.93e-007  1.10e-007  9.24e-014  1.15e-008  8.12e-011  
4.58802e+016 1.75e-009  9.95e-001  1.27e-008  3.62e-003  4.60e-010  5.43e-004  2.44e-006  5.29e-008  1.65e-010  3.73e-010  2.98e-004  1.32e-004  2.17e-009  1.10e-009  2.31e-005  1.05e-006  1.26e-007  1.04e-013  1.25e-008  9.15e-011  
4.59720e+016 1.53e-009  9.95e-001  6.68e-009  3.54e-003  3.44e-010  5.29e-004  2.45e-006  4.28e-008  8.71e-011  3.44e-010  3.49e-004  1.55e-004  2.83e-009  1.23e-009  2.72e-005  1.26e-006  1.47e-007  1.18e-013  1.38e-008  1.04e-010  
4.59734e+016 1.37e-009  9.95e-001  4.38e-009  3.67e-003  2.75e-010  5.17e-004  2.52e-006  3.83e-008  5.67e-011  3.08e-010  3.90e-004  1.73e-004  3.18e-009  1.38e-009  3.04e-005  1.41e-006  1.65e-007  1.32e-013  1.54e-008  1.16e-010  
4.59759e+016 1.07e-009  9.95e-001  1.78e-009  4.00e-003  1.73e-010  4.98e-004  2.70e-006  3.05e-008  2.31e-011  2.47e-010  5.00e-004  2.21e-004  4.23e-009  1.76e-009  3.90e-005  1.81e-006  2.11e-007  1.69e-013  1.95e-008  1.49e-010  
4.59802e+016 9.57e-010  9.95e-001  1.21e-009  4.08e-003  1.42e-010  4.91e-004  2.79e-006  2.77e-008  1.58e-011  2.27e-010  5.57e-004  2.47e-004  5.02e-009  1.95e-009  4.35e-005  2.02e-006  2.36e-007  1.86e-013  2.11e-008  1.63e-010  
4.59873e+016 9.55e-010  9.95e-001  1.19e-009  3.85e-003  1.42e-010  4.91e-004  2.79e-006  2.75e-008  1.55e-011  2.30e-010  5.59e-004  2.48e-004  5.26e-009  1.96e-009  4.37e-005  2.03e-006  2.37e-007  1.78e-013  2.02e-008  1.55e-010  
4.59993e+016 9.60e-010  9.95e-001  1.19e-009  3.55e-003  1.44e-010  4.92e-004  2.77e-006  2.74e-008  1.54e-011  2.37e-010  5.58e-004  2.48e-004  5.37e-009  1.94e-009  4.37e-005  2.03e-006  2.37e-007  1.65e-013  1.92e-008  1.45e-010  
4.60196e+016 9.70e-010  9.95e-001  1.19e-009  3.36e-003  1.46e-010  4.91e-004  2.75e-006  2.71e-008  1.54e-011  2.46e-010  5.56e-004  2.46e-004  5.46e-009  1.91e-009  4.34e-005  2.03e-006  2.35e-007  1.57e-013  1.83e-008  1.38e-010  
4.60580e+016 9.89e-010  9.95e-001  1.18e-009  3.31e-003  1.52e-010  4.91e-004  2.71e-006  2.68e-008  1.54e-011  2.62e-010  5.50e-004  2.45e-004  5.60e-009  1.84e-009  4.31e-005  2.03e-006  2.33e-007  1.57e-013  1.78e-008  1.38e-010  
4.61139e+016 1.01e-009  9.95e-001  1.17e-009  3.30e-003  1.57e-010  4.89e-004  2.65e-006  2.60e-008  1.52e-011  2.78e-010  5.44e-004  2.42e-004  5.79e-009  1.75e-009  4.27e-005  2.04e-006  2.30e-007  1.61e-013  1.79e-008  1.41e-010  
4.61801e+016 9.84e-010  9.95e-001  9.33e-010  3.31e-003  1.44e-010  4.85e-004  2.63e-006  2.40e-008  1.21e-011  2.74e-010  5.70e-004  2.55e-004  6.48e-009  1.77e-009  4.49e-005  2.18e-006  2.41e-007  1.72e-013  1.91e-008  1.51e-010  
4.62829e+016 8.66e-010  9.95e-001  4.87e-010  3.29e-003  1.09e-010  4.71e-004  2.67e-006  1.96e-008  6.32e-012  2.45e-010  6.65e-004  2.99e-004  8.52e-009  1.93e-009  5.25e-005  2.61e-006  2.82e-007  1.99e-013  2.19e-008  1.77e-010  
4.63958e+016 7.15e-010  9.95e-001  1.96e-010  3.27e-003  7.19e-011  4.51e-004  2.74e-006  1.50e-008  2.53e-012  2.04e-010  8.28e-004  3.74e-004  1.24e-008  2.23e-009  6.59e-005  3.34e-006  3.51e-007  2.41e-013  2.67e-008  2.17e-010  
4.64165e+016 6.66e-010  9.95e-001  1.46e-010  3.30e-003  6.24e-011  4.44e-004  2.79e-006  1.38e-008  1.89e-012  1.92e-010  8.93e-004  4.04e-004  1.38e-008  2.37e-009  7.11e-005  3.62e-006  3.78e-007  2.58e-013  2.87e-008  2.33e-010  
4.64187e+016 5.10e-010  9.94e-001  5.43e-011  3.67e-003  3.73e-011  4.25e-004  3.00e-006  1.07e-008  7.04e-013  1.49e-010  1.17e-003  5.27e-004  1.83e-008  3.10e-009  9.29e-005  4.73e-006  4.94e-007  3.37e-013  3.73e-008  3.04e-010  
4.64224e+016 4.00e-010  9.93e-001  2.18e-011  4.03e-003  2.32e-011  4.08e-004  3.20e-006  8.43e-009  2.83e-013  1.18e-010  1.49e-003  6.73e-004  2.48e-008  3.93e-009  1.19e-004  6.03e-006  6.30e-007  4.33e-013  4.70e-008  3.88e-010  
4.64286e+016 3.75e-010  9.93e-001  1.70e-011  4.06e-003  2.05e-011  4.03e-004  3.26e-006  7.90e-009  2.20e-013  1.11e-010  1.59e-003  7.21e-004  2.86e-008  4.19e-009  1.27e-004  6.46e-006  6.75e-007  4.59e-013  4.97e-008  4.08e-010  
4.64396e+016 3.76e-010  9.93e-001  1.67e-011  3.81e-003  2.06e-011  4.02e-004  3.25e-006  7.86e-009  2.16e-013  1.12e-010  1.59e-003  7.22e-004  3.01e-008  4.15e-009  1.27e-004  6.50e-006  6.74e-007  4.39e-013  4.87e-008  3.91e-010  
4.64596e+016 3.78e-010  9.94e-001  1.66e-011  3.54e-003  2.11e-011  4.02e-004  3.25e-006  7.82e-009  2.16e-013  1.14e-010  1.59e-003  7.19e-004  3.12e-008  4.07e-009  1.27e-004  6.50e-006  6.74e-007  4.12e-013  4.76e-008  3.70e-010  
4.64933e+016 3.85e-010  9.94e-001  1.66e-011  3.37e-003  2.18e-011  4.02e-004  3.22e-006  7.76e-009  2.15e-013  1.18e-010  1.57e-003  7.14e-004  3.22e-008  3.92e-009  1.26e-004  6.51e-006  6.67e-007  3.97e-013  4.64e-008  3.61e-010  
4.65501e+016 3.96e-010  9.94e-001  1.66e-011  3.30e-003  2.30e-011  4.01e-004  3.18e-006  7.67e-009  2.15e-013  1.22e-010  1.55e-003  7.04e-004  3.35e-008  3.68e-009  1.24e-004  6.51e-006  6.56e-007  4.01e-013  4.62e-008  3.68e-010  
4.66259e+016 3.86e-010  9.94e-001  1.30e-011  3.34e-003  2.15e-011  3.96e-004  3.18e-006  7.09e-009  1.69e-013  1.19e-010  1.62e-003  7.38e-004  3.80e-008  3.65e-009  1.30e-004  6.94e-006  6.86e-007  4.35e-013  4.94e-008  4.04e-010  
4.67450e+016 3.24e-010  9.93e-001  5.43e-012  3.48e-003  1.48e-011  3.79e-004  3.30e-006  5.55e-009  7.06e-014  9.96e-011  1.99e-003  9.10e-004  5.55e-008  4.13e-009  1.60e-004  8.79e-006  8.39e-007  5.49e-013  6.20e-008  5.27e-010  
4.68726e+016 2.48e-010  9.92e-001  1.54e-012  3.76e-003  8.47e-012  3.56e-004  3.53e-006  3.90e-009  2.00e-014  7.50e-011  2.68e-003  1.23e-003  9.19e-008  5.16e-009  2.16e-004  1.23e-005  1.13e-006  7.66e-013  8.55e-008  7.66e-010  
4.69009e+016 2.31e-010  9.91e-001  1.13e-012  3.86e-003  7.36e-012  3.51e-004  3.60e-006  3.58e-009  1.46e-014  7.01e-011  2.90e-003  1.33e-003  1.05e-007  5.45e-009  2.34e-004  1.33e-005  1.22e-006  8.35e-013  9.31e-008  8.44e-010  
4.69024e+016 2.14e-010  9.91e-001  8.41e-013  3.98e-003  6.36e-012  3.46e-004  3.67e-006  3.33e-009  1.09e-014  6.50e-011  3.13e-003  1.43e-003  1.13e-007  5.89e-009  2.52e-004  1.44e-005  1.32e-006  9.02e-013  1.00e-007  9.16e-010  
4.69048e+016 1.77e-010  9.89e-001  3.97e-013  4.31e-003  4.27e-012  3.31e-004  3.84e-006  2.73e-009  5.15e-015  5.32e-011  3.79e-003  1.74e-003  1.39e-007  7.12e-009  3.06e-004  1.75e-005  1.59e-006  1.10e-012  1.22e-007  1.11e-009  
4.69090e+016 1.37e-010  9.87e-001  1.48e-013  4.86e-003  2.55e-012  3.14e-004  4.10e-006  2.11e-009  1.92e-015  4.12e-011  4.90e-003  2.24e-003  1.86e-007  9.14e-009  3.96e-004  2.26e-005  2.07e-006  1.45e-012  1.59e-007  1.45e-009  
4.69160e+016 1.09e-010  9.85e-001  6.06e-014  5.45e-003  1.61e-012  2.99e-004  4.34e-006  1.67e-009  7.85e-016  3.28e-011  6.17e-003  2.83e-003  2.48e-007  1.15e-008  4.99e-004  2.85e-005  2.60e-006  1.88e-012  2.03e-007  1.86e-009  
4.69279e+016 1.04e-010  9.84e-001  4.83e-014  5.61e-003  1.45e-012  2.94e-004  4.38e-006  1.56e-009  6.26e-016  3.11e-011  6.49e-003  2.98e-003  2.80e-007  1.20e-008  5.24e-004  3.01e-005  2.74e-006  2.05e-012  2.18e-007  1.99e-009  
4.69476e+016 1.04e-010  9.84e-001  4.77e-014  5.63e-003  1.49e-012  2.95e-004  4.40e-006  1.56e-009  6.17e-016  3.16e-011  6.52e-003  2.99e-003  2.97e-007  1.19e-008  5.26e-004  3.04e-005  2.75e-006  2.10e-012  2.18e-007  2.05e-009  
4.69806e+016 1.06e-010  9.84e-001  4.72e-014  5.55e-003  1.54e-012  2.94e-004  4.37e-006  1.55e-009  6.11e-016  3.24e-011  6.45e-003  2.95e-003  3.11e-007  1.14e-008  5.20e-004  3.03e-005  2.71e-006  2.11e-012  2.11e-007  2.08e-009  
4.70337e+016 1.08e-010  9.84e-001  4.74e-014  5.53e-003  1.66e-012  2.96e-004  4.38e-006  1.55e-009  6.14e-016  3.39e-011  6.42e-003  2.92e-003  3.33e-007  1.09e-008  5.15e-004  3.05e-005  2.69e-006  2.15e-012  2.05e-007  2.18e-009  
4.70622e+016 1.09e-010  9.84e-001  4.56e-014  5.50e-003  1.68e-012  2.94e-004  4.37e-006  1.53e-009  5.91e-016  3.41e-011  6.40e-003  2.92e-003  3.45e-007  1.06e-008  5.13e-004  3.07e-005  2.68e-006  2.17e-012  2.03e-007  2.24e-009  
4.71061e+016 1.06e-010  9.84e-001  3.81e-014  5.62e-003  1.62e-012  2.92e-004  4.42e-006  1.46e-009  4.94e-016  3.35e-011  6.66e-003  3.03e-003  3.82e-007  1.07e-008  5.33e-004  3.24e-005  2.78e-006  2.32e-012  2.12e-007  2.44e-009  
4.71746e+016 9.65e-011  9.82e-001  2.30e-014  5.96e-003  1.34e-012  2.83e-004  4.52e-006  1.26e-009  2.97e-016  3.04e-011  7.42e-003  3.37e-003  4.71e-007  1.12e-008  5.93e-004  3.67e-005  3.10e-006  2.74e-012  2.40e-007  2.95e-009  
4.72860e+016 7.54e-011  9.78e-001  7.02e-015  7.07e-003  8.08e-013  2.64e-004  4.81e-006  9.15e-010  9.09e-017  2.36e-011  9.76e-003  4.42e-003  7.37e-007  1.34e-008  7.79e-004  4.97e-005  4.06e-006  4.09e-012  3.24e-007  4.55e-009  
4.74240e+016 5.09e-011  9.67e-001  1.11e-015  9.55e-003  3.62e-013  2.36e-004  5.31e-006  5.56e-010  1.44e-017  1.58e-011  1.50e-002  6.74e-003  1.40e-006  1.79e-008  1.19e-003  7.90e-005  6.17e-006  7.74e-012  5.03e-007  8.79e-009  
4.74305e+016 4.99e-011  9.66e-001  1.01e-015  9.70e-003  3.47e-013  2.35e-004  5.33e-006  5.41e-010  1.31e-017  1.54e-011  1.53e-002  6.88e-003  1.44e-006  1.82e-008  1.21e-003  8.08e-005  6.32e-006  8.00e-012  5.13e-007  9.08e-009  
4.74313e+016 4.96e-011  9.66e-001  9.90e-016  9.74e-003  3.43e-013  2.34e-004  5.35e-006  5.39e-010  1.28e-017  1.54e-011  1.54e-002  6.92e-003  1.45e-006  1.83e-008  1.22e-003  8.13e-005  6.35e-006  8.07e-012  5.18e-007  9.14e-009  
4.74348e+016 4.71e-011  9.65e-001  7.99e-016  1.00e-002  3.08e-013  2.32e-004  5.42e-006  5.08e-010  1.03e-017  1.45e-011  1.62e-002  7.29e-003  1.54e-006  1.92e-008  1.28e-003  8.58e-005  6.69e-006  8.56e-012  5.46e-007  9.71e-009  
4.74406e+016 4.04e-011  9.60e-001  4.25e-016  1.08e-002  2.21e-013  2.22e-004  5.59e-006  4.28e-010  5.52e-018  1.23e-011  1.89e-002  8.51e-003  1.80e-006  2.22e-008  1.50e-003  1.00e-004  7.79e-006  1.01e-011  6.41e-007  1.15e-008  
4.74503e+016 3.08e-011  9.49e-001  1.36e-016  1.26e-002  1.22e-013  2.06e-004  5.91e-006  3.14e-010  1.77e-018  9.10e-012  2.49e-002  1.12e-002  2.39e-006  2.89e-008  1.97e-003  1.32e-004  1.03e-005  1.39e-011  8.64e-007  1.55e-008  
4.74676e+016 2.21e-011  9.31e-001  3.32e-017  1.55e-002  5.87e-014  1.87e-004  6.33e-006  2.13e-010  4.30e-019  6.28e-012  3.47e-002  1.56e-002  3.36e-006  3.95e-008  2.75e-003  1.85e-004  1.43e-005  2.16e-011  1.26e-006  2.29e-008  
4.74972e+016 1.77e-011  9.13e-001  1.20e-017  1.92e-002  3.58e-014  1.73e-004  6.60e-006  1.60e-010  1.54e-019  4.86e-012  4.35e-002  1.96e-002  4.32e-006  4.78e-008  3.45e-003  2.34e-004  1.79e-005  3.19e-011  1.58e-006  3.19e-008  
4.75283e+016 1.71e-011  9.08e-001  9.43e-018  2.16e-002  3.33e-014  1.69e-004  6.62e-006  1.49e-010  1.22e-019  4.72e-012  4.56e-002  2.04e-002  4.72e-006  4.81e-008  3.60e-003  2.47e-004  1.87e-005  3.78e-011  1.59e-006  3.67e-008  
4.75365e+016 1.71e-011  9.08e-001  9.19e-018  2.20e-002  3.33e-014  1.69e-004  6.62e-006  1.49e-010  1.19e-019  4.72e-012  4.57e-002  2.04e-002  4.79e-006  4.77e-008  3.60e-003  2.48e-004  1.87e-005  3.89e-011  1.58e-006  3.75e-008  
4.75556e+016 1.71e-011  9.06e-001  8.95e-018  2.29e-002  3.39e-014  1.68e-004  6.67e-006  1.47e-010  1.16e-019  4.78e-012  4.58e-002  2.05e-002  4.96e-006  4.67e-008  3.61e-003  2.50e-004  1.88e-005  4.10e-011  1.53e-006  3.94e-008  
4.75856e+016 1.72e-011  9.05e-001  8.59e-018  2.40e-002  3.49e-014  1.68e-004  6.62e-006  1.46e-010  1.11e-019  4.88e-012  4.58e-002  2.04e-002  5.23e-006  4.51e-008  3.60e-003  2.52e-004  1.87e-005  4.38e-011  1.46e-006  4.20e-008  
4.76342e+016 1.68e-011  9.01e-001  6.80e-018  2.57e-002  3.33e-014  1.65e-004  6.68e-006  1.36e-010  8.83e-020  4.79e-012  4.77e-002  2.12e-002  5.88e-006  4.43e-008  3.73e-003  2.65e-004  1.94e-005  4.93e-011  1.43e-006  4.75e-008  
4.77120e+016 1.48e-011  8.86e-001  3.29e-018  2.94e-002  2.54e-014  1.56e-004  6.83e-006  1.11e-010  4.25e-020  4.19e-012  5.51e-002  2.43e-002  7.57e-006  4.69e-008  4.29e-003  3.13e-004  2.24e-005  6.42e-011  1.56e-006  6.24e-008  
4.78339e+016 1.08e-011  8.42e-001  5.76e-019  3.89e-002  1.19e-014  1.34e-004  7.20e-006  6.71e-011  7.45e-021  2.83e-012  7.80e-002  3.41e-002  1.24e-005  5.78e-008  6.02e-003  4.58e-004  3.14e-005  1.14e-010  2.02e-006  1.09e-007  
4.79819e+016 6.70e-012  7.44e-001  3.55e-020  5.85e-002  3.26e-015  1.01e-004  7.41e-006  2.91e-011  4.60e-022  1.41e-012  1.30e-001  5.60e-002  2.37e-005  8.06e-008  9.86e-003  7.90e-004  5.18e-005  2.67e-010  2.91e-006  2.39e-007  
4.80101e+016 6.10e-012  7.18e-001  1.95e-020  6.34e-002  2.44e-015  9.38e-005  7.38e-006  2.41e-011  2.52e-022  1.20e-012  1.43e-001  6.18e-002  2.67e-005  8.61e-008  1.09e-002  8.79e-004  5.72e-005  3.16e-010  3.10e-006  2.79e-007  
4.80156e+016 5.97e-012  7.12e-001  1.71e-020  6.45e-002  2.30e-015  9.25e-005  7.39e-006  2.31e-011  2.21e-022  1.16e-012  1.47e-001  6.32e-002  2.75e-005  8.75e-008  1.11e-002  9.01e-004  5.85e-005  3.28e-010  3.15e-006  2.88e-007  
4.80288e+016 5.66e-012  6.97e-001  1.19e-020  6.72e-002  1.91e-015  8.84e-005  7.35e-006  2.07e-011  1.54e-022  1.05e-012  1.55e-001  6.66e-002  2.93e-005  9.12e-008  1.18e-002  9.56e-004  6.19e-005  3.61e-010  3.27e-006  3.13e-007  
4.80511e+016 5.10e-012  6.65e-001  6.04e-021  7.21e-002  1.35e-015  8.14e-005  7.29e-006  1.67e-011  7.80e-023  8.63e-013  1.73e-001  7.43e-002  3.31e-005  9.88e-008  1.31e-002  1.07e-003  6.88e-005  4.27e-010  3.55e-006  3.65e-007  
4.80875e+016 4.33e-012  6.07e-001  1.86e-021  8.08e-002  7.41e-016  6.95e-005  7.06e-006  1.14e-011  2.40e-023  6.12e-013  2.05e-001  8.77e-002  3.99e-005  1.12e-007  1.55e-002  1.29e-003  8.15e-005  5.66e-010  3.99e-006  4.69e-007  
4.81463e+016 3.51e-012  5.16e-001  3.11e-022  9.43e-002  2.94e-016  5.33e-005  6.56e-006  6.24e-012  4.02e-024  3.56e-013  2.57e-001  1.09e-001  5.13e-005  1.31e-007  1.92e-002  1.63e-003  1.01e-004  8.49e-010  4.42e-006  6.67e-007  
4.82445e+016 2.78e-012  3.85e-001  2.28e-023  1.14e-001  7.59e-017  3.42e-005  5.54e-006  2.49e-012  2.95e-025  1.59e-013  3.32e-001  1.39e-001  7.08e-005  1.51e-007  2.45e-002  2.16e-003  1.30e-004  1.47e-009  4.39e-006  1.06e-006  
4.83636e+016 2.30e-012  2.50e-001  9.77e-025  1.30e-001  1.45e-017  1.88e-005  4.19e-006  7.82e-013  1.26e-026  5.69e-014  4.12e-001  1.70e-001  9.73e-005  1.66e-007  3.00e-002  2.77e-003  1.60e-004  2.54e-009  3.79e-006  1.68e-006  
4.84912e+016 2.00e-012  1.35e-001  1.88e-026  1.34e-001  1.67e-018  8.15e-006  2.70e-006  1.71e-013  2.43e-028  1.43e-014  4.89e-001  1.99e-001  1.28e-004  1.78e-007  3.50e-002  3.39e-003  1.88e-004  4.26e-009  3.00e-006  2.56e-006  
4.86294e+016 1.83e-012  5.74e-002  1.28e-028  1.22e-001  1.01e-019  2.63e-006  1.42e-006  2.37e-014  1.65e-030  2.32e-015  5.52e-001  2.20e-001  1.61e-004  1.87e-007  3.86e-002  3.95e-003  2.09e-004  7.00e-009  2.18e-006  3.76e-006  
4.87591e+016 1.76e-012  2.18e-002  6.03e-031  1.01e-001  4.75e-021  7.51e-007  6.77e-007  2.74e-015  7.80e-033  3.11e-016  5.92e-001  2.33e-001  1.95e-004  2.03e-007  4.10e-002  4.38e-003  2.22e-004  1.06e-008  1.63e-006  5.13e-006  
4.88968e+016 1.73e-012  6.75e-003  1.06e-033  7.56e-002  1.20e-022  1.63e-007  2.70e-007  2.06e-016  1.36e-035  2.75e-017  6.18e-001  2.44e-001  2.37e-004  2.35e-007  4.29e-002  4.73e-003  2.28e-004  1.60e-008  1.31e-006  6.87e-006  
4.90444e+016 1.73e-012  1.58e-003  4.45e-037  5.06e-002  1.27e-024  2.48e-008  8.62e-008  8.62e-018  5.74e-039  1.36e-018  6.37e-001  2.53e-001  2.98e-004  2.92e-007  4.45e-002  5.07e-003  2.31e-004  2.44e-008  1.17e-006  9.14e-006  
4.91980e+016 1.75e-012  2.80e-004  4.49e-041  2.96e-002  5.55e-027  2.61e-009  2.18e-008  1.97e-019  5.77e-043  3.71e-020  6.51e-001  2.58e-001  3.91e-004  3.90e-007  4.55e-002  5.37e-003  2.31e-004  3.67e-008  1.16e-006  1.19e-005  
4.93317e+016 1.78e-012  5.01e-005  4.86e-045  1.69e-002  2.40e-029  2.77e-010  5.50e-009  4.61e-021  6.24e-047  1.01e-021  6.58e-001  2.63e-001  5.12e-004  5.22e-007  4.62e-002  5.61e-003  2.28e-004  5.18e-008  1.22e-006  1.48e-005  
4.94239e+016 1.80e-012  1.34e-005  4.49e-048  1.08e-002  3.64e-031  4.95e-011  1.91e-009  2.59e-022  5.78e-050  6.28e-023  6.61e-001  2.65e-001  6.28e-004  6.50e-007  4.66e-002  5.78e-003  2.26e-004  6.50e-008  1.30e-006  1.69e-005  
4.95192e+016 1.83e-012  3.05e-006  1.69e-051  6.46e-003  3.16e-033  7.06e-012  5.75e-010  1.01e-023  2.17e-053  2.71e-024  6.62e-001  2.67e-001  7.82e-004  8.21e-007  4.70e-002  5.91e-003  2.23e-004  8.21e-008  1.43e-006  1.94e-005  
4.96202e+016 1.87e-012  5.57e-007  2.04e-055  3.53e-003  1.35e-035  7.60e-013  1.46e-010  2.44e-025  2.63e-057  7.28e-026  6.64e-001  2.68e-001  9.85e-004  1.05e-006  4.71e-002  6.05e-003  2.18e-004  1.04e-007  1.64e-006  2.19e-005  
4.97297e+016 1.90e-012  7.56e-008  4.98e-060  1.74e-003  2.15e-038  5.51e-014  2.89e-011  3.05e-027  6.41e-062  1.02e-027  6.62e-001  2.70e-001  1.28e-003  1.40e-006  4.75e-002  6.20e-003  2.14e-004  1.34e-007  2.00e-006  2.52e-005  
4.98461e+016 1.95e-012  7.12e-009  1.69e-065  7.42e-004  1.00e-041  2.43e-015  4.21e-012  1.68e-029  2.18e-067  6.30e-030  6.61e-001  2.71e-001  1.68e-003  1.89e-006  4.77e-002  6.35e-003  2.08e-004  1.76e-007  2.60e-006  2.86e-005  
4.99670e+016 2.00e-012  4.79e-010  9.43e-072  2.79e-004  1.50e-045  6.83e-017  4.65e-013  4.39e-032  1.21e-073  1.83e-032  6.58e-001  2.72e-001  2.22e-003  2.58e-006  4.79e-002  6.49e-003  2.01e-004  2.33e-007  3.61e-006  3.25e-005  
5.00936e+016 2.06e-012  2.01e-011  4.07e-079  8.84e-005  4.54e-050  1.01e-018  3.46e-014  3.99e-035  5.24e-081  1.84e-035  6.55e-001  2.74e-001  2.94e-003  3.58e-006  4.84e-002  6.65e-003  1.94e-004  3.14e-007  5.24e-006  3.68e-005  
5.02240e+016 2.11e-012  5.16e-013  0.00e+000  2.35e-005  2.56e-055  7.76e-021  1.71e-015  1.20e-038  0.00e+000  6.05e-039  6.53e-001  2.76e-001  3.86e-003  4.97e-006  4.87e-002  6.81e-003  1.93e-004  4.29e-007  7.80e-006  4.15e-005  
5.03584e+016 2.17e-012  7.79e-015  0.00e+000  5.21e-006  2.38e-061  2.91e-023  5.39e-017  1.10e-042  0.00e+000  6.04e-043  6.50e-001  2.77e-001  5.02e-003  6.91e-006  4.89e-002  7.01e-003  1.94e-004  5.95e-007  1.17e-005  4.66e-005  
5.05026e+016 2.22e-012  4.51e-017  0.00e+000  8.16e-007  8.29e-069  2.96e-026  7.70e-019  1.15e-047  0.00e+000  6.85e-048  6.49e-001  2.77e-001  6.53e-003  9.60e-006  4.87e-002  7.21e-003  1.92e-004  8.47e-007  1.74e-005  5.27e-005  
5.05959e+016 2.25e-012  1.49e-018  0.00e+000  2.42e-007  9.21e-074  3.07e-028  4.58e-020  5.70e-051  0.00e+000  3.56e-051  6.50e-001  2.75e-001  7.70e-003  1.17e-005  4.85e-002  7.34e-003  1.89e-004  1.07e-006  2.21e-005  5.70e-005  
5.06957e+016 2.28e-012  3.28e-020  0.00e+000  6.24e-008  2.58e-079  1.83e-030  1.95e-021  1.14e-054  0.00e+000  7.42e-055  6.50e-001  2.73e-001  9.01e-003  1.44e-005  4.79e-002  7.51e-003  1.85e-004  1.38e-006  2.77e-005  6.15e-005  
5.07988e+016 2.31e-012  5.33e-022  0.00e+000  1.46e-008  0.00e+000  7.24e-033  6.42e-023  1.15e-058  0.00e+000  7.76e-059  6.50e-001  2.72e-001  1.04e-002  1.76e-005  4.77e-002  7.67e-003  1.80e-004  1.77e-006  3.42e-005  6.68e-005  
5.09058e+016 2.35e-012  7.93e-024  0.00e+000  3.32e-009  0.00e+000  2.53e-035  1.96e-024  9.50e-063  0.00e+000  6.56e-063  6.52e-001  2.69e-001  1.21e-002  2.16e-005  4.73e-002  7.84e-003  1.74e-004  2.29e-006  4.14e-005  7.25e-005  
5.10237e+016 2.38e-012  6.18e-026  0.00e+000  6.10e-010  0.00e+000  3.63e-038  3.47e-026  1.78e-067  0.00e+000  1.27e-067  6.52e-001  2.67e-001  1.41e-002  2.68e-005  4.71e-002  8.03e-003  1.66e-004  3.02e-006  5.00e-005  7.90e-005  
5.11496e+016 2.42e-012  3.14e-028  0.00e+000  9.67e-011  0.00e+000  2.95e-041  4.34e-028  1.30e-072  0.00e+000  9.50e-073  6.53e-001  2.64e-001  1.63e-002  3.33e-005  4.67e-002  8.22e-003  1.57e-004  4.03e-006  5.91e-005  8.59e-005  
5.12843e+016 2.47e-012  1.12e-030  0.00e+000  1.36e-011  0.00e+000  1.46e-044  4.00e-030  4.22e-078  0.00e+000  3.14e-078  6.53e-001  2.62e-001  1.90e-002  4.18e-005  4.62e-002  8.43e-003  1.45e-004  5.39e-006  6.89e-005  9.41e-005  
5.14296e+016 2.51e-012  1.91e-033  0.00e+000  1.50e-012  0.00e+000  2.65e-048  1.99e-032  2.57e-084  0.00e+000  1.93e-084  6.53e-001  2.59e-001  2.22e-002  5.29e-005  4.58e-002  8.67e-003  1.31e-004  7.36e-006  7.88e-005  1.03e-004  
5.15425e+016 2.55e-012  1.67e-035  0.00e+000  2.94e-013  0.00e+000  4.36e-051  3.89e-034  0.00e+000  0.00e+000  0.00e+000  6.52e-001  2.57e-001  2.50e-002  6.29e-005  4.52e-002  8.88e-003  1.20e-004  9.31e-006  8.64e-005  1.11e-004  
5.16792e+016 2.59e-012  5.63e-038  0.00e+000  4.17e-014  0.00e+000  1.97e-054  3.42e-036  0.00e+000  0.00e+000  0.00e+000  6.52e-001  2.54e-001  2.85e-002  7.71e-005  4.47e-002  9.10e-003  1.08e-004  1.22e-005  9.37e-005  1.20e-004  
5.18319e+016 2.64e-012  7.50e-041  0.00e+000  4.32e-015  0.00e+000  2.51e-058  1.40e-038  0.00e+000  0.00e+000  0.00e+000  6.52e-001  2.50e-001  3.26e-002  9.58e-005  4.39e-002  9.36e-003  9.58e-005  1.62e-005  1.01e-004  1.31e-004  
5.19950e+016 2.70e-012  2.72e-044  0.00e+000  2.85e-016  0.00e+000  5.45e-063  1.92e-041  0.00e+000  0.00e+000  0.00e+000  6.52e-001  2.46e-001  3.66e-002  1.19e-004  4.34e-002  9.60e-003  8.64e-005  2.17e-005  1.06e-004  1.42e-004  
5.21655e+016 2.75e-012  1.35e-047  0.00e+000  2.13e-017  0.00e+000  1.79e-067  3.44e-044  0.00e+000  0.00e+000  0.00e+000  6.51e-001  2.42e-001  4.18e-002  1.49e-004  4.26e-002  9.93e-003  8.08e-005  2.92e-005  1.10e-004  1.55e-004  
5.23457e+016 2.81e-012  3.44e-051  0.00e+000  1.27e-018  0.00e+000  2.38e-072  3.55e-047  0.00e+000  0.00e+000  0.00e+000  6.52e-001  2.38e-001  4.63e-002  1.85e-004  4.17e-002  1.02e-002  7.91e-005  3.92e-005  1.11e-004  1.69e-004  
5.25384e+016 2.86e-012  1.23e-054  0.00e+000  8.65e-020  0.00e+000  4.94e-077  4.90e-050  0.00e+000  0.00e+000  0.00e+000  6.51e-001  2.33e-001  5.18e-002  2.31e-004  4.10e-002  1.06e-002  8.16e-005  5.25e-005  1.11e-004  1.86e-004  
5.27451e+016 2.91e-012  1.64e-058  0.00e+000  4.22e-021  0.00e+000  2.68e-082  2.98e-053  0.00e+000  0.00e+000  0.00e+000  6.52e-001  2.28e-001  5.63e-002  2.90e-004  4.01e-002  1.10e-002  8.78e-005  7.00e-005  1.09e-004  2.03e-004  
5.29668e+016 2.98e-012  4.06e-062  0.00e+000  2.55e-022  0.00e+000  0.00e+000  3.09e-056  0.00e+000  0.00e+000  0.00e+000  6.52e-001  2.23e-001  6.25e-002  3.63e-004  3.93e-002  1.14e-002  9.77e-005  9.27e-005  1.07e-004  2.22e-004  
5.31993e+016 3.03e-012  3.36e-066  0.00e+000  1.07e-023  0.00e+000  0.00e+000  1.28e-059  0.00e+000  0.00e+000  0.00e+000  6.53e-001  2.18e-001  6.60e-002  4.52e-004  3.83e-002  1.19e-002  1.12e-004  1.22e-004  1.04e-004  2.42e-004  
5.34440e+016 3.09e-012  9.67e-070  0.00e+000  6.89e-025  0.00e+000  0.00e+000  1.52e-062  0.00e+000  0.00e+000  0.00e+000  6.53e-001  2.12e-001  7.18e-002  5.56e-004  3.75e-002  1.24e-002  1.30e-004  1.58e-004  1.02e-004  2.64e-004  
5.36995e+016 3.14e-012  6.84e-074  0.00e+000  2.77e-026  0.00e+000  0.00e+000  5.57e-066  0.00e+000  0.00e+000  0.00e+000  6.56e-001  2.08e-001  7.35e-002  6.88e-004  3.66e-002  1.29e-002  1.53e-004  2.04e-004  1.01e-004  2.87e-004  
5.39765e+016 3.20e-012  1.88e-077  0.00e+000  1.77e-027  0.00e+000  0.00e+000  6.47e-069  0.00e+000  0.00e+000  0.00e+000  6.57e-001  2.03e-001  7.82e-002  8.47e-004  3.57e-002  1.35e-002  1.83e-004  2.61e-004  9.98e-005  3.11e-004  
5.42627e+016 3.24e-012  2.27e-081  0.00e+000  8.59e-029  0.00e+000  0.00e+000  3.77e-072  0.00e+000  0.00e+000  0.00e+000  6.58e-001  1.98e-001  8.04e-002  1.04e-003  3.49e-002  1.42e-002  2.20e-004  3.31e-004  9.95e-005  3.37e-004  
5.45738e+016 3.27e-012  0.00e+000  0.00e+000  3.33e-030  0.00e+000  0.00e+000  1.26e-075  0.00e+000  0.00e+000  0.00e+000  6.63e-001  1.94e-001  7.97e-002  1.28e-003  3.42e-002  1.50e-002  2.68e-004  4.15e-004  1.00e-004  3.63e-004  
5.49079e+016 3.31e-012  0.00e+000  0.00e+000  1.78e-031  0.00e+000  0.00e+000  9.22e-079  0.00e+000  0.00e+000  0.00e+000  6.65e-001  1.90e-001  8.13e-002  1.57e-003  3.32e-002  1.59e-002  3.29e-004  5.20e-004  1.01e-004  3.93e-004  
5.52575e+016 3.33e-012  0.00e+000  0.00e+000  7.83e-033  0.00e+000  0.00e+000  4.08e-082  0.00e+000  0.00e+000  0.00e+000  6.69e-001  1.85e-001  7.98e-002  1.91e-003  3.27e-002  1.69e-002  4.05e-004  6.45e-004  1.01e-004  4.20e-004  
5.56155e+016 3.33e-012  0.00e+000  0.00e+000  2.65e-034  0.00e+000  0.00e+000  0.00e+000  0.00e+000  0.00e+000  0.00e+000  6.75e-001  1.83e-001  7.50e-002  2.32e-003  3.21e-002  1.80e-002  5.01e-004  7.89e-004  1.03e-004  4.50e-004  
5.59918e+016 3.34e-012  0.00e+000  0.00e+000  1.57e-035  0.00e+000  0.00e+000  0.00e+000  0.00e+000  0.00e+000  0.00e+000  6.79e-001  1.79e-001  7.27e-002  2.78e-003  3.17e-002  1.91e-002  6.16e-004  9.51e-004  1.03e-004  4.79e-004  
5.63913e+016 3.34e-012  0.00e+000  0.00e+000  8.00e-037  0.00e+000  0.00e+000  0.00e+000  0.00e+000  0.00e+000  0.00e+000  6.84e-001  1.76e-001  6.87e-002  3.33e-003  3.12e-002  2.04e-002  7.61e-004  1.14e-003  1.04e-004  5.07e-004  
5.68226e+016 3.32e-012  0.00e+000  0.00e+000  3.07e-038  0.00e+000  0.00e+000  0.00e+000  0.00e+000  0.00e+000  0.00e+000  6.90e-001  1.74e-001  6.23e-002  3.97e-003  3.07e-002  2.19e-002  9.46e-004  1.36e-003  1.04e-004  5.33e-004  
5.72780e+016 3.28e-012  0.00e+000  0.00e+000  8.09e-040  0.00e+000  0.00e+000  0.00e+000  0.00e+000  0.00e+000  0.00e+000  6.96e-001  1.72e-001  5.40e-002  4.79e-003  3.03e-002  2.36e-002  1.18e-003  1.63e-003  1.04e-004  5.64e-004  
5.77650e+016 3.24e-012  0.00e+000  0.00e+000  4.04e-041  0.00e+000  0.00e+000  0.00e+000  0.00e+000  0.00e+000  0.00e+000  7.00e-001  1.70e-001  4.84e-002  5.67e-003  2.99e-002  2.54e-002  1.47e-003  1.92e-003  1.03e-004  5.89e-004  
5.82707e+016 3.20e-012  0.00e+000  0.00e+000  1.83e-042  0.00e+000  0.00e+000  0.00e+000  0.00e+000  0.00e+000  0.00e+000  7.04e-001  1.68e-001  4.19e-002  6.69e-003  2.96e-002  2.73e-002  1.82e-003  2.24e-003  1.02e-004  6.16e-004  
5.88124e+016 3.14e-012  0.00e+000  0.00e+000  6.02e-044  0.00e+000  0.00e+000  0.00e+000  0.00e+000  0.00e+000  0.00e+000  7.07e-001  1.67e-001  3.50e-002  7.90e-003  2.93e-002  2.94e-002  2.26e-003  2.62e-003  1.00e-004  6.43e-004  
5.93801e+016 3.07e-012  0.00e+000  0.00e+000  1.44e-045  0.00e+000  0.00e+000  0.00e+000  0.00e+000  0.00e+000  0.00e+000  7.10e-001  1.66e-001  2.76e-002  9.24e-003  2.92e-002  3.17e-002  2.79e-003  3.05e-003  9.90e-005  6.71e-004  
5.99878e+016 3.01e-012  0.00e+000  0.00e+000  6.34e-047  0.00e+000  0.00e+000  0.00e+000  0.00e+000  0.00e+000  0.00e+000  7.11e-001  1.64e-001  2.26e-002  1.07e-002  2.88e-002  3.42e-002  3.42e-003  3.52e-003  9.76e-005  6.94e-004  
6.06254e+016 2.94e-012  0.00e+000  0.00e+000  2.15e-048  0.00e+000  0.00e+000  0.00e+000  0.00e+000  0.00e+000  0.00e+000  7.11e-001  1.62e-001  1.77e-002  1.24e-002  2.86e-002  3.64e-002  4.22e-003  4.05e-003  9.69e-005  7.17e-004  
6.12860e+016 2.86e-012  0.00e+000  0.00e+000  7.37e-050  0.00e+000  0.00e+000  0.00e+000  0.00e+000  0.00e+000  0.00e+000  7.09e-001  1.61e-001  1.36e-002  1.42e-002  2.83e-002  3.91e-002  5.13e-003  4.64e-003  9.70e-005  7.44e-004  
6.19772e+016 2.80e-012  0.00e+000  0.00e+000  2.41e-051  0.00e+000  0.00e+000  0.00e+000  0.00e+000  0.00e+000  0.00e+000  7.07e-001  1.59e-001  1.01e-002  1.61e-002  2.80e-002  4.14e-002  6.14e-003  5.25e-003  9.82e-005  7.64e-004  
6.27006e+016 2.73e-012  0.00e+000  0.00e+000  7.44e-053  0.00e+000  0.00e+000  0.00e+000  0.00e+000  0.00e+000  0.00e+000  7.04e-001  1.57e-001  7.44e-003  1.81e-002  2.77e-002  4.40e-002  7.37e-003  5.98e-003  1.01e-004  7.88e-004  
6.34752e+016 2.66e-012  0.00e+000  0.00e+000  1.98e-054  0.00e+000  0.00e+000  0.00e+000  0.00e+000  0.00e+000  0.00e+000  7.00e-001  1.55e-001  5.27e-003  2.03e-002  2.74e-002  4.67e-002  8.81e-003  6.74e-003  1.05e-004  8.09e-004  
6.43223e+016 2.58e-012  0.00e+000  0.00e+000  4.07e-056  0.00e+000  0.00e+000  0.00e+000  0.00e+000  0.00e+000  0.00e+000  6.95e-001  1.54e-001  3.59e-003  2.27e-002  2.71e-002  4.93e-002  1.05e-002  7.64e-003  1.11e-004  8.34e-004  
6.52408e+016 2.50e-012  0.00e+000  0.00e+000  6.80e-058  0.00e+000  0.00e+000  0.00e+000  0.00e+000  0.00e+000  0.00e+000  6.88e-001  1.52e-001  2.34e-003  2.54e-002  2.67e-002  5.20e-002  1.25e-002  8.68e-003  1.20e-004  8.60e-004  
6.62440e+016 2.43e-012  0.00e+000  0.00e+000  8.63e-060  0.00e+000  0.00e+000  0.00e+000  0.00e+000  0.00e+000  0.00e+000  6.82e-001  1.49e-001  1.46e-003  2.80e-002  2.63e-002  5.47e-002  1.48e-002  9.78e-003  1.32e-004  8.80e-004  
6.73219e+016 2.36e-012  0.00e+000  0.00e+000  9.08e-062  0.00e+000  0.00e+000  0.00e+000  0.00e+000  0.00e+000  0.00e+000  6.75e-001  1.47e-001  8.70e-004  3.10e-002  2.59e-002  5.73e-002  1.74e-002  1.10e-002  1.47e-004  9.08e-004  
6.84641e+016 2.28e-012  0.00e+000  0.00e+000  8.33e-064  0.00e+000  0.00e+000  0.00e+000  0.00e+000  0.00e+000  0.00e+000  6.66e-001  1.45e-001  5.04e-004  3.41e-002  2.56e-002  5.96e-002  2.03e-002  1.24e-002  1.67e-004  9.38e-004  
6.96945e+016 2.22e-012  0.00e+000  0.00e+000  5.95e-066  0.00e+000  0.00e+000  0.00e+000  0.00e+000  0.00e+000  0.00e+000  6.58e-001  1.44e-001  2.77e-004  3.72e-002  2.53e-002  6.17e-002  2.34e-002  1.39e-002  1.90e-004  9.64e-004  
7.10391e+016 2.15e-012  0.00e+000  0.00e+000  4.12e-068  0.00e+000  0.00e+000  0.00e+000  0.00e+000  0.00e+000  0.00e+000  6.46e-001  1.43e-001  1.48e-004  4.07e-002  2.52e-002  6.42e-002  2.68e-002  1.56e-002  2.21e-004  1.00e-003  
7.25155e+016 2.09e-012  0.00e+000  0.00e+000  1.58e-070  0.00e+000  0.00e+000  0.00e+000  0.00e+000  0.00e+000  0.00e+000  6.35e-001  1.43e-001  7.26e-005  4.43e-002  2.51e-002  6.59e-002  3.04e-002  1.75e-002  2.58e-004  1.03e-003  
7.42223e+016 2.03e-012  0.00e+000  0.00e+000  3.31e-073  0.00e+000  0.00e+000  0.00e+000  0.00e+000  0.00e+000  0.00e+000  6.21e-001  1.44e-001  3.20e-005  4.87e-002  2.53e-002  6.80e-002  3.43e-002  1.97e-002  3.09e-004  1.07e-003  
7.63108e+016 1.96e-012  0.00e+000  0.00e+000  1.78e-076  0.00e+000  0.00e+000  0.00e+000  0.00e+000  0.00e+000  0.00e+000  6.02e-001  1.47e-001  1.16e-005  5.41e-002  2.59e-002  6.99e-002  3.88e-002  2.25e-002  3.81e-004  1.13e-003  
7.86896e+016 1.90e-012  0.00e+000  0.00e+000  5.43e-080  0.00e+000  0.00e+000  0.00e+000  0.00e+000  0.00e+000  0.00e+000  5.80e-001  1.52e-001  3.72e-006  6.06e-002  2.68e-002  7.17e-002  4.30e-002  2.55e-002  4.72e-004  1.19e-003  
8.18150e+016 1.82e-012  0.00e+000  0.00e+000  1.91e-084  0.00e+000  0.00e+000  0.00e+000  0.00e+000  0.00e+000  0.00e+000  5.48e-001  1.62e-001  8.49e-007  6.96e-002  2.85e-002  7.40e-002  4.75e-002  2.96e-002  6.08e-004  1.27e-003  
8.55776e+016 1.76e-012  0.00e+000  0.00e+000  0.00e+000  0.00e+000  0.00e+000  0.00e+000  0.00e+000  0.00e+000  0.00e+000  5.09e-001  1.77e-001  1.50e-007  8.08e-002  3.12e-002  7.62e-002  5.10e-002  3.43e-002  7.96e-004  1.37e-003  
9.00548e+016 1.70e-012  0.00e+000  0.00e+000  0.00e+000  0.00e+000  0.00e+000  0.00e+000  0.00e+000  0.00e+000  0.00e+000  4.62e-001  1.99e-001  2.06e-008  9.37e-002  3.50e-002  7.78e-002  5.28e-002  3.94e-002  1.06e-003  1.47e-003  
9.53916e+016 1.65e-012  0.00e+000  0.00e+000  0.00e+000  0.00e+000  0.00e+000  0.00e+000  0.00e+000  0.00e+000  0.00e+000  4.06e-001  2.28e-001  2.14e-009  1.09e-001  4.02e-002  7.99e-002  5.19e-002  4.45e-002  1.43e-003  1.57e-003  
1.01535e+017 1.63e-012  0.00e+000  0.00e+000  0.00e+000  0.00e+000  0.00e+000  0.00e+000  0.00e+000  0.00e+000  0.00e+000  3.44e-001  2.68e-001  1.89e-010  1.25e-001  4.71e-002  8.09e-002  4.75e-002  4.82e-002  2.00e-003  1.66e-003  
1.09249e+017 1.65e-012  0.00e+000  0.00e+000  0.00e+000  0.00e+000  0.00e+000  0.00e+000  0.00e+000  0.00e+000  0.00e+000  2.73e-001  3.24e-001  1.22e-011  1.39e-001  5.71e-002  8.04e-002  3.87e-002  4.94e-002  2.89e-003  1.73e-003  
1.19176e+017 1.78e-012  0.00e+000  0.00e+000  0.00e+000  0.00e+000  0.00e+000  0.00e+000  0.00e+000  0.00e+000  0.00e+000  1.91e-001  4.09e-001  6.33e-013  1.43e-001  7.17e-002  7.73e-002  2.58e-002  4.54e-002  4.23e-003  1.74e-003  
1.32448e+017 2.24e-012  0.00e+000  0.00e+000  0.00e+000  0.00e+000  0.00e+000  0.00e+000  0.00e+000  0.00e+000  0.00e+000  1.06e-001  5.41e-001  3.27e-014  1.13e-001  9.57e-002  6.67e-002  1.18e-002  3.39e-002  5.73e-003  1.55e-003  
