! 0       H2CO + H2 -> HCO + H + H2
! 1       *H + *CO -> HCO
! 2       H + H2CO -> HCO + H2
! 3       H3CO+ + e- -> HCO + H + H
! 4       OH + H2CO -> HCO + H2O
! 5       CH2 + O2 -> HCO + OH
! 6       H2O + H2CO+ -> HCO + H3O+
! 7       O + H2CO -> HCO + OH
! 8       H2CO + NH3+ -> HCO + NH4+
! 9       H2CO + H2CO+ -> HCO + H3CO+
! 10      HCO+ + GRAIN -> HCO + GRAIN
! 11      CH3 + O2 -> HCO + H2O
! 12      HCOOH2+ + e- -> HCO + OH + H
! 13      CH2 + O -> HCO + H
! 14      CH + O2 -> HCO + O
! 15      H2CO+ + e- -> HCO + H
! 16      C2H + O2 -> HCO + CO
!            tot_rate   0          1          2          3          4          5          6          7          8          9          10         11         12         13         14         15         16         
1.58188e+013 4.72e-015  0.00e+000  6.04e-001  8.20e-053  1.75e-001  2.95e-003  1.85e-030  9.73e-004  1.39e-047  2.99e-004  2.65e-004  3.77e-002  1.26e-003  4.03e-003  4.75e-003  7.10e-002  3.43e-002  3.73e-002  
3.50727e+014 4.72e-015  0.00e+000  6.04e-001  8.20e-053  1.75e-001  2.95e-003  1.85e-030  9.73e-004  1.39e-047  2.99e-004  2.65e-004  3.77e-002  1.26e-003  4.03e-003  4.75e-003  7.10e-002  3.43e-002  3.73e-002  
5.21628e+015 4.72e-015  0.00e+000  6.04e-001  8.21e-053  1.74e-001  2.95e-003  1.86e-030  9.71e-004  1.39e-047  2.99e-004  2.65e-004  3.77e-002  1.26e-003  4.01e-003  4.75e-003  7.10e-002  3.43e-002  3.73e-002  
2.67137e+016 4.27e-015  0.00e+000  6.73e-001  1.05e-052  1.13e-001  3.28e-003  2.12e-030  4.10e-004  1.75e-047  3.02e-004  1.00e-004  3.52e-002  1.39e-003  9.85e-004  5.02e-003  7.85e-002  2.44e-002  4.13e-002  
3.33598e+016 3.88e-015  0.00e+000  7.26e-001  1.80e-051  4.35e-002  3.61e-003  8.47e-030  1.14e-004  2.26e-046  1.12e-004  2.73e-005  6.16e-002  1.50e-003  2.39e-004  4.64e-003  8.45e-002  1.03e-002  4.48e-002  
3.42055e+016 3.34e-015  0.00e+000  6.82e-001  2.65e-050  4.28e-002  4.19e-003  3.68e-029  9.81e-005  2.55e-045  7.63e-005  2.35e-005  8.34e-002  1.73e-003  2.38e-004  5.17e-003  9.69e-002  1.04e-002  5.17e-002  
3.44017e+016 3.19e-015  0.00e+000  6.65e-001  7.28e-050  4.27e-002  4.42e-003  6.37e-029  9.54e-005  6.34e-045  6.78e-005  2.28e-005  9.19e-002  1.82e-003  2.40e-004  5.37e-003  1.01e-001  1.05e-002  5.40e-002  
3.46353e+016 2.99e-015  0.00e+000  6.41e-001  3.29e-049  4.28e-002  4.71e-003  1.45e-028  9.19e-005  2.47e-044  5.71e-005  2.20e-005  1.05e-001  1.93e-003  2.42e-004  5.64e-003  1.07e-001  1.07e-002  5.71e-002  
3.48860e+016 2.77e-015  0.00e+000  6.09e-001  2.74e-048  4.29e-002  5.08e-003  4.61e-028  8.94e-005  1.66e-043  4.61e-005  2.14e-005  1.22e-001  2.08e-003  2.45e-004  6.02e-003  1.14e-001  1.09e-002  6.13e-002  
3.51370e+016 2.54e-015  0.00e+000  5.66e-001  4.68e-047  4.29e-002  5.55e-003  2.21e-027  8.85e-005  2.14e-042  3.51e-005  2.12e-005  1.47e-001  2.27e-003  2.48e-004  6.61e-003  1.23e-001  1.14e-002  6.61e-002  
3.53250e+016 2.38e-015  0.00e+000  5.28e-001  7.51e-046  4.28e-002  5.91e-003  1.04e-026  9.10e-005  2.56e-041  2.71e-005  2.18e-005  1.70e-001  2.42e-003  2.48e-004  7.34e-003  1.30e-001  1.22e-002  7.00e-002  
3.55515e+016 2.19e-015  0.00e+000  4.69e-001  5.74e-044  4.18e-002  6.43e-003  1.27e-025  1.07e-004  1.25e-039  1.85e-005  2.55e-005  2.07e-001  2.63e-003  2.45e-004  9.30e-003  1.40e-001  1.47e-002  7.47e-002  
3.57182e+016 2.08e-015  0.00e+000  4.19e-001  3.46e-042  4.03e-002  6.78e-003  1.41e-024  1.28e-004  4.95e-038  1.30e-005  3.06e-005  2.39e-001  2.77e-003  2.37e-004  1.19e-002  1.48e-001  1.79e-002  7.79e-002  
3.58524e+016 2.00e-015  0.00e+000  3.75e-001  1.91e-040  3.84e-002  7.05e-003  1.44e-023  1.48e-004  1.80e-036  9.40e-006  3.54e-005  2.70e-001  2.88e-003  2.27e-004  1.47e-002  1.54e-001  2.08e-002  7.95e-002  
3.60047e+016 1.92e-015  0.00e+000  3.22e-001  4.57e-038  3.55e-002  7.33e-003  3.21e-022  1.68e-004  2.43e-034  6.18e-006  4.02e-005  3.10e-001  3.00e-003  2.10e-004  1.82e-002  1.58e-001  2.34e-002  8.10e-002  
3.61718e+016 1.87e-015  0.00e+000  2.65e-001  7.12e-035  3.14e-002  7.55e-003  1.90e-020  1.84e-004  1.74e-031  3.77e-006  4.39e-005  3.62e-001  3.09e-003  1.86e-004  2.21e-002  1.60e-001  2.48e-002  8.08e-002  
3.62899e+016 1.85e-015  0.00e+000  2.26e-001  3.29e-032  2.82e-002  7.63e-003  5.46e-019  1.90e-004  4.17e-029  2.61e-006  4.54e-005  4.04e-001  3.12e-003  1.68e-004  2.47e-002  1.58e-001  2.51e-002  7.90e-002  
3.63893e+016 1.85e-015  0.00e+000  1.94e-001  1.07e-029  2.56e-002  7.61e-003  1.25e-017  1.91e-004  7.29e-027  1.88e-006  4.56e-005  4.42e-001  3.12e-003  1.53e-004  2.66e-002  1.53e-001  2.49e-002  7.66e-002  
3.64972e+016 1.88e-015  0.00e+000  1.62e-001  1.04e-026  2.58e-002  7.51e-003  5.08e-016  1.89e-004  3.37e-024  1.32e-006  4.50e-005  4.81e-001  3.08e-003  1.55e-004  2.85e-002  1.45e-001  2.71e-002  7.24e-002  
3.66124e+016 1.94e-015  0.00e+000  1.31e-001  2.79e-023  2.63e-002  7.27e-003  3.41e-014  1.81e-004  3.79e-021  8.87e-007  4.77e-005  5.26e-001  2.98e-003  1.59e-004  3.00e-002  1.33e-001  2.98e-002  6.65e-002  
3.67348e+016 2.05e-015  0.00e+000  1.03e-001  1.73e-019  2.65e-002  6.87e-003  3.43e-012  1.87e-004  8.87e-018  6.24e-007  5.02e-005  5.75e-001  2.82e-003  1.62e-004  3.08e-002  1.17e-001  3.23e-002  5.90e-002  
3.68621e+016 2.24e-015  0.00e+000  8.34e-002  1.46e-015  2.62e-002  6.38e-003  3.79e-010  2.44e-004  2.66e-014  4.55e-007  5.22e-005  6.25e-001  2.59e-003  1.64e-004  3.07e-002  9.68e-002  3.43e-002  4.95e-002  
3.69700e+016 2.46e-015  0.00e+000  6.71e-002  2.16e-012  2.58e-002  6.02e-003  1.58e-008  4.31e-004  1.65e-011  3.68e-007  5.45e-005  6.67e-001  2.36e-003  1.68e-004  3.02e-002  7.97e-002  3.59e-002  4.15e-002  
3.70376e+016 2.64e-015  0.00e+000  5.72e-002  1.54e-010  2.55e-002  5.87e-003  1.33e-007  7.04e-004  7.01e-010  3.36e-007  5.64e-005  6.93e-001  2.20e-003  1.75e-004  2.96e-002  6.89e-002  3.66e-002  3.63e-002  
3.71087e+016 2.88e-015  0.00e+000  4.73e-002  9.84e-009  2.50e-002  5.81e-003  1.01e-006  1.27e-003  2.65e-008  3.23e-007  5.98e-005  7.20e-001  2.02e-003  1.88e-004  2.87e-002  5.81e-002  3.72e-002  3.10e-002  
3.71826e+016 3.18e-015  0.00e+000  3.80e-002  4.90e-007  2.44e-002  5.94e-003  6.35e-006  2.38e-003  7.92e-007  3.33e-007  6.60e-005  7.45e-001  1.84e-003  2.14e-004  2.76e-002  4.75e-002  3.77e-002  2.58e-002  
3.72589e+016 3.61e-015  0.00e+000  2.94e-002  1.67e-005  2.35e-002  6.43e-003  3.05e-005  4.49e-003  1.67e-005  3.80e-007  7.73e-005  7.67e-001  1.62e-003  2.65e-004  2.62e-002  3.77e-002  3.77e-002  2.08e-002  
3.73370e+016 4.20e-015  0.00e+000  2.11e-002  3.55e-004  2.25e-002  7.38e-003  1.06e-004  8.38e-003  2.31e-004  4.71e-007  9.71e-005  7.86e-001  1.40e-003  3.62e-004  2.45e-002  2.88e-002  3.69e-002  1.61e-002  
3.74165e+016 5.01e-015  4.79e-067  1.32e-002  4.55e-003  2.14e-002  9.80e-003  2.84e-004  1.52e-002  2.04e-003  6.37e-007  1.32e-004  7.89e-001  1.18e-003  5.51e-004  2.42e-002  2.16e-002  3.59e-002  1.21e-002  
3.74829e+016 6.12e-015  4.77e-053  7.06e-003  2.56e-002  1.96e-002  1.35e-002  6.37e-004  2.35e-002  8.81e-003  8.10e-007  1.70e-004  7.61e-001  9.72e-004  8.00e-004  2.88e-002  1.57e-002  3.35e-002  8.79e-003  
3.75505e+016 8.39e-015  5.70e-042  2.37e-003  1.05e-001  1.66e-002  1.72e-002  1.60e-003  3.22e-002  2.83e-002  1.02e-006  2.05e-004  6.58e-001  7.15e-004  1.11e-003  4.38e-002  9.78e-003  2.81e-002  5.50e-003  
3.76194e+016 1.45e-014  5.22e-033  3.11e-004  2.91e-001  1.14e-002  1.77e-002  3.16e-003  3.46e-002  6.27e-002  1.02e-006  1.99e-004  4.55e-001  4.18e-004  1.29e-003  5.74e-002  3.82e-003  1.89e-002  2.55e-003  
3.76839e+016 3.10e-014  4.97e-026  8.96e-006  5.22e-001  6.45e-003  1.40e-002  3.45e-003  2.77e-002  9.19e-002  7.22e-007  1.48e-004  2.50e-001  1.97e-004  1.18e-003  4.51e-002  7.00e-004  1.01e-002  8.54e-004  
3.76854e+016 3.16e-014  6.88e-026  8.02e-006  5.26e-001  6.37e-003  1.39e-002  3.45e-003  2.75e-002  9.25e-002  7.16e-007  1.47e-004  2.47e-001  1.94e-004  1.17e-003  4.50e-002  6.65e-004  9.98e-003  8.30e-004  
3.76877e+016 3.27e-014  1.18e-025  6.64e-006  5.35e-001  6.21e-003  1.36e-002  3.40e-003  2.71e-002  9.30e-002  7.01e-007  1.44e-004  2.40e-001  1.87e-004  1.16e-003  4.38e-002  6.12e-004  9.67e-003  7.89e-004  
3.76917e+016 3.45e-014  2.86e-025  4.79e-006  5.48e-001  5.95e-003  1.33e-002  3.34e-003  2.65e-002  9.43e-002  6.79e-007  1.40e-004  2.29e-001  1.78e-004  1.15e-003  4.24e-002  5.31e-004  9.26e-003  7.31e-004  
3.76980e+016 3.76e-014  1.17e-024  2.74e-006  5.69e-001  5.58e-003  1.29e-002  3.24e-003  2.55e-002  9.60e-002  6.43e-007  1.34e-004  2.13e-001  1.63e-004  1.13e-003  4.01e-002  4.20e-004  8.59e-003  6.41e-004  
3.77083e+016 4.35e-014  1.10e-023  9.69e-007  6.02e-001  4.98e-003  1.20e-002  3.08e-003  2.39e-002  9.83e-002  5.86e-007  1.24e-004  1.89e-001  1.41e-004  1.09e-003  3.61e-002  2.80e-004  7.60e-003  5.12e-004  
3.77248e+016 5.54e-014  3.52e-022  1.13e-007  6.49e-001  4.17e-003  1.08e-002  2.72e-003  2.13e-002  1.01e-001  4.96e-007  1.09e-004  1.55e-001  1.11e-004  1.02e-003  2.99e-002  1.37e-004  6.17e-003  3.52e-004  
3.77450e+016 7.49e-014  1.92e-020  1.39e-009  7.00e-001  3.33e-003  9.31e-003  2.30e-003  1.83e-002  1.02e-001  3.97e-007  9.11e-005  1.20e-001  8.27e-005  9.52e-004  2.31e-002  5.29e-005  4.77e-003  2.15e-004  
3.77655e+016 9.90e-014  7.42e-019  7.79e-012  7.39e-001  2.73e-003  8.09e-003  1.92e-003  1.56e-002  1.01e-001  3.15e-007  7.60e-005  9.52e-002  6.29e-005  9.27e-004  1.80e-002  2.04e-005  3.77e-003  1.29e-004  
3.77936e+016 1.23e-013  1.93e-017  4.69e-012  7.63e-001  2.47e-003  7.15e-003  1.70e-003  1.32e-002  9.88e-002  2.46e-007  6.38e-005  8.24e-002  5.13e-005  1.08e-003  1.48e-002  8.41e-006  3.22e-003  7.36e-005  
3.78016e+016 1.30e-013  4.76e-017  3.97e-012  7.70e-001  2.40e-003  6.94e-003  1.64e-003  1.26e-002  9.77e-002  2.29e-007  6.07e-005  7.93e-002  4.85e-005  1.12e-003  1.40e-002  7.04e-006  3.09e-003  6.20e-005  
3.78111e+016 1.40e-013  1.40e-016  3.25e-012  7.78e-001  2.31e-003  6.69e-003  1.56e-003  1.18e-002  9.64e-002  2.10e-007  5.70e-005  7.50e-002  4.52e-005  1.15e-003  1.31e-002  5.84e-006  2.92e-003  5.00e-005  
3.78273e+016 1.58e-013  8.59e-016  2.34e-012  7.90e-001  2.18e-003  6.38e-003  1.45e-003  1.07e-002  9.54e-002  1.83e-007  5.14e-005  6.88e-002  4.03e-005  1.20e-003  1.16e-002  4.50e-006  2.67e-003  3.42e-005  
3.78530e+016 1.94e-013  1.41e-014  1.40e-012  8.09e-001  1.96e-003  5.98e-003  1.27e-003  8.97e-003  9.17e-002  1.44e-007  4.32e-005  5.93e-002  3.34e-005  1.23e-003  9.59e-003  3.13e-006  2.29e-003  1.75e-005  
3.78818e+016 2.44e-013  2.88e-013  7.99e-013  8.28e-001  1.73e-003  5.86e-003  1.09e-003  7.38e-003  8.73e-002  1.11e-007  3.55e-005  5.04e-002  2.73e-005  1.23e-003  7.67e-003  2.15e-006  1.93e-003  7.50e-006  
3.79076e+016 2.98e-013  3.66e-012  4.87e-013  8.43e-001  1.55e-003  5.98e-003  9.53e-004  6.21e-003  8.36e-002  8.93e-008  3.00e-005  4.36e-002  2.31e-005  1.21e-003  6.31e-003  1.56e-006  1.66e-003  3.20e-006  
3.79253e+016 3.43e-013  1.91e-011  3.50e-013  8.52e-001  1.44e-003  6.19e-003  8.67e-004  5.52e-003  8.05e-002  7.65e-008  2.66e-005  3.94e-002  2.07e-005  1.18e-003  5.49e-003  1.27e-006  1.49e-003  1.66e-006  
3.79502e+016 4.14e-013  1.73e-010  2.23e-013  8.64e-001  1.29e-003  6.68e-003  7.58e-004  4.68e-003  7.63e-002  6.20e-008  2.26e-005  3.45e-002  1.82e-005  1.13e-003  4.49e-003  9.65e-007  1.29e-003  6.08e-007  
3.79755e+016 5.02e-013  1.42e-009  1.44e-013  8.75e-001  1.16e-003  7.36e-003  6.60e-004  3.99e-003  7.16e-002  5.02e-008  1.92e-005  2.99e-002  1.64e-005  1.08e-003  3.67e-003  7.54e-007  1.12e-003  1.96e-007  
3.79897e+016 5.57e-013  4.32e-009  1.14e-013  8.81e-001  1.10e-003  7.81e-003  6.10e-004  3.64e-003  6.87e-002  4.47e-008  1.75e-005  2.78e-002  1.57e-005  1.05e-003  3.27e-003  6.69e-007  1.03e-003  1.01e-007  
3.79918e+016 5.67e-013  5.12e-009  1.10e-013  8.82e-001  1.09e-003  7.87e-003  6.04e-004  3.58e-003  6.81e-002  4.39e-008  1.73e-005  2.74e-002  1.56e-005  1.04e-003  3.19e-003  6.56e-007  1.02e-003  9.14e-008  
3.79956e+016 5.82e-013  6.77e-009  1.03e-013  8.84e-001  1.07e-003  7.99e-003  5.91e-004  3.51e-003  6.74e-002  4.26e-008  1.69e-005  2.70e-002  1.54e-005  1.03e-003  3.09e-003  6.40e-007  9.97e-004  7.68e-008  
3.80017e+016 6.08e-013  1.06e-008  9.34e-014  8.86e-001  1.04e-003  8.20e-003  5.72e-004  3.39e-003  6.61e-002  4.06e-008  1.62e-005  2.60e-002  1.52e-005  1.02e-003  2.94e-003  6.12e-007  9.65e-004  5.79e-008  
3.80129e+016 6.59e-013  2.37e-008  7.80e-014  8.91e-001  9.97e-004  8.59e-003  5.39e-004  3.16e-003  6.37e-002  3.72e-008  1.52e-005  2.46e-002  1.49e-005  9.97e-004  2.67e-003  5.70e-007  9.07e-004  3.52e-008  
3.80319e+016 7.55e-013  8.89e-008  5.75e-014  8.98e-001  9.23e-004  9.23e-003  4.85e-004  2.81e-003  5.93e-002  3.21e-008  1.35e-005  2.23e-002  1.47e-005  9.54e-004  2.25e-003  5.19e-007  8.19e-004  1.70e-008  
3.80578e+016 9.07e-013  4.89e-007  3.86e-014  9.08e-001  8.31e-004  1.00e-002  4.18e-004  2.40e-003  5.30e-002  2.62e-008  1.15e-005  1.95e-002  1.47e-005  8.95e-004  1.76e-003  4.84e-007  7.11e-004  8.40e-009  
3.80629e+016 9.40e-013  6.68e-007  3.58e-014  9.10e-001  8.15e-004  1.02e-002  4.07e-004  2.34e-003  5.17e-002  2.52e-008  1.12e-005  1.89e-002  1.48e-005  8.84e-004  1.67e-003  4.81e-007  6.92e-004  7.59e-009  
3.80713e+016 9.93e-013  1.10e-006  3.17e-014  9.13e-001  7.90e-004  1.04e-002  3.89e-004  2.24e-003  4.95e-002  2.38e-008  1.07e-005  1.82e-002  1.50e-005  8.68e-004  1.54e-003  4.80e-007  6.63e-004  6.54e-009  
3.80859e+016 1.09e-012  2.49e-006  2.60e-014  9.18e-001  7.52e-004  1.07e-002  3.60e-004  2.07e-003  4.58e-002  2.15e-008  9.83e-006  1.71e-002  1.56e-005  8.43e-004  1.32e-003  4.84e-007  6.19e-004  5.26e-009  
3.81083e+016 1.27e-012  8.72e-006  1.88e-014  9.28e-001  6.86e-004  1.09e-002  3.16e-004  1.82e-003  3.94e-002  1.82e-008  8.57e-006  1.52e-002  1.66e-005  7.94e-004  1.02e-003  5.00e-007  5.48e-004  3.84e-009  
3.81265e+016 1.43e-012  2.25e-005  1.46e-014  9.35e-001  6.40e-004  1.08e-002  2.86e-004  1.65e-003  3.42e-002  1.59e-008  7.74e-006  1.40e-002  1.80e-005  7.53e-004  8.09e-004  5.26e-007  4.99e-004  3.04e-009  
3.81480e+016 1.64e-012  6.01e-005  1.10e-014  9.43e-001  5.92e-004  1.04e-002  2.54e-004  1.47e-003  2.79e-002  1.38e-008  6.88e-006  1.27e-002  2.06e-005  7.18e-004  6.05e-004  5.57e-007  4.49e-004  2.39e-009  
3.81769e+016 1.98e-012  2.27e-004  7.68e-015  9.55e-001  5.30e-004  9.19e-003  2.18e-004  1.26e-003  2.01e-002  1.12e-008  5.81e-006  1.11e-002  2.73e-005  6.62e-004  3.84e-004  6.11e-007  3.85e-004  1.73e-009  
3.81836e+016 2.06e-012  3.00e-004  7.09e-015  9.57e-001  5.20e-004  8.84e-003  2.12e-004  1.21e-003  1.85e-002  1.07e-008  5.63e-006  1.08e-002  2.98e-005  6.51e-004  3.43e-004  6.27e-007  3.74e-004  1.62e-009  
3.81952e+016 2.21e-012  4.71e-004  6.21e-015  9.61e-001  4.99e-004  8.16e-003  2.00e-004  1.15e-003  1.56e-002  9.97e-009  5.26e-006  1.02e-002  3.56e-005  6.30e-004  2.80e-004  6.44e-007  3.53e-004  1.44e-009  
3.82149e+016 2.49e-012  1.01e-003  4.89e-015  9.67e-001  4.61e-004  6.82e-003  1.83e-004  1.03e-003  1.13e-002  8.74e-009  4.69e-006  9.31e-003  5.01e-005  5.98e-004  1.89e-004  6.70e-007  3.18e-004  1.19e-009  
3.82433e+016 2.96e-012  2.82e-003  3.51e-015  9.72e-001  4.15e-004  4.82e-003  1.62e-004  8.91e-004  6.41e-003  7.25e-009  4.01e-006  8.13e-003  9.01e-005  5.50e-004  9.85e-005  6.95e-007  2.74e-004  9.31e-010  
3.82740e+016 3.54e-012  7.68e-003  2.49e-015  9.71e-001  3.73e-004  2.85e-003  1.44e-004  7.56e-004  2.96e-003  6.01e-009  3.39e-006  7.08e-003  1.74e-004  5.05e-004  4.21e-005  6.86e-007  2.34e-004  7.48e-010  
3.83054e+016 4.23e-012  1.91e-002  1.77e-015  9.65e-001  3.33e-004  1.41e-003  1.27e-004  6.41e-004  1.08e-003  4.99e-009  2.84e-006  6.17e-003  3.14e-004  4.61e-004  1.41e-005  6.31e-007  1.99e-004  6.36e-010  
3.83376e+016 5.09e-012  4.34e-002  1.25e-015  9.47e-001  2.97e-004  5.79e-004  1.09e-004  5.34e-004  2.91e-004  4.14e-009  2.38e-006  5.30e-003  4.83e-004  4.16e-004  3.46e-006  5.28e-007  1.67e-004  6.52e-010  
3.83751e+016 6.54e-012  9.80e-002  8.06e-016  8.94e-001  2.48e-004  2.12e-004  8.29e-005  4.14e-004  4.11e-005  3.29e-009  1.88e-006  4.30e-003  5.69e-004  3.55e-004  4.11e-007  3.68e-007  1.31e-004  7.29e-010  
3.84132e+016 8.95e-012  1.90e-001  4.89e-016  8.04e-001  1.94e-004  1.43e-004  5.43e-005  3.00e-004  3.98e-006  2.52e-009  1.43e-006  3.25e-003  4.76e-004  2.80e-004  3.40e-008  1.97e-007  9.56e-005  9.32e-010  
3.84531e+016 1.37e-011  3.20e-001  2.66e-016  6.76e-001  1.36e-004  1.58e-004  3.18e-005  1.95e-004  1.03e-006  1.83e-009  1.01e-006  2.20e-003  3.41e-004  1.96e-004  7.16e-009  1.20e-007  6.23e-005  1.34e-009  
3.84962e+016 2.42e-011  4.72e-001  1.27e-016  5.26e-001  8.23e-005  1.59e-004  1.94e-005  1.09e-004  6.21e-007  1.22e-009  6.62e-007  1.29e-003  2.40e-004  1.17e-004  3.99e-009  1.10e-007  3.51e-005  1.90e-009  
3.85449e+016 4.76e-011  6.22e-001  5.44e-017  3.76e-001  4.50e-005  1.02e-004  1.69e-005  5.49e-005  3.83e-007  7.52e-010  3.97e-007  6.77e-004  1.61e-004  6.18e-005  3.51e-009  1.39e-007  1.76e-005  2.50e-009  
3.85990e+016 8.87e-011  7.41e-001  2.46e-017  2.58e-001  2.59e-005  3.50e-005  2.21e-005  2.89e-005  2.38e-007  4.41e-010  2.24e-007  3.73e-004  1.07e-004  3.37e-005  4.97e-009  1.94e-007  9.23e-006  3.25e-009  
3.86597e+016 1.31e-010  8.24e-001  1.40e-017  1.75e-001  1.89e-005  9.01e-006  3.96e-005  1.89e-005  1.75e-007  2.59e-010  1.24e-007  2.60e-004  9.08e-005  2.29e-005  1.15e-008  3.37e-007  6.04e-006  4.84e-009  
3.87288e+016 1.36e-010  8.78e-001  1.16e-017  1.21e-001  1.90e-005  5.56e-006  1.06e-004  1.74e-005  1.66e-007  1.60e-010  6.84e-008  2.54e-004  1.20e-004  2.20e-005  5.06e-008  8.78e-007  5.53e-006  9.52e-009  
3.88139e+016 7.65e-011  9.11e-001  1.84e-017  8.72e-002  3.32e-005  4.99e-006  5.39e-004  2.86e-005  1.73e-007  1.08e-010  3.67e-008  4.50e-004  2.92e-004  3.80e-005  4.63e-007  4.22e-006  8.96e-006  3.28e-008  
3.89093e+016 1.64e-011  9.21e-001  8.17e-017  6.89e-002  1.46e-004  5.08e-006  5.98e-003  1.22e-004  1.84e-007  8.11e-011  2.04e-008  2.06e-003  1.65e-003  1.70e-004  9.08e-006  4.51e-005  3.71e-005  2.72e-007  
3.90068e+016 1.37e-012  7.67e-001  1.02e-015  5.13e-002  1.59e-003  4.54e-006  1.29e-001  1.33e-003  1.67e-007  5.50e-011  1.04e-008  2.37e-002  2.07e-002  1.91e-003  3.20e-004  9.93e-004  3.92e-004  5.22e-006  
3.91088e+016 3.64e-013  8.21e-002  4.39e-015  5.55e-003  5.35e-003  5.33e-007  7.22e-001  4.59e-003  1.95e-008  4.81e-012  7.50e-010  8.40e-002  7.50e-002  6.65e-003  2.71e-003  5.88e-003  1.29e-003  3.02e-005  
3.92181e+016 4.22e-013  4.67e-002  4.71e-015  3.46e-003  4.03e-003  3.29e-007  7.96e-001  3.67e-003  1.19e-008  2.16e-012  3.03e-010  6.68e-002  5.83e-002  5.16e-003  4.31e-003  7.08e-003  9.85e-004  4.00e-005  
3.93325e+016 4.75e-013  6.15e-002  5.58e-015  5.39e-003  3.07e-003  4.72e-007  8.07e-001  3.10e-003  1.66e-008  2.23e-012  3.07e-010  5.35e-002  4.49e-002  4.06e-003  5.96e-003  7.90e-003  7.81e-004  5.33e-005  
3.94519e+016 5.00e-013  7.91e-002  7.43e-015  8.39e-003  2.46e-003  6.53e-007  8.03e-001  2.82e-003  2.20e-008  2.24e-012  3.20e-010  4.50e-002  3.64e-002  3.36e-003  7.63e-003  8.57e-003  6.65e-004  7.15e-005  
3.95803e+016 4.99e-013  9.87e-002  1.08e-014  1.28e-002  2.02e-003  8.69e-007  7.89e-001  2.74e-003  2.78e-008  2.24e-012  3.40e-010  3.94e-002  3.08e-002  2.86e-003  9.25e-003  9.07e-003  5.95e-004  9.43e-005  
3.97190e+016 4.78e-013  1.20e-001  1.71e-014  1.94e-002  1.69e-003  1.11e-006  7.68e-001  2.76e-003  3.30e-008  2.26e-012  3.62e-010  3.58e-002  2.74e-002  2.49e-003  1.06e-002  9.31e-003  5.48e-004  1.20e-004  
3.98699e+016 4.41e-013  1.41e-001  2.91e-014  2.91e-002  1.44e-003  1.38e-006  7.40e-001  2.84e-003  3.70e-008  2.32e-012  3.86e-010  3.41e-002  2.52e-002  2.20e-003  1.16e-002  9.26e-003  5.13e-004  1.47e-004  
4.00514e+016 3.87e-013  1.64e-001  5.65e-014  4.47e-002  1.21e-003  1.70e-006  7.02e-001  2.97e-003  3.95e-008  2.43e-012  4.05e-010  3.43e-002  2.43e-002  1.95e-003  1.21e-002  8.85e-003  4.80e-004  1.72e-004  
4.02549e+016 3.28e-013  1.86e-001  1.21e-013  6.76e-002  1.03e-003  2.03e-006  6.55e-001  3.11e-003  3.96e-008  2.66e-012  4.11e-010  3.78e-002  2.41e-002  1.76e-003  1.19e-002  8.04e-003  4.39e-004  1.90e-004  
4.04761e+016 2.69e-013  2.07e-001  2.82e-013  1.00e-001  8.82e-004  2.40e-006  5.95e-001  3.14e-003  3.80e-008  3.03e-012  4.02e-010  4.54e-002  2.45e-002  1.63e-003  1.12e-002  7.00e-003  3.94e-004  1.96e-004  
4.07070e+016 2.15e-013  2.25e-001  6.94e-013  1.40e-001  7.78e-004  2.81e-006  5.27e-001  3.10e-003  3.51e-008  3.57e-012  3.76e-010  5.78e-002  2.53e-002  1.58e-003  1.02e-002  5.82e-003  3.48e-004  1.90e-004  
4.09451e+016 1.69e-013  2.39e-001  1.83e-012  1.88e-001  6.99e-004  3.28e-006  4.47e-001  2.96e-003  3.20e-008  4.31e-012  3.36e-010  7.64e-002  2.60e-002  1.62e-003  8.95e-003  4.60e-003  2.99e-004  1.71e-004  
4.11988e+016 1.29e-013  2.46e-001  5.24e-012  2.47e-001  6.50e-004  3.85e-006  3.56e-001  2.77e-003  2.87e-008  5.28e-012  2.89e-010  1.04e-001  2.63e-002  1.77e-003  7.45e-003  3.36e-003  2.54e-004  1.43e-004  
4.14624e+016 9.82e-014  2.39e-001  1.58e-011  3.15e-001  6.24e-004  4.51e-006  2.59e-001  2.53e-003  2.57e-008  6.42e-012  2.38e-010  1.44e-001  2.55e-002  2.07e-003  5.92e-003  2.23e-003  2.14e-004  1.08e-004  
4.17462e+016 7.36e-014  2.15e-001  5.25e-011  3.86e-001  6.18e-004  5.30e-006  1.60e-001  2.28e-003  2.30e-008  7.58e-012  1.89e-010  2.00e-001  2.28e-002  2.58e-003  4.39e-003  1.27e-003  1.81e-004  7.16e-005  
4.20512e+016 5.56e-014  1.70e-001  1.89e-010  4.42e-001  6.15e-004  6.13e-006  7.98e-002  2.05e-003  2.08e-008  8.39e-012  1.42e-010  2.75e-001  1.78e-002  3.34e-003  3.00e-003  5.72e-004  1.52e-004  3.95e-005  
4.23867e+016 4.29e-014  1.13e-001  7.49e-010  4.64e-001  5.97e-004  6.90e-006  2.85e-002  1.84e-003  1.93e-008  8.54e-012  1.02e-010  3.68e-001  1.13e-002  4.45e-003  1.83e-003  1.87e-004  1.28e-004  1.74e-005  
4.27356e+016 3.51e-014  6.24e-002  3.07e-009  4.47e-001  5.50e-004  7.46e-006  7.86e-003  1.68e-003  1.88e-008  8.11e-012  7.32e-011  4.61e-001  5.98e-003  5.75e-003  1.01e-003  4.73e-005  1.11e-004  6.49e-006  
4.30994e+016 3.08e-014  3.01e-002  1.31e-008  4.19e-001  4.94e-004  8.22e-006  1.80e-003  1.62e-003  2.37e-008  7.92e-012  5.88e-011  5.29e-001  2.74e-003  7.05e-003  6.14e-004  9.58e-006  1.03e-004  2.17e-006  
4.34671e+016 2.92e-014  1.35e-002  5.65e-008  4.11e-001  4.45e-004  9.73e-006  4.25e-004  1.63e-003  3.73e-008  8.53e-012  5.72e-011  5.55e-001  1.19e-003  8.15e-003  4.52e-004  1.87e-006  9.97e-005  6.89e-007  
4.38104e+016 2.77e-014  5.42e-003  2.38e-007  3.87e-001  4.41e-004  8.50e-006  1.48e-004  1.57e-003  4.63e-008  9.37e-012  5.10e-011  5.86e-001  5.89e-004  9.40e-003  3.72e-004  5.28e-007  9.29e-005  2.48e-007  
4.41007e+016 2.56e-014  2.14e-003  8.70e-007  3.46e-001  4.64e-004  6.12e-006  7.84e-005  1.33e-003  4.60e-008  1.08e-011  3.72e-011  6.28e-001  3.65e-004  1.10e-002  3.52e-004  2.47e-007  7.61e-005  1.11e-007  
4.42181e+016 2.51e-014  1.39e-003  1.47e-006  3.31e-001  4.75e-004  5.31e-006  6.30e-005  1.24e-003  4.67e-008  1.15e-011  3.32e-011  6.42e-001  3.02e-004  1.17e-002  3.56e-004  1.92e-007  7.02e-005  7.82e-008  
4.42811e+016 2.47e-014  1.03e-003  1.95e-006  3.25e-001  4.78e-004  5.06e-006  5.63e-005  1.19e-003  4.98e-008  1.22e-011  3.17e-011  6.48e-001  2.74e-004  1.21e-002  3.71e-004  1.68e-007  6.72e-005  6.32e-008  
4.43809e+016 2.48e-014  8.28e-004  3.02e-006  3.27e-001  4.76e-004  5.01e-006  4.72e-005  1.12e-003  5.01e-008  1.32e-011  3.01e-011  6.46e-001  2.33e-004  1.24e-002  3.74e-004  1.40e-007  6.30e-005  4.89e-008  
4.45030e+016 2.45e-014  5.66e-004  5.17e-006  3.24e-001  4.81e-004  4.77e-006  3.85e-005  1.08e-003  4.73e-008  1.45e-011  2.89e-011  6.48e-001  1.96e-004  1.30e-002  3.65e-004  1.17e-007  6.03e-005  3.52e-008  
4.45401e+016 2.41e-014  3.86e-004  6.19e-006  3.15e-001  4.90e-004  4.53e-006  3.66e-005  1.08e-003  4.49e-008  1.52e-011  2.90e-011  6.56e-001  1.89e-004  1.34e-002  3.55e-004  1.14e-007  5.98e-005  2.95e-008  
4.45998e+016 2.39e-014  2.98e-004  8.08e-006  3.09e-001  4.94e-004  4.31e-006  3.38e-005  1.03e-003  4.17e-008  1.59e-011  2.74e-011  6.61e-001  1.78e-004  1.37e-002  3.40e-004  1.07e-007  5.69e-005  2.50e-008  
4.46779e+016 2.40e-014  2.68e-004  1.12e-005  3.12e-001  4.92e-004  4.29e-006  3.06e-005  1.00e-003  4.15e-008  1.67e-011  2.63e-011  6.59e-001  1.63e-004  1.40e-002  3.43e-004  9.75e-008  5.46e-005  2.18e-008  
4.48006e+016 2.38e-014  1.79e-004  1.85e-005  3.09e-001  4.92e-004  4.09e-006  2.65e-005  9.71e-004  3.91e-008  1.84e-011  2.54e-011  6.60e-001  1.44e-004  1.46e-002  3.37e-004  8.70e-008  5.26e-005  1.64e-008  
4.48529e+016 2.31e-014  8.39e-005  2.37e-005  2.89e-001  5.06e-004  3.68e-006  2.53e-005  9.73e-004  3.55e-008  1.98e-011  2.54e-011  6.79e-001  1.41e-004  1.53e-002  3.28e-004  8.74e-008  5.23e-005  1.32e-008  
4.48834e+016 2.30e-014  7.17e-005  2.67e-005  2.85e-001  5.09e-004  3.45e-006  2.45e-005  9.35e-004  3.22e-008  2.01e-011  2.42e-011  6.83e-001  1.39e-004  1.55e-002  3.01e-004  8.57e-008  5.04e-005  1.25e-008  
4.49346e+016 2.30e-014  7.22e-005  3.22e-005  2.89e-001  5.05e-004  3.48e-006  2.35e-005  8.92e-004  3.24e-008  2.06e-011  2.28e-011  6.79e-001  1.34e-004  1.58e-002  3.07e-004  8.22e-008  4.79e-005  1.21e-008  
4.49870e+016 2.31e-014  6.85e-005  3.87e-005  2.91e-001  5.03e-004  3.49e-006  2.25e-005  8.76e-004  3.26e-008  2.13e-011  2.22e-011  6.76e-001  1.28e-004  1.59e-002  3.11e-004  7.93e-008  4.64e-005  1.14e-008  
4.50684e+016 2.30e-014  5.40e-005  5.14e-005  2.91e-001  5.01e-004  3.42e-006  2.11e-005  8.63e-004  3.16e-008  2.28e-011  2.18e-011  6.75e-001  1.22e-004  1.64e-002  3.10e-004  7.58e-008  4.57e-005  1.02e-008  
4.51867e+016 2.28e-014  3.26e-005  7.46e-005  2.84e-001  5.00e-004  3.17e-006  1.93e-005  8.30e-004  2.90e-008  2.49e-011  2.07e-011  6.80e-001  1.14e-004  1.71e-002  2.99e-004  7.20e-008  4.34e-005  8.43e-009  
4.51946e+016 2.21e-014  1.47e-005  8.00e-005  2.63e-001  5.16e-004  2.91e-006  1.94e-005  8.46e-004  2.72e-008  2.59e-011  2.13e-011  7.01e-001  1.17e-004  1.77e-002  3.02e-004  7.60e-008  4.44e-005  7.24e-009  
4.52061e+016 2.20e-014  1.26e-005  8.35e-005  2.60e-001  5.18e-004  2.64e-006  1.91e-005  8.31e-004  2.47e-008  2.62e-011  2.08e-011  7.04e-001  1.17e-004  1.78e-002  2.75e-004  7.63e-008  4.34e-005  6.90e-009  
4.52265e+016 2.20e-014  1.25e-005  8.86e-005  2.59e-001  5.13e-004  2.61e-006  1.89e-005  8.00e-004  2.34e-008  2.63e-011  1.98e-011  7.04e-001  1.16e-004  1.79e-002  2.63e-004  7.54e-008  4.16e-005  6.86e-009  
4.52632e+016 2.19e-014  1.25e-005  9.85e-005  2.61e-001  5.15e-004  2.62e-006  1.86e-005  7.61e-004  2.35e-008  2.68e-011  1.86e-011  7.02e-001  1.15e-004  1.82e-002  2.67e-004  7.43e-008  3.97e-005  6.79e-009  
4.53239e+016 2.19e-014  1.24e-005  1.16e-004  2.65e-001  5.10e-004  2.66e-006  1.81e-005  7.38e-004  2.38e-008  2.78e-011  1.79e-011  6.97e-001  1.12e-004  1.85e-002  2.74e-004  7.25e-008  3.83e-005  6.56e-009  
4.54167e+016 2.18e-014  9.60e-006  1.50e-004  2.68e-001  5.10e-004  2.61e-006  1.74e-005  7.30e-004  2.33e-008  3.01e-011  1.76e-011  6.94e-001  1.09e-004  1.92e-002  2.75e-004  7.12e-008  3.75e-005  5.97e-009  
4.55446e+016 2.14e-014  5.28e-006  2.11e-004  2.63e-001  5.05e-004  2.40e-006  1.65e-005  7.01e-004  2.12e-008  3.36e-011  1.67e-011  6.96e-001  1.06e-004  2.01e-002  2.66e-004  7.06e-008  3.57e-005  5.00e-009  
4.55658e+016 2.12e-014  3.84e-006  2.25e-004  2.57e-001  5.09e-004  2.34e-006  1.64e-005  6.98e-004  2.06e-008  3.43e-011  1.66e-011  7.03e-001  1.07e-004  2.05e-002  2.65e-004  7.17e-008  3.55e-005  4.76e-009  
4.55697e+016 2.07e-014  1.80e-006  2.35e-004  2.39e-001  5.21e-004  2.17e-006  1.64e-005  7.15e-004  1.96e-008  3.54e-011  1.69e-011  7.19e-001  1.09e-004  2.10e-002  2.68e-004  7.58e-008  3.62e-005  4.01e-009  
4.55761e+016 2.06e-014  1.45e-006  2.40e-004  2.35e-001  5.24e-004  1.94e-006  1.64e-005  7.09e-004  1.84e-008  3.59e-011  1.68e-011  7.23e-001  1.09e-004  2.11e-002  2.55e-004  7.67e-008  3.58e-005  3.73e-009  
4.55871e+016 2.06e-014  1.45e-006  2.47e-004  2.35e-001  5.19e-004  1.86e-006  1.62e-005  6.84e-004  1.69e-008  3.60e-011  1.63e-011  7.23e-001  1.09e-004  2.12e-002  2.33e-004  7.62e-008  3.46e-005  3.72e-009  
4.56066e+016 2.05e-014  1.44e-006  2.60e-004  2.35e-001  5.22e-004  1.85e-006  1.62e-005  6.54e-004  1.62e-008  3.62e-011  1.54e-011  7.22e-001  1.10e-004  2.14e-002  2.25e-004  7.61e-008  3.31e-005  3.73e-009  
4.56410e+016 2.05e-014  1.44e-006  2.82e-004  2.35e-001  5.17e-004  1.85e-006  1.60e-005  6.25e-004  1.60e-008  3.65e-011  1.43e-011  7.22e-001  1.10e-004  2.16e-002  2.26e-004  7.56e-008  3.13e-005  3.72e-009  
4.56849e+016 2.05e-014  1.46e-006  3.13e-004  2.38e-001  5.13e-004  1.88e-006  1.60e-005  6.06e-004  1.62e-008  3.76e-011  1.38e-011  7.18e-001  1.09e-004  2.18e-002  2.31e-004  7.53e-008  3.03e-005  3.70e-009  
4.57241e+016 2.05e-014  1.39e-006  3.42e-004  2.40e-001  5.07e-004  1.88e-006  1.58e-005  5.99e-004  1.63e-008  3.86e-011  1.36e-011  7.16e-001  1.09e-004  2.20e-002  2.34e-004  7.50e-008  2.98e-005  3.62e-009  
4.57850e+016 2.04e-014  1.15e-006  3.95e-004  2.42e-001  4.99e-004  1.85e-006  1.57e-005  5.92e-004  1.60e-008  4.07e-011  1.35e-011  7.14e-001  1.08e-004  2.24e-002  2.34e-004  7.53e-008  2.94e-005  3.42e-009  
4.58802e+016 2.02e-014  7.23e-007  5.00e-004  2.41e-001  4.94e-004  1.74e-006  1.54e-005  5.75e-004  1.51e-008  4.44e-011  1.30e-011  7.13e-001  1.09e-004  2.32e-002  2.28e-004  7.68e-008  2.83e-005  3.03e-009  
4.59720e+016 2.00e-014  4.22e-007  6.26e-004  2.36e-001  4.87e-004  1.61e-006  1.51e-005  5.46e-004  1.39e-008  4.80e-011  1.23e-011  7.17e-001  1.10e-004  2.40e-002  2.19e-004  7.87e-008  2.68e-005  2.64e-009  
4.59734e+016 1.98e-014  2.90e-007  6.38e-004  2.28e-001  4.92e-004  1.58e-006  1.51e-005  5.52e-004  1.36e-008  4.86e-011  1.25e-011  7.24e-001  1.11e-004  2.42e-002  2.21e-004  8.05e-008  2.70e-005  2.54e-009  
4.59759e+016 1.94e-014  1.30e-007  6.56e-004  2.12e-001  5.01e-004  1.48e-006  1.51e-005  5.63e-004  1.30e-008  4.99e-011  1.27e-011  7.39e-001  1.13e-004  2.47e-002  2.24e-004  8.53e-008  2.74e-005  2.12e-009  
4.59802e+016 1.92e-014  9.26e-008  6.71e-004  2.07e-001  5.04e-004  1.32e-006  1.50e-005  5.62e-004  1.25e-008  5.06e-011  1.27e-011  7.44e-001  1.13e-004  2.49e-002  2.21e-004  8.69e-008  2.74e-005  1.87e-009  
4.59873e+016 1.92e-014  9.15e-008  6.81e-004  2.07e-001  5.02e-004  1.22e-006  1.49e-005  5.46e-004  1.18e-008  5.10e-011  1.24e-011  7.43e-001  1.14e-004  2.50e-002  2.07e-004  8.68e-008  2.67e-005  1.85e-009  
4.59993e+016 1.91e-014  9.14e-008  7.00e-004  2.09e-001  5.02e-004  1.19e-006  1.49e-005  5.28e-004  1.09e-008  5.14e-011  1.19e-011  7.42e-001  1.14e-004  2.51e-002  1.91e-004  8.67e-008  2.57e-005  1.87e-009  
4.60196e+016 1.91e-014  9.14e-008  7.37e-004  2.08e-001  4.98e-004  1.18e-006  1.48e-005  4.97e-004  1.03e-008  5.16e-011  1.11e-011  7.42e-001  1.15e-004  2.52e-002  1.81e-004  8.57e-008  2.42e-005  1.87e-009  
4.60580e+016 1.91e-014  9.23e-008  8.08e-004  2.10e-001  4.93e-004  1.19e-006  1.48e-005  4.69e-004  1.02e-008  5.25e-011  1.03e-011  7.40e-001  1.16e-004  2.56e-002  1.81e-004  8.60e-008  2.28e-005  1.88e-009  
4.61139e+016 1.92e-014  9.24e-008  9.08e-004  2.13e-001  4.81e-004  1.21e-006  1.49e-005  4.53e-004  1.04e-008  5.43e-011  9.92e-012  7.36e-001  1.17e-004  2.58e-002  1.85e-004  8.67e-008  2.18e-005  1.88e-009  
4.61801e+016 1.91e-014  7.79e-008  1.06e-003  2.17e-001  4.70e-004  1.20e-006  1.49e-005  4.48e-004  1.04e-008  5.75e-011  9.82e-012  7.31e-001  1.18e-004  2.62e-002  1.88e-004  8.83e-008  2.15e-005  1.81e-009  
4.62829e+016 1.89e-014  4.62e-008  1.35e-003  2.18e-001  4.56e-004  1.13e-006  1.49e-005  4.33e-004  9.92e-009  6.39e-011  9.61e-012  7.28e-001  1.21e-004  2.71e-002  1.83e-004  9.18e-008  2.05e-005  1.60e-009  
4.63958e+016 1.86e-014  2.19e-008  1.77e-003  2.18e-001  4.43e-004  1.02e-006  1.49e-005  4.07e-004  9.20e-009  7.26e-011  9.14e-012  7.26e-001  1.26e-004  2.83e-002  1.75e-004  9.73e-008  1.91e-005  1.37e-009  
4.64165e+016 1.85e-014  1.70e-008  1.87e-003  2.15e-001  4.40e-004  9.98e-007  1.49e-005  4.01e-004  8.96e-009  7.39e-011  9.07e-012  7.28e-001  1.27e-004  2.85e-002  1.73e-004  9.87e-008  1.88e-005  1.32e-009  
4.64187e+016 1.82e-014  7.04e-009  1.93e-003  1.99e-001  4.48e-004  9.57e-007  1.49e-005  4.08e-004  8.53e-009  7.59e-011  9.24e-012  7.43e-001  1.29e-004  2.91e-002  1.76e-004  1.05e-007  1.91e-005  1.14e-009  
4.64224e+016 1.80e-014  3.11e-009  1.98e-003  1.86e-001  4.51e-004  8.45e-007  1.47e-005  4.08e-004  8.17e-009  7.73e-011  9.28e-012  7.56e-001  1.31e-004  2.94e-002  1.77e-004  1.10e-007  1.92e-005  9.11e-010  
4.64286e+016 1.79e-014  2.51e-009  2.03e-003  1.85e-001  4.53e-004  7.39e-007  1.47e-005  4.03e-004  7.95e-009  7.90e-011  9.24e-012  7.56e-001  1.32e-004  2.97e-002  1.74e-004  1.11e-007  1.89e-005  8.40e-010  
4.64396e+016 1.78e-014  2.52e-009  2.09e-003  1.87e-001  4.52e-004  6.86e-007  1.46e-005  3.86e-004  7.65e-009  8.04e-011  8.88e-012  7.53e-001  1.33e-004  2.99e-002  1.63e-004  1.11e-007  1.81e-005  8.43e-010  
4.64596e+016 1.78e-014  2.54e-009  2.18e-003  1.89e-001  4.46e-004  6.78e-007  1.44e-005  3.58e-004  7.12e-009  8.13e-011  8.29e-012  7.51e-001  1.33e-004  2.99e-002  1.49e-004  1.10e-007  1.68e-005  8.46e-010  
4.64933e+016 1.79e-014  2.57e-009  2.34e-003  1.92e-001  4.35e-004  6.87e-007  1.42e-005  3.32e-004  6.87e-009  8.32e-011  7.70e-012  7.48e-001  1.35e-004  3.00e-002  1.41e-004  1.09e-007  1.55e-005  8.49e-010  
4.65501e+016 1.80e-014  2.65e-009  2.65e-003  1.98e-001  4.21e-004  7.07e-007  1.43e-005  3.18e-004  6.96e-009  8.75e-011  7.41e-012  7.41e-001  1.37e-004  3.03e-002  1.41e-004  1.09e-007  1.48e-005  8.63e-010  
4.66259e+016 1.80e-014  2.24e-009  3.15e-003  2.04e-001  4.05e-004  7.17e-007  1.45e-005  3.16e-004  7.17e-009  9.45e-011  7.45e-012  7.33e-001  1.40e-004  3.07e-002  1.44e-004  1.13e-007  1.45e-005  8.33e-010  
4.67450e+016 1.79e-014  1.12e-009  4.15e-003  2.10e-001  3.87e-004  6.70e-007  1.47e-005  3.09e-004  7.09e-009  1.09e-010  7.59e-012  7.25e-001  1.47e-004  3.16e-002  1.44e-004  1.20e-007  1.40e-005  7.20e-010  
4.68726e+016 1.77e-014  4.08e-010  5.71e-003  2.14e-001  3.72e-004  5.93e-007  1.46e-005  2.92e-004  7.01e-009  1.29e-010  7.63e-012  7.18e-001  1.55e-004  3.28e-002  1.41e-004  1.30e-007  1.31e-005  5.88e-010  
4.69009e+016 1.77e-014  3.14e-010  6.10e-003  2.14e-001  3.67e-004  5.70e-007  1.45e-005  2.87e-004  7.00e-009  1.34e-010  7.62e-012  7.17e-001  1.57e-004  3.30e-002  1.39e-004  1.32e-007  1.28e-005  5.57e-010  
4.69024e+016 1.76e-014  2.43e-010  6.18e-003  2.10e-001  3.69e-004  5.67e-007  1.45e-005  2.88e-004  6.92e-009  1.35e-010  7.66e-012  7.20e-001  1.58e-004  3.32e-002  1.40e-004  1.33e-007  1.29e-005  5.45e-010  
4.69048e+016 1.75e-014  1.25e-010  6.23e-003  1.98e-001  3.71e-004  5.43e-007  1.43e-005  2.90e-004  6.69e-009  1.37e-010  7.66e-012  7.31e-001  1.59e-004  3.34e-002  1.41e-004  1.38e-007  1.30e-005  4.86e-010  
4.69090e+016 1.72e-014  5.20e-011  6.44e-003  1.86e-001  3.76e-004  4.91e-007  1.42e-005  2.92e-004  6.44e-009  1.40e-010  7.77e-012  7.42e-001  1.61e-004  3.39e-002  1.44e-004  1.46e-007  1.30e-005  4.06e-010  
4.69160e+016 1.70e-014  2.39e-011  6.72e-003  1.79e-001  3.81e-004  4.14e-007  1.41e-005  2.90e-004  6.37e-009  1.46e-010  7.84e-012  7.49e-001  1.64e-004  3.45e-002  1.47e-004  1.53e-007  1.30e-005  3.47e-010  
4.69279e+016 1.69e-014  2.01e-011  6.93e-003  1.81e-001  3.79e-004  3.57e-007  1.39e-005  2.78e-004  6.57e-009  1.50e-010  7.70e-012  7.46e-001  1.66e-004  3.48e-002  1.47e-004  1.53e-007  1.24e-005  3.34e-010  
4.69476e+016 1.70e-014  2.04e-011  7.23e-003  1.86e-001  3.72e-004  3.46e-007  1.36e-005  2.58e-004  6.76e-009  1.56e-010  7.35e-012  7.41e-001  1.66e-004  3.46e-002  1.43e-004  1.50e-007  1.15e-005  3.33e-010  
4.69806e+016 1.71e-014  2.13e-011  7.72e-003  1.95e-001  3.63e-004  3.60e-007  1.32e-005  2.41e-004  7.02e-009  1.65e-010  7.13e-012  7.31e-001  1.68e-004  3.46e-002  1.38e-004  1.46e-007  1.07e-005  3.35e-010  
4.70337e+016 1.74e-014  2.25e-011  8.63e-003  2.07e-001  3.47e-004  3.81e-007  1.28e-005  2.31e-004  7.31e-009  1.77e-010  7.13e-012  7.19e-001  1.70e-004  3.44e-002  1.33e-004  1.42e-007  1.02e-005  3.36e-010  
4.70622e+016 1.74e-014  2.25e-011  9.25e-003  2.12e-001  3.42e-004  3.91e-007  1.28e-005  2.31e-004  7.52e-009  1.84e-010  7.29e-012  7.12e-001  1.72e-004  3.45e-002  1.33e-004  1.42e-007  1.02e-005  3.37e-010  
4.71061e+016 1.75e-014  2.00e-011  1.01e-002  2.19e-001  3.33e-004  3.97e-007  1.28e-005  2.33e-004  7.73e-009  1.97e-010  7.44e-012  7.04e-001  1.75e-004  3.46e-002  1.33e-004  1.43e-007  1.01e-005  3.32e-010  
4.71746e+016 1.73e-014  1.38e-011  1.20e-002  2.28e-001  3.23e-004  3.93e-007  1.28e-005  2.37e-004  8.25e-009  2.23e-010  7.73e-012  6.92e-001  1.82e-004  3.53e-002  1.36e-004  1.48e-007  9.98e-006  3.18e-010  
4.72860e+016 1.71e-014  5.51e-012  1.60e-002  2.42e-001  3.05e-004  3.66e-007  1.27e-005  2.36e-004  9.31e-009  2.79e-010  8.14e-012  6.74e-001  1.94e-004  3.60e-002  1.44e-004  1.58e-007  9.49e-006  2.88e-010  
4.74240e+016 1.68e-014  1.30e-012  2.28e-002  2.59e-001  2.80e-004  3.20e-007  1.20e-005  2.30e-004  1.14e-008  3.75e-010  8.69e-012  6.49e-001  2.10e-004  3.63e-002  1.57e-004  1.68e-007  8.75e-006  2.56e-010  
4.74305e+016 1.68e-014  1.21e-012  2.32e-002  2.60e-001  2.78e-004  3.17e-007  1.19e-005  2.29e-004  1.15e-008  3.80e-010  8.68e-012  6.48e-001  2.10e-004  3.63e-002  1.57e-004  1.68e-007  8.68e-006  2.55e-010  
4.74313e+016 1.68e-014  1.18e-012  2.32e-002  2.60e-001  2.78e-004  3.16e-007  1.19e-005  2.29e-004  1.15e-008  3.81e-010  8.68e-012  6.48e-001  2.11e-004  3.63e-002  1.57e-004  1.68e-007  8.68e-006  2.55e-010  
4.74348e+016 1.68e-014  9.84e-013  2.35e-002  2.58e-001  2.78e-004  3.14e-007  1.19e-005  2.29e-004  1.15e-008  3.84e-010  8.76e-012  6.50e-001  2.12e-004  3.64e-002  1.57e-004  1.69e-007  8.70e-006  2.53e-010  
4.74406e+016 1.66e-014  5.71e-013  2.41e-002  2.50e-001  2.79e-004  3.01e-007  1.18e-005  2.30e-004  1.14e-008  3.94e-010  8.84e-012  6.56e-001  2.14e-004  3.67e-002  1.59e-004  1.75e-007  8.72e-006  2.47e-010  
4.74503e+016 1.64e-014  2.14e-013  2.53e-002  2.38e-001  2.81e-004  2.68e-007  1.16e-005  2.32e-004  1.14e-008  4.11e-010  9.04e-012  6.66e-001  2.18e-004  3.72e-002  1.64e-004  1.84e-007  8.74e-006  2.39e-010  
4.74676e+016 1.61e-014  6.48e-014  2.72e-002  2.28e-001  2.82e-004  2.17e-007  1.11e-005  2.29e-004  1.20e-008  4.43e-010  9.22e-012  6.73e-001  2.24e-004  3.79e-002  1.74e-004  1.94e-007  8.59e-006  2.39e-010  
4.74972e+016 1.59e-014  2.88e-014  2.96e-002  2.32e-001  2.75e-004  1.82e-007  1.04e-005  2.20e-004  1.39e-008  4.95e-010  9.42e-012  6.65e-001  2.29e-004  3.80e-002  1.85e-004  1.93e-007  8.16e-006  2.44e-010  
4.75283e+016 1.61e-014  2.52e-014  3.15e-002  2.46e-001  2.63e-004  1.80e-007  9.67e-006  2.11e-004  1.63e-008  5.44e-010  9.67e-012  6.51e-001  2.29e-004  3.74e-002  1.89e-004  1.82e-007  7.75e-006  2.43e-010  
4.75365e+016 1.61e-014  2.52e-014  3.21e-002  2.52e-001  2.61e-004  1.83e-007  9.55e-006  2.11e-004  1.69e-008  5.59e-010  9.79e-012  6.45e-001  2.31e-004  3.74e-002  1.90e-004  1.80e-007  7.69e-006  2.44e-010  
4.75556e+016 1.64e-014  2.55e-014  3.32e-002  2.60e-001  2.53e-004  1.88e-007  9.11e-006  2.07e-004  1.82e-008  5.85e-010  1.00e-011  6.36e-001  2.29e-004  3.68e-002  1.88e-004  1.72e-007  7.52e-006  2.42e-010  
4.75856e+016 1.66e-014  2.61e-014  3.51e-002  2.75e-001  2.42e-004  1.98e-007  8.61e-006  2.05e-004  2.01e-008  6.32e-010  1.04e-011  6.20e-001  2.29e-004  3.61e-002  1.86e-004  1.63e-007  7.35e-006  2.40e-010  
4.76342e+016 1.69e-014  2.33e-014  3.89e-002  2.96e-001  2.27e-004  2.09e-007  7.99e-006  2.05e-004  2.28e-008  7.10e-010  1.12e-011  5.98e-001  2.31e-004  3.53e-002  1.81e-004  1.53e-007  7.16e-006  2.38e-010  
4.77120e+016 1.72e-014  1.40e-014  4.66e-002  3.21e-001  2.09e-004  2.14e-007  7.15e-006  2.05e-004  2.67e-008  8.49e-010  1.27e-011  5.66e-001  2.36e-004  3.44e-002  1.75e-004  1.42e-007  6.98e-006  2.42e-010  
4.78339e+016 1.77e-014  3.74e-015  6.11e-002  3.49e-001  1.82e-004  2.00e-007  5.82e-006  2.04e-004  3.39e-008  1.12e-009  1.50e-011  5.26e-001  2.44e-004  3.29e-002  1.67e-004  1.30e-007  6.62e-006  2.54e-010  
4.79819e+016 1.85e-014  4.48e-016  8.60e-002  3.80e-001  1.51e-004  1.77e-007  4.17e-006  2.01e-004  4.74e-008  1.60e-009  1.89e-011  4.74e-001  2.51e-004  3.07e-002  1.54e-004  1.09e-007  6.11e-006  2.81e-010  
4.80101e+016 1.87e-014  2.84e-016  9.15e-002  3.86e-001  1.45e-004  1.74e-007  3.84e-006  2.01e-004  5.09e-008  1.72e-009  1.98e-011  4.63e-001  2.52e-004  3.02e-002  1.50e-004  1.04e-007  6.05e-006  2.87e-010  
4.80156e+016 1.87e-014  2.57e-016  9.25e-002  3.87e-001  1.44e-004  1.73e-007  3.78e-006  2.01e-004  5.16e-008  1.75e-009  2.00e-011  4.61e-001  2.52e-004  3.01e-002  1.49e-004  1.04e-007  5.99e-006  2.88e-010  
4.80288e+016 1.88e-014  1.95e-016  9.53e-002  3.89e-001  1.42e-004  1.71e-007  3.64e-006  2.01e-004  5.32e-008  1.81e-009  2.06e-011  4.57e-001  2.52e-004  3.00e-002  1.47e-004  1.02e-007  5.96e-006  2.92e-010  
4.80511e+016 1.89e-014  1.16e-016  1.01e-001  3.91e-001  1.38e-004  1.68e-007  3.38e-006  2.01e-004  5.62e-008  1.93e-009  2.15e-011  4.50e-001  2.54e-004  2.97e-002  1.44e-004  9.85e-008  5.93e-006  3.01e-010  
4.80875e+016 1.91e-014  4.75e-017  1.10e-001  3.95e-001  1.31e-004  1.61e-007  2.96e-006  2.01e-004  6.18e-008  2.14e-009  2.32e-011  4.37e-001  2.56e-004  2.92e-002  1.38e-004  9.22e-008  5.81e-006  3.17e-010  
4.81463e+016 1.96e-014  1.26e-017  1.25e-001  4.06e-001  1.21e-004  1.57e-007  2.30e-006  1.99e-004  7.34e-008  2.54e-009  2.63e-011  4.14e-001  2.55e-004  2.81e-002  1.24e-004  7.95e-008  5.66e-006  3.38e-010  
4.82445e+016 2.11e-014  1.95e-018  1.51e-001  4.30e-001  1.02e-004  1.64e-007  1.42e-006  1.93e-004  9.76e-008  3.33e-009  3.23e-011  3.69e-001  2.49e-004  2.56e-002  9.67e-005  5.64e-008  5.26e-006  3.60e-010  
4.83636e+016 2.36e-014  2.15e-019  1.85e-001  4.57e-001  8.34e-005  1.85e-007  7.41e-007  1.83e-004  1.34e-007  4.53e-009  4.12e-011  3.13e-001  2.35e-004  2.23e-002  6.52e-005  3.48e-008  4.74e-006  3.77e-010  
4.84912e+016 2.70e-014  1.38e-020  2.29e-001  4.74e-001  6.82e-005  2.27e-007  3.46e-007  1.73e-004  1.81e-007  6.26e-009  5.34e-011  2.58e-001  2.18e-004  1.90e-002  4.04e-005  2.00e-008  4.26e-006  3.97e-010  
4.86294e+016 3.16e-014  4.46e-022  2.86e-001  4.77e-001  5.60e-005  3.07e-007  1.44e-007  1.62e-004  2.43e-007  8.85e-009  7.14e-011  2.04e-001  1.98e-004  1.57e-002  2.25e-005  1.07e-008  3.73e-006  4.24e-010  
4.87591e+016 3.75e-014  1.11e-023  3.47e-001  4.64e-001  4.91e-005  4.30e-007  6.35e-008  1.49e-004  3.07e-007  1.21e-008  9.31e-011  1.62e-001  1.77e-004  1.30e-002  1.32e-005  6.14e-009  3.34e-006  4.46e-010  
4.88968e+016 4.56e-014  1.38e-025  4.18e-001  4.36e-001  4.60e-005  6.35e-007  2.91e-008  1.37e-004  3.79e-007  1.67e-008  1.23e-010  1.24e-001  1.54e-004  1.07e-002  8.15e-006  3.88e-009  3.00e-006  4.64e-010  
4.90444e+016 5.75e-014  6.19e-028  5.06e-001  3.88e-001  4.54e-005  9.85e-007  1.40e-008  1.23e-004  4.43e-007  2.31e-008  1.65e-010  8.97e-002  1.31e-004  8.43e-003  5.37e-006  2.71e-009  2.69e-006  4.83e-010  
4.91980e+016 7.47e-014  9.88e-031  6.02e-001  3.21e-001  4.71e-005  1.57e-006  6.83e-009  1.10e-004  4.85e-007  3.17e-008  2.24e-010  6.33e-002  1.07e-004  6.41e-003  3.60e-006  2.02e-009  2.41e-006  4.99e-010  
4.93317e+016 9.61e-014  1.58e-033  6.88e-001  2.56e-001  5.00e-005  2.32e-006  3.55e-009  9.89e-005  4.86e-007  4.05e-008  2.86e-010  4.57e-002  8.79e-005  4.94e-003  2.47e-006  1.59e-009  2.18e-006  5.10e-010  
4.94239e+016 1.16e-013  1.12e-035  7.46e-001  2.11e-001  5.21e-005  3.00e-006  2.20e-009  9.15e-005  4.65e-007  4.72e-008  3.37e-010  3.56e-002  7.56e-005  4.07e-003  1.86e-006  1.35e-009  2.02e-006  5.13e-010  
4.95192e+016 1.42e-013  4.12e-038  7.98e-001  1.67e-001  5.48e-005  3.91e-006  1.31e-009  8.48e-005  4.30e-007  5.48e-008  4.00e-010  2.73e-002  6.42e-005  3.31e-003  1.36e-006  1.12e-009  1.89e-006  5.18e-010  
4.96202e+016 1.77e-013  6.67e-041  8.48e-001  1.27e-001  5.76e-005  5.06e-006  7.52e-010  7.80e-005  3.81e-007  6.33e-008  4.76e-010  2.04e-002  5.34e-005  2.63e-003  9.61e-007  9.21e-010  1.76e-006  5.18e-010  
4.97297e+016 2.27e-013  3.38e-044  8.91e-001  9.00e-002  6.09e-005  6.62e-006  4.04e-010  7.15e-005  3.20e-007  7.28e-008  5.78e-010  1.48e-002  4.34e-005  2.05e-003  6.57e-007  7.41e-010  1.64e-006  5.20e-010  
4.98461e+016 2.97e-013  4.14e-048  9.27e-001  5.96e-002  6.44e-005  8.53e-006  2.08e-010  6.54e-005  2.52e-007  8.32e-008  7.01e-010  1.04e-002  3.47e-005  1.55e-003  4.41e-007  5.86e-010  1.53e-006  5.22e-010  
4.99670e+016 3.93e-013  1.37e-052  9.53e-001  3.69e-002  6.79e-005  1.08e-005  1.06e-010  6.00e-005  1.87e-007  9.51e-008  8.62e-010  7.20e-003  2.75e-005  1.17e-003  3.00e-007  4.73e-010  1.44e-006  5.26e-010  
5.00936e+016 5.27e-013  7.16e-058  9.72e-001  2.11e-002  7.23e-005  1.35e-005  5.37e-011  5.53e-005  1.29e-007  1.09e-007  1.07e-009  4.90e-003  2.15e-005  8.70e-004  2.09e-007  3.84e-010  1.37e-006  5.41e-010  
5.02240e+016 7.06e-013  5.44e-064  9.84e-001  1.12e-002  7.67e-005  1.66e-005  2.75e-011  5.13e-005  8.28e-008  1.24e-007  1.34e-009  3.31e-003  1.67e-005  6.43e-004  1.52e-007  3.16e-010  1.31e-006  5.66e-010  
5.03584e+016 9.41e-013  5.29e-071  9.91e-001  5.45e-003  8.21e-005  1.99e-005  1.43e-011  4.80e-005  4.94e-008  1.43e-007  1.68e-009  2.26e-003  1.32e-005  4.78e-004  1.16e-007  2.62e-010  1.26e-006  6.06e-010  
5.05026e+016 1.26e-012  1.19e-079  9.95e-001  2.29e-003  8.76e-005  2.43e-005  7.17e-012  4.55e-005  2.60e-008  1.66e-007  2.17e-009  1.54e-003  1.04e-005  3.50e-004  9.16e-008  2.21e-010  1.23e-006  6.72e-010  
5.05959e+016 1.48e-012  0.00e+000  9.97e-001  1.32e-003  9.09e-005  2.86e-005  4.70e-012  4.47e-005  1.71e-008  1.87e-007  2.58e-009  1.25e-003  9.09e-006  2.90e-004  8.15e-008  2.02e-010  1.19e-006  7.27e-010  
5.06957e+016 1.77e-012  0.00e+000  9.98e-001  7.10e-004  9.53e-005  3.33e-005  2.98e-012  4.38e-005  1.07e-008  2.08e-007  3.08e-009  1.00e-003  7.89e-006  2.39e-004  7.16e-008  1.84e-010  1.16e-006  7.83e-010  
5.07988e+016 2.09e-012  0.00e+000  9.98e-001  3.70e-004  1.00e-004  3.92e-005  1.88e-012  4.36e-005  6.45e-009  2.35e-007  3.72e-009  8.12e-004  6.93e-006  2.00e-004  6.40e-008  1.70e-010  1.14e-006  8.60e-010  
5.09058e+016 2.47e-012  0.00e+000  9.99e-001  1.91e-004  1.06e-004  4.57e-005  1.18e-012  4.33e-005  3.87e-009  2.67e-007  4.49e-009  6.63e-004  6.10e-006  1.66e-004  5.70e-008  1.56e-010  1.11e-006  9.38e-010  
5.10237e+016 2.93e-012  0.00e+000  9.99e-001  9.00e-005  1.13e-004  5.42e-005  7.02e-013  4.36e-005  2.14e-009  3.08e-007  5.56e-009  5.35e-004  5.42e-006  1.38e-004  5.08e-008  1.45e-010  1.10e-006  1.04e-009  
5.11496e+016 3.49e-012  0.00e+000  9.99e-001  3.98e-005  1.19e-004  6.38e-005  4.06e-013  4.38e-005  1.13e-009  3.58e-007  6.90e-009  4.32e-004  4.81e-006  1.14e-004  4.52e-008  1.35e-010  1.09e-006  1.16e-009  
5.12843e+016 4.18e-012  0.00e+000  9.99e-001  1.68e-005  1.27e-004  7.55e-005  2.28e-013  4.42e-005  5.67e-010  4.16e-007  8.63e-009  3.44e-004  4.25e-006  9.39e-005  3.99e-008  1.26e-010  1.08e-006  1.30e-009  
5.14296e+016 5.06e-012  0.00e+000  9.99e-001  6.32e-006  1.35e-004  8.91e-005  1.21e-013  4.44e-005  2.57e-010  4.86e-007  1.09e-008  2.73e-004  3.75e-006  7.64e-005  3.50e-008  1.18e-010  1.07e-006  1.46e-009  
5.15425e+016 5.84e-012  0.00e+000  9.99e-001  3.08e-006  1.42e-004  1.01e-004  7.53e-014  4.50e-005  1.43e-010  5.48e-007  1.30e-008  2.28e-004  3.44e-006  6.54e-005  3.17e-008  1.13e-010  1.06e-006  1.59e-009  
5.16792e+016 6.89e-012  0.00e+000  9.99e-001  1.31e-006  1.49e-004  1.16e-004  4.32e-014  4.60e-005  7.12e-011  6.32e-007  1.61e-008  1.87e-004  3.13e-006  5.47e-005  2.81e-008  1.07e-010  1.06e-006  1.76e-009  
5.18319e+016 8.20e-012  0.00e+000  9.99e-001  4.85e-007  1.60e-004  1.37e-004  2.32e-014  4.75e-005  3.16e-011  7.41e-007  2.06e-008  1.50e-004  2.85e-006  4.51e-005  2.49e-008  1.03e-010  1.07e-006  1.96e-009  
5.19950e+016 9.76e-012  0.00e+000  9.99e-001  1.49e-007  1.70e-004  1.60e-004  1.13e-014  4.96e-005  1.18e-011  8.75e-007  2.68e-008  1.21e-004  2.63e-006  3.72e-005  2.19e-008  1.02e-010  1.09e-006  2.24e-009  
5.21655e+016 1.15e-011  0.00e+000  9.99e-001  4.84e-008  1.83e-004  1.90e-004  5.77e-015  5.26e-005  4.67e-012  1.04e-006  3.51e-008  9.73e-005  2.48e-006  3.07e-005  1.96e-008  1.03e-010  1.12e-006  2.61e-009  
5.23457e+016 1.36e-011  0.00e+000  9.99e-001  1.43e-008  1.98e-004  2.25e-004  2.82e-015  5.58e-005  1.68e-012  1.24e-006  4.63e-008  7.79e-005  2.34e-006  2.52e-005  1.74e-008  1.04e-010  1.16e-006  3.03e-009  
5.25384e+016 1.60e-011  0.00e+000  9.99e-001  4.53e-009  2.14e-004  2.68e-004  1.44e-015  6.00e-005  6.43e-013  1.49e-006  6.19e-008  6.25e-005  2.26e-006  2.07e-005  1.56e-008  1.08e-010  1.21e-006  3.55e-009  
5.27451e+016 1.87e-011  0.00e+000  9.99e-001  1.25e-009  2.33e-004  3.23e-004  6.95e-016  6.52e-005  2.17e-013  1.81e-006  8.39e-008  5.03e-005  2.23e-006  1.70e-005  1.40e-008  1.15e-010  1.27e-006  4.24e-009  
5.29668e+016 2.18e-011  0.00e+000  9.99e-001  3.84e-010  2.55e-004  3.91e-004  3.58e-016  7.10e-005  8.02e-014  2.22e-006  1.15e-007  4.02e-005  2.23e-006  1.39e-005  1.26e-008  1.24e-010  1.34e-006  5.09e-009  
5.31993e+016 2.52e-011  0.00e+000  9.99e-001  1.00e-010  2.80e-004  4.72e-004  1.72e-016  7.81e-005  2.57e-014  2.74e-006  1.56e-007  3.24e-005  2.27e-006  1.15e-005  1.14e-008  1.37e-010  1.42e-006  6.18e-009  
5.34440e+016 2.90e-011  0.00e+000  9.99e-001  3.19e-011  3.07e-004  5.72e-004  9.30e-017  8.58e-005  9.75e-015  3.39e-006  2.12e-007  2.62e-005  2.34e-006  9.47e-006  1.04e-008  1.52e-010  1.51e-006  7.54e-009  
5.36995e+016 3.31e-011  0.00e+000  9.99e-001  8.21e-012  3.38e-004  6.88e-004  4.56e-017  9.41e-005  3.05e-015  4.19e-006  2.87e-007  2.13e-005  2.45e-006  7.88e-006  9.45e-009  1.73e-010  1.60e-006  9.20e-009  
5.39765e+016 3.77e-011  0.00e+000  9.99e-001  2.63e-012  3.72e-004  8.34e-004  2.52e-017  1.04e-004  1.16e-015  5.23e-006  3.93e-007  1.75e-005  2.60e-006  6.53e-006  8.63e-009  1.98e-010  1.71e-006  1.13e-008  
5.42627e+016 4.24e-011  0.00e+000  9.98e-001  7.46e-013  4.11e-004  1.00e-003  1.32e-017  1.15e-004  3.89e-016  6.54e-006  5.31e-007  1.44e-005  2.79e-006  5.45e-006  7.91e-009  2.30e-010  1.82e-006  1.39e-008  
5.45738e+016 4.75e-011  0.00e+000  9.98e-001  1.92e-013  4.55e-004  1.21e-003  6.65e-018  1.28e-004  1.21e-016  8.21e-006  7.22e-007  1.19e-005  3.01e-006  4.57e-006  7.27e-009  2.72e-010  1.95e-006  1.72e-008  
5.49079e+016 5.29e-011  0.00e+000  9.98e-001  5.75e-014  5.06e-004  1.45e-003  3.65e-018  1.43e-004  4.25e-017  1.04e-005  9.85e-007  9.81e-006  3.31e-006  3.82e-006  6.69e-009  3.21e-010  2.08e-006  2.14e-008  
5.52575e+016 5.83e-011  0.00e+000  9.97e-001  1.57e-014  5.64e-004  1.73e-003  1.92e-018  1.60e-004  1.38e-017  1.31e-005  1.34e-006  8.26e-006  3.62e-006  3.22e-006  6.20e-009  3.86e-010  2.23e-006  2.62e-008  
5.56155e+016 6.37e-011  0.00e+000  9.97e-001  3.82e-015  6.27e-004  2.04e-003  9.55e-019  1.77e-004  3.99e-018  1.63e-005  1.79e-006  6.99e-006  3.96e-006  2.75e-006  5.79e-009  4.66e-010  2.40e-006  3.19e-008  
5.59918e+016 6.87e-011  0.00e+000  9.97e-001  1.19e-015  6.98e-004  2.37e-003  5.44e-019  1.98e-004  1.45e-018  2.05e-005  2.39e-006  6.05e-006  4.35e-006  2.37e-006  5.44e-009  5.59e-010  2.58e-006  3.86e-008  
5.63913e+016 7.36e-011  0.00e+000  9.96e-001  3.49e-016  7.80e-004  2.75e-003  3.00e-019  2.23e-004  4.93e-019  2.56e-005  3.18e-006  5.26e-006  4.78e-006  2.05e-006  5.15e-009  6.74e-010  2.79e-006  4.65e-008  
5.68226e+016 7.81e-011  0.00e+000  9.96e-001  8.98e-017  8.75e-004  3.14e-003  1.55e-019  2.50e-004  1.50e-019  3.20e-005  4.25e-006  4.63e-006  5.25e-006  1.78e-006  4.90e-009  8.25e-010  3.01e-006  5.55e-008  
5.72780e+016 8.20e-011  0.00e+000  9.95e-001  1.95e-017  9.88e-004  3.55e-003  7.41e-020  2.84e-004  3.95e-020  4.01e-005  5.73e-006  4.12e-006  5.74e-006  1.57e-006  4.73e-009  1.03e-009  3.32e-006  6.62e-008  
5.77650e+016 8.51e-011  0.00e+000  9.94e-001  5.65e-018  1.12e-003  3.96e-003  4.11e-020  3.28e-004  1.34e-020  5.03e-005  7.78e-006  3.71e-006  6.29e-006  1.40e-006  4.62e-009  1.26e-009  3.68e-006  7.81e-008  
5.82707e+016 8.72e-011  0.00e+000  9.94e-001  1.56e-018  1.27e-003  4.34e-003  2.24e-020  3.77e-004  4.37e-021  6.25e-005  1.05e-005  3.42e-006  6.86e-006  1.27e-006  4.57e-009  1.55e-009  4.08e-006  9.11e-008  
5.88124e+016 8.85e-011  0.00e+000  9.93e-001  3.72e-019  1.45e-003  4.70e-003  1.13e-020  4.35e-004  1.25e-021  7.77e-005  1.41e-005  3.16e-006  7.44e-006  1.16e-006  4.60e-009  1.93e-009  4.57e-006  1.06e-007  
5.93801e+016 8.87e-011  0.00e+000  9.93e-001  7.65e-020  1.66e-003  5.03e-003  5.32e-021  5.04e-004  3.19e-022  9.62e-005  1.88e-005  2.99e-006  8.05e-006  1.10e-006  4.69e-009  2.44e-009  5.13e-006  1.22e-007  
5.99878e+016 8.79e-011  0.00e+000  9.92e-001  2.06e-020  1.90e-003  5.32e-003  2.91e-021  5.86e-004  1.04e-022  1.18e-004  2.53e-005  2.86e-006  8.69e-006  1.18e-006  4.88e-009  3.05e-009  5.78e-006  1.40e-007  
6.06254e+016 8.62e-011  0.00e+000  9.91e-001  4.91e-021  2.18e-003  5.59e-003  1.50e-021  6.83e-004  3.05e-023  1.46e-004  3.37e-005  2.75e-006  9.36e-006  1.38e-006  5.18e-009  3.87e-009  6.52e-006  1.61e-007  
6.12860e+016 8.35e-011  0.00e+000  9.91e-001  1.17e-021  2.52e-003  5.86e-003  7.82e-022  7.94e-004  9.03e-024  1.77e-004  4.44e-005  2.72e-006  1.01e-005  1.64e-006  5.59e-009  4.91e-009  7.39e-006  1.83e-007  
6.19772e+016 8.02e-011  0.00e+000  9.90e-001  2.70e-022  2.90e-003  6.13e-003  4.05e-022  9.24e-004  2.63e-024  2.16e-004  5.83e-005  2.69e-006  1.08e-005  1.97e-006  6.14e-009  6.29e-009  8.36e-006  2.09e-007  
6.27006e+016 7.64e-011  0.00e+000  9.89e-001  6.05e-023  3.34e-003  6.46e-003  2.10e-022  1.08e-003  7.52e-025  2.59e-004  7.62e-005  2.72e-006  1.17e-005  2.38e-006  6.88e-009  8.13e-009  9.48e-006  2.40e-007  
6.34752e+016 7.20e-011  0.00e+000  9.87e-001  1.26e-023  3.87e-003  6.86e-003  1.06e-022  1.26e-003  2.03e-025  3.11e-004  9.94e-005  2.78e-006  1.26e-005  2.94e-006  7.85e-009  1.07e-008  1.08e-005  2.76e-007  
6.43223e+016 6.70e-011  0.00e+000  9.86e-001  2.34e-024  4.52e-003  7.41e-003  5.15e-023  1.48e-003  5.01e-026  3.76e-004  1.31e-004  2.89e-006  1.37e-005  3.70e-006  9.19e-009  1.44e-008  1.24e-005  3.22e-007  
6.52408e+016 6.18e-011  0.00e+000  9.84e-001  3.92e-025  5.31e-003  8.16e-003  2.43e-023  1.75e-003  1.14e-026  4.53e-004  1.72e-004  3.01e-006  1.51e-005  4.71e-006  1.10e-008  1.97e-008  1.42e-005  3.80e-007  
6.62440e+016 5.61e-011  0.00e+000  9.81e-001  5.81e-026  6.29e-003  9.16e-003  1.11e-023  2.08e-003  2.39e-027  5.49e-004  2.26e-004  3.24e-006  1.67e-005  6.15e-006  1.36e-008  2.80e-008  1.65e-005  4.56e-007  
6.73219e+016 5.05e-011  0.00e+000  9.78e-001  7.82e-027  7.47e-003  1.05e-002  4.93e-024  2.50e-003  4.59e-028  6.63e-004  2.99e-004  3.51e-006  1.87e-005  8.10e-006  1.73e-008  4.04e-008  1.92e-005  5.53e-007  
6.84641e+016 4.49e-011  0.00e+000  9.74e-001  9.88e-028  8.96e-003  1.22e-002  2.18e-024  2.99e-003  8.49e-029  8.03e-004  3.92e-004  3.88e-006  2.12e-005  1.08e-005  2.25e-008  5.93e-008  2.25e-005  6.78e-007  
6.96945e+016 3.94e-011  0.00e+000  9.69e-001  1.11e-028  1.08e-002  1.45e-002  9.36e-025  3.58e-003  1.44e-029  9.69e-004  5.18e-004  4.34e-006  2.43e-005  1.47e-005  2.99e-008  8.88e-008  2.66e-005  8.45e-007  
7.10391e+016 3.41e-011  0.00e+000  9.62e-001  1.22e-029  1.33e-002  1.76e-002  4.14e-025  4.34e-003  2.42e-030  1.18e-003  6.84e-004  4.99e-006  2.83e-005  2.03e-005  4.14e-008  1.36e-007  3.17e-005  1.07e-006  
7.25155e+016 2.91e-011  0.00e+000  9.54e-001  1.02e-030  1.65e-002  2.18e-002  1.65e-025  5.30e-003  3.26e-031  1.44e-003  9.05e-004  5.85e-006  3.34e-005  2.87e-005  5.96e-008  2.15e-007  3.86e-005  1.39e-006  
7.42223e+016 2.40e-011  0.00e+000  9.40e-001  6.45e-032  2.13e-002  2.82e-002  6.07e-026  6.66e-003  3.56e-032  1.80e-003  1.23e-003  7.20e-006  4.06e-005  4.24e-005  9.11e-008  3.57e-007  4.87e-005  1.87e-006  
7.63108e+016 1.91e-011  0.00e+000  9.19e-001  2.19e-033  2.87e-002  3.82e-002  1.81e-026  8.62e-003  2.35e-033  2.30e-003  1.72e-003  9.14e-006  5.11e-005  6.74e-005  1.53e-007  6.43e-007  6.43e-005  2.65e-006  
7.86896e+016 1.49e-011  0.00e+000  8.89e-001  5.66e-035  4.01e-002  5.31e-002  5.05e-027  1.13e-002  1.25e-034  2.96e-003  2.43e-003  1.24e-005  6.61e-005  1.11e-004  2.75e-007  1.21e-006  8.75e-005  3.88e-006  
8.18150e+016 1.07e-011  0.00e+000  8.34e-001  5.38e-037  6.13e-002  7.94e-002  1.03e-027  1.59e-002  3.03e-036  3.98e-003  3.66e-003  1.84e-005  9.14e-005  2.07e-004  5.90e-007  2.58e-006  1.31e-004  6.28e-006  
8.55776e+016 7.47e-012  0.00e+000  7.45e-001  2.68e-039  9.80e-002  1.21e-001  1.73e-028  2.28e-002  4.42e-038  5.34e-003  5.56e-003  2.88e-005  1.29e-004  4.06e-004  1.42e-006  5.84e-006  2.05e-004  1.06e-005  
9.00548e+016 5.19e-012  0.00e+000  6.09e-001  6.86e-042  1.59e-001  1.80e-001  2.39e-029  3.24e-002  3.80e-040  6.86e-003  8.21e-003  4.72e-005  1.81e-004  8.10e-004  3.72e-006  1.36e-005  3.28e-004  1.82e-005  
9.53916e+016 3.74e-012  0.00e+000  4.30e-001  8.93e-045  2.49e-001  2.50e-001  2.67e-030  4.36e-002  1.91e-042  8.02e-003  1.13e-002  7.65e-005  2.40e-004  1.55e-003  1.04e-005  3.13e-005  5.16e-004  3.05e-005  
1.01535e+017 2.96e-012  0.00e+000  2.54e-001  8.06e-048  3.54e-001  3.08e-001  2.66e-031  5.26e-002  7.15e-045  8.00e-003  1.36e-002  1.15e-004  2.87e-004  2.63e-003  2.79e-005  6.71e-005  7.42e-004  4.69e-005  
1.09249e+017 2.58e-012  0.00e+000  1.20e-001  3.36e-051  4.60e-001  3.30e-001  2.05e-032  5.65e-002  1.44e-047  6.54e-003  1.41e-002  1.66e-004  3.06e-004  3.95e-003  7.55e-005  1.42e-004  9.98e-004  6.93e-005  
1.19176e+017 2.40e-012  0.00e+000  5.17e-002  8.76e-055  5.50e-001  3.12e-001  1.35e-033  5.46e-002  1.87e-050  4.25e-003  1.21e-002  2.48e-004  3.04e-004  5.17e-003  1.93e-004  3.15e-004  1.30e-003  1.05e-004  
1.32448e+017 2.09e-012  0.00e+000  3.06e-002  2.53e-058  6.26e-001  2.68e-001  8.55e-035  4.87e-002  2.14e-053  2.16e-003  7.74e-003  4.48e-004  3.26e-004  5.87e-003  4.05e-004  8.36e-004  1.79e-003  2.06e-004  
