! 0       CH2OH + H2 -> H2CO + H + H2
! 1       *H2CO + He -> H2CO + He
! 2       *H + *HCO -> H2CO
! 3       *H2CO + H2 -> H2CO + H2
! 4       CH3O + H2 -> H2CO + H + H2
! 5       H2O + H3CO+ -> H2CO + H3O+
! 6       NH3 + H3CO+ -> H2CO + NH4+
! 7       *H2CO + CO -> H2CO + CO
! 8       CH3O + CH3 -> H2CO + CH4
! 9       H3CO+ + e- -> H2CO + H
! 10      CH3 + O -> H2CO + H
! 11      CH3O + H -> H2CO + H2
! 12      CH2OH + H -> H2CO + H2
! 13      CH2 + OH -> H2CO + H
! 14      CH3 + OH -> H2CO + H2
! 15      CH3OH+ + e- -> H2CO + H + H
! 16      CH3OCH2 + H2 -> H2CO + CH3 + H2
! 17      CH3OH2+ + e- -> H2CO + H2 + H
! 18      CH3OH + CRPhoton -> H2CO + H2
! 19      CH3 + O2 -> H2CO + OH
!            tot_rate   0          1          2          3          4          5          6          7          8          9          10         11         12         13         14         15         16         17         18         19         
1.58188e+013 4.74e-015  0.00e+000  0.00e+000  5.77e-001  0.00e+000  0.00e+000  2.51e-004  2.62e-003  0.00e+000  1.46e-006  1.74e-001  2.37e-001  3.34e-012  2.81e-005  5.62e-005  6.15e-005  5.53e-003  0.00e+000  4.96e-004  7.60e-005  0.00e+000  
3.50727e+014 4.74e-015  0.00e+000  0.00e+000  5.77e-001  0.00e+000  0.00e+000  2.51e-004  2.62e-003  0.00e+000  1.46e-006  1.74e-001  2.37e-001  3.34e-012  2.81e-005  5.62e-005  6.15e-005  5.53e-003  0.00e+000  4.96e-004  7.60e-005  0.00e+000  
5.21628e+015 4.73e-015  0.00e+000  0.00e+000  5.77e-001  0.00e+000  0.00e+000  2.51e-004  2.60e-003  0.00e+000  1.46e-006  1.74e-001  2.37e-001  3.34e-012  2.81e-005  5.62e-005  6.15e-005  5.51e-003  0.00e+000  4.94e-004  7.60e-005  0.00e+000  
2.67137e+016 4.40e-015  0.00e+000  0.00e+000  6.28e-001  0.00e+000  0.00e+000  9.64e-005  1.02e-003  0.00e+000  1.57e-006  1.10e-001  2.55e-001  3.73e-012  3.05e-005  5.80e-005  6.59e-005  3.52e-003  0.00e+000  2.82e-004  8.21e-005  0.00e+000  
3.33598e+016 3.99e-015  0.00e+000  0.00e+000  6.79e-001  0.00e+000  0.00e+000  2.83e-005  2.98e-004  0.00e+000  1.73e-006  4.24e-002  2.73e-001  7.52e-012  3.38e-005  5.36e-005  7.12e-005  1.47e-003  0.00e+000  1.17e-004  9.10e-005  0.00e+000  
3.42055e+016 3.44e-015  0.00e+000  0.00e+000  6.36e-001  0.00e+000  0.00e+000  2.41e-005  2.54e-004  2.86e-054  2.00e-006  4.15e-002  3.17e-001  1.50e-011  3.92e-005  5.98e-005  8.22e-005  1.48e-003  0.00e+000  1.17e-004  1.06e-004  0.00e+000  
3.44017e+016 3.28e-015  0.00e+000  0.00e+000  6.21e-001  0.00e+000  0.00e+000  2.33e-005  2.45e-004  5.94e-040  2.09e-006  4.14e-002  3.32e-001  1.93e-011  4.14e-005  6.21e-005  8.61e-005  1.50e-003  0.00e+000  1.18e-004  1.11e-004  0.00e+000  
3.46353e+016 3.08e-015  0.00e+000  0.00e+000  5.98e-001  0.00e+000  0.00e+000  2.24e-005  2.36e-004  2.92e-014  2.23e-006  4.16e-002  3.54e-001  2.81e-011  4.42e-005  6.53e-005  9.17e-005  1.53e-003  0.00e+000  1.20e-004  1.18e-004  0.00e+000  
3.48860e+016 2.85e-015  0.00e+000  0.00e+000  5.69e-001  0.00e+000  0.00e+000  2.16e-005  2.27e-004  1.23e-007  2.41e-006  4.18e-002  3.83e-001  4.71e-011  4.78e-005  6.99e-005  9.90e-005  1.58e-003  0.00e+000  1.22e-004  1.28e-004  0.00e+000  
3.51370e+016 2.60e-015  0.00e+000  0.00e+000  5.35e-001  0.00e+000  0.00e+000  2.08e-005  2.19e-004  4.27e-004  2.64e-006  4.20e-002  4.16e-001  9.28e-011  5.23e-005  7.70e-005  1.09e-004  1.64e-003  0.00e+000  1.25e-004  1.40e-004  0.00e+000  
3.53250e+016 2.42e-015  0.00e+000  0.00e+000  5.00e-001  0.00e+000  0.00e+000  2.02e-005  2.13e-004  4.63e-003  2.83e-006  4.21e-002  4.46e-001  1.78e-010  5.62e-005  8.59e-005  1.16e-004  1.69e-003  0.00e+000  1.26e-004  1.50e-004  0.00e+000  
3.55515e+016 2.24e-015  0.00e+000  0.00e+000  4.42e-001  0.00e+000  0.00e+000  1.93e-005  2.03e-004  2.67e-002  3.06e-006  4.10e-002  4.82e-001  4.78e-010  6.08e-005  1.09e-004  1.26e-004  1.72e-003  0.00e+000  1.32e-004  1.63e-004  0.00e+000  
3.57182e+016 2.17e-015  0.00e+000  2.84e-061  3.84e-001  0.00e+000  0.00e+000  1.82e-005  1.91e-004  7.18e-002  3.15e-006  3.86e-002  4.97e-001  1.16e-009  6.26e-005  1.36e-004  1.29e-004  1.68e-003  0.00e+000  1.39e-004  1.68e-004  0.00e+000  
3.58524e+016 2.21e-015  0.00e+000  5.83e-048  3.25e-001  0.00e+000  0.00e+000  1.65e-005  1.74e-004  1.44e-001  3.09e-006  3.47e-002  4.88e-001  2.66e-009  6.15e-005  1.58e-004  1.27e-004  1.56e-003  0.00e+000  1.38e-004  1.65e-004  0.00e+000  
3.60047e+016 2.17e-015  0.00e+000  1.25e-028  2.74e-001  0.00e+000  0.00e+000  1.53e-005  1.61e-004  1.89e-001  3.15e-006  3.15e-002  4.97e-001  8.60e-009  6.25e-005  1.91e-004  1.29e-004  1.47e-003  0.00e+000  1.44e-004  1.69e-004  0.00e+000  
3.61718e+016 2.20e-015  0.00e+000  4.29e-014  2.16e-001  1.23e-061  0.00e+000  1.37e-005  1.43e-004  2.56e-001  3.12e-006  2.67e-002  4.92e-001  4.03e-008  6.19e-005  2.23e-004  1.28e-004  1.32e-003  0.00e+000  1.46e-004  1.69e-004  0.00e+000  
3.62899e+016 2.30e-015  0.00e+000  1.89e-005  1.74e-001  3.75e-050  0.00e+000  1.20e-005  1.26e-004  3.21e-001  2.98e-006  2.26e-002  4.74e-001  1.41e-007  5.91e-005  2.35e-004  1.23e-004  1.16e-003  0.00e+000  1.43e-004  1.63e-004  0.00e+000  
3.63893e+016 2.48e-015  0.00e+000  4.01e-003  1.39e-001  2.62e-032  0.00e+000  1.04e-005  1.10e-004  3.90e-001  2.76e-006  1.92e-002  4.40e-001  4.44e-007  5.49e-005  2.36e-004  1.14e-004  1.02e-003  0.00e+000  1.36e-004  1.52e-004  0.00e+000  
3.64972e+016 6.27e-015  0.00e+000  5.52e-001  4.67e-002  1.19e-015  0.00e+000  3.83e-006  4.05e-005  2.17e-001  1.09e-006  7.72e-003  1.74e-001  7.52e-007  2.17e-005  1.01e-004  4.50e-005  4.19e-004  0.00e+000  5.50e-005  6.11e-005  0.00e+000  
3.66124e+016 2.91e-014  0.00e+000  8.81e-001  8.43e-003  7.12e-009  0.00e+000  7.64e-007  8.32e-006  7.09e-002  2.36e-007  1.75e-003  3.75e-002  8.57e-007  4.68e-006  2.37e-005  9.70e-006  9.70e-005  0.00e+000  1.23e-005  1.39e-005  9.46e-074  
3.67348e+016 1.22e-013  0.00e+000  9.60e-001  1.68e-003  6.60e-005  0.00e+000  1.85e-007  2.19e-006  2.84e-002  5.64e-008  4.46e-004  8.95e-003  1.28e-006  1.12e-006  6.16e-006  2.31e-006  2.52e-005  0.00e+000  3.08e-006  4.85e-006  1.97e-062  
3.68621e+016 4.03e-013  0.00e+000  9.56e-001  4.54e-004  2.48e-002  0.00e+000  7.45e-008  9.56e-007  1.61e-002  1.71e-008  1.46e-004  2.71e-003  2.53e-006  3.38e-007  2.03e-006  7.03e-007  8.39e-006  0.00e+000  1.00e-006  3.65e-006  1.10e-050  
3.69700e+016 1.06e-012  0.00e+000  9.00e-001  1.55e-004  8.75e-002  0.00e+000  5.16e-008  6.20e-007  1.13e-002  6.50e-009  6.00e-005  1.03e-003  4.33e-006  1.29e-007  8.34e-007  2.67e-007  3.52e-006  8.14e-073  4.25e-007  3.59e-006  2.42e-041  
3.70376e+016 1.89e-012  0.00e+000  8.62e-001  7.98e-005  1.28e-001  2.42e-073  4.92e-008  5.29e-007  9.78e-003  3.64e-009  3.55e-005  5.76e-004  5.71e-006  7.24e-008  4.90e-007  1.50e-007  2.11e-006  1.05e-061  2.67e-007  3.69e-006  5.55e-036  
3.71087e+016 3.37e-012  0.00e+000  8.20e-001  4.16e-005  1.71e-001  2.75e-059  5.23e-008  4.87e-007  9.03e-003  2.05e-009  2.14e-005  3.24e-004  7.34e-006  4.10e-008  2.91e-007  8.44e-008  1.29e-006  4.19e-051  1.81e-007  3.92e-006  7.16e-031  
3.71826e+016 6.07e-012  8.08e-072  7.87e-001  2.14e-005  2.04e-001  1.48e-046  5.79e-008  4.64e-007  8.79e-003  1.14e-009  1.28e-005  1.81e-004  8.61e-006  2.32e-008  1.71e-007  4.68e-008  7.87e-007  1.84e-041  1.35e-007  4.15e-006  3.08e-026  
3.72589e+016 1.10e-011  1.42e-055  7.56e-001  1.10e-005  2.35e-001  1.12e-035  6.61e-008  4.52e-007  9.06e-003  6.28e-010  7.69e-006  9.96e-005  9.06e-006  1.31e-008  1.01e-007  2.58e-008  4.89e-007  3.59e-033  1.16e-007  4.39e-006  2.81e-022  
3.73370e+016 2.01e-011  1.43e-042  7.32e-001  5.72e-006  2.58e-001  5.63e-027  7.62e-008  4.47e-007  9.81e-003  3.46e-010  4.70e-006  5.53e-005  8.41e-006  7.62e-009  6.07e-008  1.42e-008  3.15e-007  1.72e-026  1.14e-007  4.65e-006  4.09e-019  
3.74165e+016 3.63e-011  8.38e-033  7.03e-001  3.00e-006  2.87e-001  1.83e-020  8.93e-008  4.44e-007  1.08e-002  1.93e-010  2.95e-006  3.06e-005  6.97e-006  4.66e-009  3.94e-008  7.94e-009  2.15e-007  2.03e-021  1.28e-007  4.96e-006  9.42e-017  
3.74829e+016 5.90e-011  9.41e-027  6.88e-001  1.73e-006  3.00e-001  1.80e-016  1.02e-007  4.39e-007  1.15e-002  1.19e-010  2.03e-006  1.90e-005  5.53e-006  3.48e-009  3.54e-008  4.92e-009  1.66e-007  3.15e-018  1.50e-007  5.24e-006  2.59e-015  
3.75505e+016 9.33e-011  7.02e-022  6.66e-001  1.00e-006  3.23e-001  2.19e-013  1.22e-007  4.36e-007  1.19e-002  7.58e-011  1.49e-006  1.21e-005  4.27e-006  4.02e-009  4.67e-008  3.13e-009  1.41e-007  1.40e-015  1.88e-007  5.69e-006  3.32e-014  
3.76194e+016 1.39e-010  1.25e-017  6.54e-001  5.94e-007  3.34e-001  6.31e-011  1.56e-007  4.37e-007  1.19e-002  5.12e-011  1.18e-006  8.17e-006  3.37e-006  1.03e-008  7.04e-008  2.11e-009  1.38e-007  3.64e-013  2.54e-007  6.52e-006  2.61e-013  
3.76839e+016 1.88e-010  4.17e-014  6.34e-001  3.59e-007  3.55e-001  5.19e-009  2.09e-007  4.39e-007  1.19e-002  3.87e-011  1.06e-006  6.12e-006  2.87e-006  3.75e-008  8.78e-008  1.57e-009  1.54e-007  5.00e-011  3.66e-007  7.88e-006  1.37e-012  
3.76854e+016 1.89e-010  4.92e-014  6.34e-001  3.54e-007  3.54e-001  5.65e-009  2.10e-007  4.39e-007  1.19e-002  3.84e-011  1.06e-006  6.08e-006  2.86e-006  3.86e-008  8.82e-008  1.56e-009  1.54e-007  5.55e-011  3.69e-007  7.93e-006  1.42e-012  
3.76877e+016 1.91e-010  6.49e-014  6.34e-001  3.47e-007  3.54e-001  6.60e-009  2.13e-007  4.39e-007  1.19e-002  3.81e-011  1.06e-006  6.02e-006  2.85e-006  4.06e-008  8.85e-008  1.55e-009  1.55e-007  6.60e-011  3.74e-007  8.01e-006  1.50e-012  
3.76917e+016 1.93e-010  1.03e-013  6.32e-001  3.36e-007  3.56e-001  8.45e-009  2.19e-007  4.41e-007  1.19e-002  3.77e-011  1.06e-006  5.96e-006  2.84e-006  4.43e-008  8.91e-008  1.53e-009  1.58e-007  8.86e-011  3.85e-007  8.13e-006  1.66e-012  
3.76980e+016 1.98e-010  2.13e-013  6.32e-001  3.17e-007  3.56e-001  1.24e-008  2.26e-007  4.41e-007  1.19e-002  3.69e-011  1.06e-006  5.81e-006  2.82e-006  5.05e-008  8.95e-008  1.50e-009  1.61e-007  1.41e-010  4.01e-007  8.34e-006  1.93e-012  
3.77083e+016 2.05e-010  6.80e-013  6.31e-001  2.86e-007  3.57e-001  2.32e-008  2.40e-007  4.43e-007  1.19e-002  3.59e-011  1.06e-006  5.62e-006  2.78e-006  6.31e-008  9.04e-008  1.45e-009  1.67e-007  2.97e-010  4.31e-007  8.75e-006  2.45e-012  
3.77248e+016 2.12e-010  4.23e-012  6.29e-001  2.38e-007  3.59e-001  6.19e-008  2.70e-007  4.54e-007  1.21e-002  3.52e-011  1.09e-006  5.48e-006  2.80e-006  9.22e-008  9.26e-008  1.41e-009  1.82e-007  9.88e-010  4.96e-007  9.60e-006  3.65e-012  
3.77450e+016 2.12e-010  3.66e-011  6.23e-001  1.56e-007  3.65e-001  2.01e-007  3.24e-007  4.86e-007  1.20e-002  3.60e-011  1.18e-006  5.48e-006  2.95e-006  1.51e-007  9.73e-008  1.43e-009  2.10e-007  4.29e-009  6.09e-007  1.13e-005  6.04e-012  
3.77655e+016 4.41e-011  1.30e-009  6.16e-001  2.42e-008  3.72e-001  2.83e-006  1.84e-006  2.49e-006  1.17e-002  1.79e-010  6.12e-006  2.65e-005  1.50e-005  1.20e-006  4.87e-007  6.98e-009  1.18e-006  8.43e-008  3.60e-006  6.46e-005  4.60e-011  
3.77936e+016 4.34e-014  8.97e-006  5.23e-001  1.48e-007  3.23e-001  7.75e-003  2.06e-003  2.77e-003  9.61e-003  1.95e-007  6.98e-003  2.72e-002  1.66e-002  2.17e-003  5.26e-004  7.47e-006  1.47e-003  3.50e-004  4.82e-003  6.71e-002  7.10e-008  
3.78016e+016 1.07e-014  6.03e-005  2.42e-001  3.00e-007  1.50e-001  4.14e-002  8.55e-003  1.15e-002  4.41e-003  8.06e-007  2.92e-002  1.10e-001  6.94e-002  1.01e-002  2.18e-003  3.08e-005  6.30e-003  2.06e-003  2.09e-002  2.72e-001  3.23e-007  
3.78111e+016 7.07e-015  1.64e-004  2.95e-002  2.16e-007  1.85e-002  8.71e-002  1.33e-002  1.80e-002  5.30e-004  1.25e-006  4.58e-002  1.67e-001  1.08e-001  1.80e-002  3.38e-003  4.78e-005  1.01e-002  4.79e-003  3.42e-002  4.11e-001  5.63e-007  
3.78273e+016 7.47e-015  4.12e-004  5.30e-003  6.95e-008  3.35e-003  1.43e-001  1.33e-002  1.78e-002  9.35e-005  1.25e-006  4.62e-002  1.59e-001  1.09e-001  2.17e-002  3.36e-003  4.77e-005  1.06e-002  9.24e-003  3.68e-002  3.90e-001  6.76e-007  
3.78530e+016 9.44e-015  1.42e-003  3.99e-003  2.39e-008  2.55e-003  2.71e-001  1.13e-002  1.53e-002  6.84e-005  1.09e-006  4.03e-002  1.28e-001  9.60e-002  2.45e-002  2.97e-003  4.21e-005  9.68e-003  2.13e-002  3.50e-002  3.09e-001  7.76e-007  
3.78818e+016 1.43e-014  4.36e-003  2.58e-003  1.26e-008  1.70e-003  4.57e-001  8.10e-003  1.09e-002  4.31e-005  8.24e-007  2.95e-002  8.59e-002  7.26e-002  2.32e-002  2.30e-003  3.31e-005  7.40e-003  4.23e-002  2.76e-002  2.04e-001  7.68e-007  
3.79076e+016 2.38e-014  9.35e-003  1.53e-003  6.54e-009  1.03e-003  6.12e-001  5.24e-003  7.05e-003  2.50e-005  5.70e-007  1.94e-002  5.28e-002  4.95e-002  1.89e-002  1.66e-003  2.45e-005  5.03e-003  6.04e-002  1.93e-002  1.22e-001  6.63e-007  
3.79253e+016 3.56e-014  1.43e-002  1.01e-003  4.16e-009  6.97e-004  6.94e-001  3.68e-003  4.95e-003  1.64e-005  4.27e-007  1.39e-002  3.65e-002  3.65e-002  1.54e-002  1.29e-003  1.95e-005  3.65e-003  6.72e-002  1.43e-002  8.21e-002  5.68e-007  
3.79502e+016 6.42e-014  2.32e-002  5.58e-004  2.13e-009  3.88e-004  7.77e-001  2.18e-003  2.93e-003  8.80e-006  2.82e-007  8.35e-003  2.12e-002  2.32e-002  1.11e-002  8.96e-004  1.43e-005  2.24e-003  6.53e-002  8.97e-003  4.55e-002  4.42e-007  
3.79755e+016 1.17e-013  3.54e-002  3.05e-004  1.12e-009  2.14e-004  8.33e-001  1.27e-003  1.72e-003  4.70e-006  1.90e-007  4.98e-003  1.24e-002  1.43e-002  7.90e-003  6.29e-004  1.08e-005  1.37e-003  5.22e-002  5.55e-003  2.49e-002  3.47e-007  
3.79897e+016 1.62e-013  4.36e-002  2.19e-004  7.91e-010  1.56e-004  8.52e-001  9.57e-004  1.28e-003  3.35e-006  1.55e-007  3.77e-003  9.33e-003  1.11e-002  6.55e-003  5.22e-004  9.51e-006  1.04e-003  4.35e-002  4.28e-003  1.80e-002  3.08e-007  
3.79918e+016 1.71e-013  4.48e-002  2.08e-004  7.50e-010  1.48e-004  8.55e-001  9.14e-004  1.22e-003  3.16e-006  1.50e-007  3.60e-003  8.90e-003  1.06e-002  6.33e-003  5.06e-004  9.26e-006  9.96e-004  4.21e-002  4.10e-003  1.71e-002  3.01e-007  
3.79956e+016 1.85e-013  4.72e-002  1.91e-004  6.86e-010  1.37e-004  8.59e-001  8.48e-004  1.14e-003  2.91e-006  1.43e-007  3.36e-003  8.32e-003  9.94e-003  6.05e-003  4.83e-004  9.02e-006  9.29e-004  4.01e-002  3.85e-003  1.58e-002  2.93e-007  
3.80017e+016 2.12e-013  5.10e-002  1.67e-004  6.00e-010  1.20e-004  8.64e-001  7.55e-004  1.01e-003  2.52e-006  1.32e-007  3.00e-003  7.46e-003  8.92e-003  5.62e-003  4.48e-004  8.64e-006  8.31e-004  3.69e-002  3.45e-003  1.38e-002  2.80e-007  
3.80129e+016 2.69e-013  5.91e-002  1.31e-004  4.65e-010  9.48e-005  8.70e-001  6.09e-004  8.18e-004  1.96e-006  1.15e-007  2.44e-003  6.13e-003  7.36e-003  4.91e-003  3.94e-004  7.99e-006  6.84e-004  3.18e-002  2.85e-003  1.09e-002  2.60e-007  
3.80319e+016 3.99e-013  7.39e-002  8.77e-005  3.11e-010  6.46e-005  8.72e-001  4.31e-004  5.79e-004  1.31e-006  9.29e-008  1.75e-003  4.46e-003  5.31e-003  3.93e-003  3.16e-004  7.22e-006  4.91e-004  2.58e-002  2.08e-003  7.32e-003  2.34e-007  
3.80578e+016 6.54e-013  9.90e-002  5.34e-005  1.93e-010  3.98e-005  8.61e-001  2.80e-004  3.75e-004  7.80e-007  7.27e-008  1.15e-003  3.09e-003  3.46e-003  3.00e-003  2.39e-004  6.59e-006  3.27e-004  2.08e-002  1.41e-003  4.47e-003  2.16e-007  
3.80629e+016 7.14e-013  1.05e-001  4.89e-005  1.78e-010  3.66e-005  8.58e-001  2.61e-004  3.48e-004  7.12e-007  6.98e-008  1.07e-003  2.90e-003  3.20e-003  2.87e-003  2.27e-004  6.54e-006  3.06e-004  2.00e-002  1.31e-003  4.09e-003  2.14e-007  
3.80713e+016 8.18e-013  1.14e-001  4.27e-005  1.56e-010  3.19e-005  8.51e-001  2.32e-004  3.09e-004  6.17e-007  6.59e-008  9.59e-004  2.64e-003  2.82e-003  2.69e-003  2.11e-004  6.53e-006  2.74e-004  1.91e-002  1.18e-003  3.57e-003  2.14e-007  
3.80859e+016 1.02e-012  1.33e-001  3.43e-005  1.30e-010  2.57e-005  8.35e-001  1.93e-004  2.56e-004  4.92e-007  6.05e-008  8.04e-004  2.28e-003  2.30e-003  2.41e-003  1.86e-004  6.58e-006  2.31e-004  1.79e-002  1.00e-003  2.88e-003  2.18e-007  
3.81083e+016 1.39e-012  1.68e-001  2.50e-005  9.99e-011  1.91e-005  8.05e-001  1.49e-004  1.97e-004  3.53e-007  5.39e-008  6.27e-004  1.87e-003  1.67e-003  2.09e-003  1.54e-004  6.78e-006  1.80e-004  1.68e-002  7.90e-004  2.10e-003  2.33e-007  
3.81265e+016 1.73e-012  2.02e-001  2.00e-005  8.48e-011  1.56e-005  7.73e-001  1.25e-004  1.65e-004  2.81e-007  5.09e-008  5.29e-004  1.65e-003  1.30e-003  1.91e-003  1.34e-004  7.21e-006  1.53e-004  1.58e-002  6.75e-004  1.69e-003  2.61e-007  
3.81480e+016 2.15e-012  2.48e-001  1.61e-005  7.41e-011  1.27e-005  7.32e-001  1.07e-004  1.39e-004  2.25e-007  5.08e-008  4.54e-004  1.50e-003  9.98e-004  1.77e-003  1.14e-004  8.07e-006  1.31e-004  1.29e-002  5.83e-004  1.37e-003  3.16e-007  
3.81769e+016 2.85e-012  3.13e-001  1.22e-005  6.39e-011  9.72e-006  6.70e-001  8.64e-005  1.11e-004  1.67e-007  5.51e-008  3.69e-004  1.37e-003  6.99e-004  1.58e-003  8.71e-005  9.79e-006  1.07e-004  9.79e-003  4.81e-004  1.03e-003  4.53e-007  
3.81836e+016 3.03e-012  3.28e-001  1.15e-005  6.24e-011  9.14e-006  6.56e-001  8.25e-005  1.06e-004  1.57e-007  5.81e-008  3.53e-004  1.36e-003  6.47e-004  1.54e-003  8.12e-005  1.04e-005  1.02e-004  9.20e-003  4.59e-004  9.67e-004  5.05e-007  
3.81952e+016 3.37e-012  3.53e-001  1.04e-005  5.97e-011  8.29e-006  6.33e-001  7.63e-005  9.77e-005  1.41e-007  6.47e-008  3.27e-004  1.36e-003  5.70e-004  1.47e-003  7.13e-005  1.16e-005  9.44e-005  8.32e-003  4.28e-004  8.70e-004  6.15e-007  
3.82149e+016 4.09e-012  3.91e-001  8.58e-006  5.43e-011  6.95e-006  5.97e-001  6.58e-005  8.36e-005  1.15e-007  8.29e-008  2.81e-004  1.35e-003  4.65e-004  1.36e-003  5.43e-005  1.38e-005  8.17e-005  6.87e-003  3.72e-004  7.17e-004  8.95e-007  
3.82433e+016 5.61e-012  4.40e-001  6.31e-006  4.47e-011  5.22e-006  5.51e-001  5.13e-005  6.42e-005  8.43e-008  1.33e-007  2.19e-004  1.27e-003  3.55e-004  1.21e-003  3.23e-005  1.72e-005  6.34e-005  4.95e-003  2.90e-004  5.22e-004  1.61e-006  
3.82740e+016 8.45e-012  5.03e-001  4.25e-006  3.03e-011  3.54e-006  4.91e-001  3.64e-005  4.51e-005  5.59e-008  2.25e-007  1.56e-004  9.51e-004  2.66e-004  1.12e-003  1.50e-005  1.77e-005  4.52e-005  3.16e-003  2.08e-004  3.47e-004  2.83e-006  
3.83054e+016 1.42e-011  5.95e-001  2.54e-006  1.37e-011  2.13e-006  4.01e-001  2.31e-005  2.84e-005  3.31e-008  3.37e-007  9.94e-005  4.76e-004  1.86e-004  1.11e-003  5.16e-006  1.28e-005  2.90e-005  1.71e-003  1.33e-004  2.06e-004  4.14e-006  
3.83376e+016 2.61e-011  7.08e-001  1.38e-006  4.55e-012  1.18e-006  2.89e-001  1.33e-005  1.63e-005  1.78e-008  3.90e-007  5.78e-005  1.39e-004  1.17e-004  1.13e-003  1.32e-006  5.97e-006  1.73e-005  7.69e-004  7.66e-005  1.11e-004  4.67e-006  
3.83751e+016 5.52e-011  8.31e-001  6.72e-007  1.57e-012  5.85e-007  1.67e-001  6.70e-006  8.16e-006  8.58e-009  2.99e-007  2.93e-005  1.59e-005  5.94e-005  1.16e-003  2.61e-007  1.86e-006  9.47e-006  2.44e-004  3.87e-005  5.07e-005  3.78e-006  
3.84132e+016 1.13e-010  9.21e-001  3.51e-007  7.11e-013  3.07e-007  7.73e-002  3.48e-006  4.23e-006  4.42e-009  1.41e-007  1.54e-005  1.12e-006  2.47e-005  1.16e-003  9.57e-008  8.70e-007  5.82e-006  5.91e-005  2.00e-005  2.30e-005  2.36e-006  
3.84531e+016 2.15e-010  9.71e-001  2.05e-007  3.98e-013  1.82e-007  2.77e-002  1.94e-006  2.36e-006  2.55e-009  5.11e-008  8.64e-006  2.32e-007  8.18e-006  1.14e-003  6.60e-008  7.34e-007  4.27e-006  9.06e-006  1.09e-005  1.03e-005  1.50e-006  
3.84962e+016 3.50e-010  9.90e-001  1.49e-007  2.91e-013  1.35e-007  8.65e-003  1.27e-006  1.54e-006  1.85e-009  1.84e-008  5.68e-006  1.62e-007  2.39e-006  1.12e-003  6.33e-008  8.16e-007  3.99e-006  6.71e-007  6.79e-006  4.39e-006  1.26e-006  
3.85449e+016 4.13e-010  9.96e-001  1.55e-007  3.44e-013  1.42e-007  2.93e-003  1.16e-006  1.40e-006  1.90e-009  7.75e-009  5.19e-006  1.83e-007  7.75e-007  1.10e-003  9.77e-008  9.67e-007  5.11e-006  1.39e-008  5.60e-006  1.66e-006  1.41e-006  
3.85990e+016 2.63e-010  9.98e-001  2.70e-007  8.00e-013  2.49e-007  9.64e-004  1.97e-006  2.38e-006  3.28e-009  3.03e-009  8.76e-006  3.85e-007  2.49e-007  1.12e-003  2.22e-007  1.11e-006  1.04e-005  1.45e-009  8.04e-006  4.68e-007  2.74e-006  
3.86597e+016 7.23e-011  9.99e-001  8.51e-007  3.55e-012  7.99e-007  1.78e-004  7.66e-006  9.18e-006  1.03e-008  6.86e-010  3.42e-005  2.27e-006  4.56e-008  1.15e-003  9.67e-007  2.30e-006  3.83e-005  7.50e-009  2.56e-005  5.77e-008  1.25e-005  
3.87288e+016 1.03e-011  9.98e-001  3.70e-006  2.11e-011  3.53e-006  1.39e-004  5.63e-005  6.57e-005  4.46e-008  7.19e-010  2.49e-004  3.58e-005  3.63e-008  1.19e-003  2.00e-005  2.34e-005  2.31e-004  5.63e-008  1.50e-004  4.93e-009  1.20e-004  
3.88139e+016 8.67e-013  9.84e-001  1.51e-005  1.25e-010  1.44e-005  1.32e-003  6.74e-004  7.32e-004  1.81e-007  9.32e-009  2.93e-003  1.05e-003  3.69e-007  1.27e-003  1.06e-003  5.99e-004  2.15e-003  3.97e-007  1.42e-003  2.42e-009  1.95e-003  
3.89093e+016 6.75e-014  7.57e-001  2.73e-005  3.59e-010  2.64e-005  1.42e-002  8.33e-003  7.84e-003  3.22e-007  1.23e-007  3.54e-002  2.88e-002  4.52e-006  1.10e-003  5.45e-002  1.56e-002  2.02e-002  1.25e-006  1.37e-002  1.81e-009  3.04e-002  
3.90068e+016 2.76e-014  1.11e-001  4.52e-006  8.61e-011  4.45e-006  2.95e-002  1.92e-002  1.45e-002  5.36e-008  2.72e-007  7.89e-002  1.21e-001  1.11e-005  1.93e-004  3.87e-001  6.44e-002  3.44e-002  3.14e-007  2.49e-002  9.84e-010  7.82e-002  
3.91088e+016 3.98e-014  8.38e-003  1.39e-006  1.28e-011  1.38e-006  1.75e-002  1.24e-002  7.10e-003  1.64e-008  1.58e-007  4.89e-002  1.22e-001  8.33e-006  1.82e-005  6.07e-001  6.55e-002  1.60e-002  5.55e-008  1.26e-002  3.11e-010  5.20e-002  
3.92181e+016 6.22e-014  2.27e-003  1.27e-006  1.22e-011  1.26e-006  9.69e-003  7.33e-003  3.07e-003  1.49e-008  8.15e-008  2.73e-002  1.02e-001  6.11e-006  6.51e-006  7.30e-001  5.53e-002  6.56e-003  3.99e-008  5.87e-003  1.06e-010  2.99e-002  
3.93325e+016 9.00e-014  1.03e-003  1.23e-006  1.38e-011  1.22e-006  5.93e-003  4.61e-003  1.43e-003  1.44e-008  4.51e-008  1.62e-002  8.29e-002  5.07e-006  4.04e-006  8.02e-001  4.63e-002  2.78e-003  3.23e-008  3.01e-003  4.29e-011  1.80e-002  
3.94519e+016 1.19e-013  5.73e-004  1.27e-006  1.63e-011  1.26e-006  4.05e-003  3.13e-003  7.57e-004  1.49e-008  2.78e-008  1.03e-002  6.87e-002  4.71e-006  3.06e-006  8.46e-001  3.99e-002  1.24e-003  2.74e-008  1.76e-003  2.14e-011  1.16e-002  
3.95803e+016 1.49e-013  3.70e-004  1.35e-006  1.93e-011  1.34e-006  3.00e-003  2.24e-003  4.42e-004  1.60e-008  1.88e-008  6.80e-003  5.77e-002  4.73e-006  2.67e-006  8.75e-001  3.54e-002  5.58e-004  2.37e-008  1.16e-003  1.29e-011  7.88e-003  
3.97190e+016 1.72e-013  2.81e-004  1.49e-006  2.32e-011  1.47e-006  2.40e-003  1.69e-003  2.88e-004  1.76e-008  1.42e-008  4.69e-003  4.98e-002  5.06e-006  2.71e-006  8.93e-001  3.30e-002  2.56e-004  2.13e-008  8.76e-004  9.40e-012  5.74e-003  
3.98699e+016 1.90e-013  2.45e-004  1.62e-006  2.74e-011  1.60e-006  2.04e-003  1.33e-003  2.09e-004  1.95e-008  1.16e-008  3.33e-003  4.36e-002  5.58e-006  3.07e-006  9.06e-001  3.20e-002  1.16e-004  1.98e-008  7.32e-004  8.11e-012  4.44e-003  
4.00514e+016 1.98e-013  2.41e-004  1.79e-006  3.26e-011  1.75e-006  1.81e-003  1.06e-003  1.64e-004  2.18e-008  1.04e-008  2.37e-003  3.87e-002  6.41e-006  3.88e-006  9.13e-001  3.27e-002  4.87e-005  1.92e-008  6.56e-004  8.07e-012  3.59e-003  
4.02549e+016 1.97e-013  2.57e-004  1.96e-006  3.81e-011  1.87e-006  1.66e-003  8.67e-004  1.42e-004  2.43e-008  9.88e-009  1.71e-003  3.47e-002  7.25e-006  5.12e-006  9.17e-001  3.50e-002  1.95e-005  1.92e-008  6.23e-004  9.02e-012  3.04e-003  
4.04761e+016 1.87e-013  2.90e-004  2.15e-006  4.43e-011  2.00e-006  1.55e-003  7.26e-004  1.34e-004  2.73e-008  9.93e-009  1.26e-003  3.16e-002  8.06e-006  6.94e-006  9.18e-001  3.93e-002  7.58e-006  1.97e-008  6.14e-004  1.10e-011  2.67e-003  
4.07070e+016 1.72e-013  3.39e-004  2.39e-006  5.18e-011  2.17e-006  1.47e-003  6.24e-004  1.37e-004  3.14e-008  1.02e-008  9.73e-004  2.91e-002  8.74e-006  9.21e-006  9.15e-001  4.57e-002  2.94e-006  2.05e-008  6.18e-004  1.43e-011  2.40e-003  
4.09451e+016 1.53e-013  4.01e-004  2.77e-006  6.21e-011  2.45e-006  1.39e-003  5.49e-004  1.47e-004  3.75e-008  1.06e-008  7.72e-004  2.71e-002  9.16e-006  1.21e-005  9.09e-001  5.46e-002  1.13e-006  2.12e-008  6.30e-004  1.94e-011  2.17e-003  
4.11988e+016 1.29e-013  4.99e-004  3.45e-006  7.96e-011  2.97e-006  1.35e-003  5.08e-004  1.71e-004  4.89e-008  1.13e-008  6.50e-004  2.61e-002  9.59e-006  1.62e-005  8.97e-001  6.86e-002  4.25e-007  2.25e-008  6.66e-004  2.85e-011  1.99e-003  
4.14624e+016 1.05e-013  6.37e-004  4.59e-006  1.10e-010  3.79e-006  1.33e-003  4.95e-004  2.11e-004  6.82e-008  1.20e-008  5.84e-004  2.59e-002  1.01e-005  2.20e-005  8.76e-001  8.95e-002  1.57e-007  2.40e-008  7.20e-004  4.48e-011  1.81e-003  
4.17462e+016 8.00e-014  8.48e-004  6.58e-006  1.74e-010  5.16e-006  1.36e-003  5.19e-004  2.81e-004  1.03e-007  1.29e-008  5.69e-004  2.72e-002  1.07e-005  3.07e-005  8.41e-001  1.24e-001  5.59e-008  2.54e-008  8.03e-004  7.75e-011  1.59e-003  
4.20512e+016 5.69e-014  1.15e-003  9.62e-006  3.32e-010  7.26e-006  1.42e-003  5.84e-004  3.98e-004  1.63e-007  1.35e-008  6.02e-004  3.11e-002  1.16e-005  4.31e-005  7.79e-001  1.81e-001  2.08e-008  2.43e-008  9.16e-004  1.47e-010  1.32e-003  
4.23867e+016 3.73e-014  1.58e-003  1.33e-005  8.58e-010  9.41e-006  1.55e-003  7.07e-004  5.76e-004  2.45e-007  1.37e-008  6.86e-004  3.94e-002  1.31e-005  6.06e-005  6.75e-001  2.76e-001  1.05e-008  1.75e-008  1.08e-003  3.08e-010  9.81e-004  
4.27356e+016 2.41e-014  2.12e-003  1.54e-005  3.03e-009  1.02e-005  1.74e-003  8.68e-004  7.94e-004  3.14e-007  1.34e-008  8.02e-004  5.28e-002  1.51e-005  8.27e-005  5.24e-001  4.13e-001  9.02e-009  8.14e-009  1.30e-003  6.98e-010  6.61e-004  
4.30994e+016 1.68e-014  2.72e-003  1.46e-005  1.34e-008  9.16e-006  1.96e-003  1.02e-003  9.87e-004  3.40e-007  1.28e-008  9.04e-004  8.15e-002  1.79e-005  1.08e-004  3.51e-001  5.55e-001  9.87e-009  3.66e-009  1.58e-003  1.68e-009  3.81e-004  
4.34671e+016 1.40e-014  3.22e-003  1.37e-005  6.09e-008  7.91e-006  2.22e-003  1.09e-003  1.08e-003  3.65e-007  1.28e-008  9.27e-004  1.25e-001  2.19e-005  1.30e-004  2.21e-001  6.40e-001  1.10e-008  2.15e-009  1.79e-003  4.01e-009  1.87e-004  
4.38104e+016 1.13e-014  4.30e-003  2.71e-005  2.92e-007  1.47e-005  3.27e-003  1.31e-003  1.31e-003  8.41e-007  1.82e-008  1.08e-003  1.73e-001  3.53e-005  1.86e-004  1.57e-001  6.53e-001  1.49e-008  2.18e-009  2.27e-003  1.06e-008  1.01e-004  
4.41007e+016 9.09e-015  6.17e-003  8.78e-005  1.22e-006  4.46e-005  5.57e-003  1.64e-003  1.64e-003  3.11e-006  3.25e-008  1.31e-003  2.19e-001  6.67e-005  2.92e-004  1.30e-001  6.27e-001  2.31e-008  3.49e-009  2.98e-003  2.56e-008  6.43e-005  
4.42181e+016 8.40e-015  6.95e-003  1.50e-004  2.19e-006  7.47e-005  6.94e-003  1.79e-003  1.79e-003  5.68e-006  4.21e-008  1.42e-003  2.41e-001  8.78e-005  3.45e-004  1.23e-001  6.10e-001  2.81e-008  4.99e-009  3.31e-003  3.48e-008  5.32e-005  
4.42811e+016 8.24e-015  7.32e-003  1.97e-004  2.91e-006  9.69e-005  7.85e-003  1.82e-003  1.82e-003  7.70e-006  4.93e-008  1.43e-003  2.57e-001  1.03e-004  3.79e-004  1.18e-001  5.96e-001  3.07e-008  6.58e-009  3.43e-003  4.15e-008  4.67e-005  
4.43809e+016 8.25e-015  8.19e-003  2.99e-004  4.51e-006  1.45e-004  8.89e-003  1.83e-003  1.83e-003  1.24e-005  5.75e-008  1.43e-003  2.63e-001  1.21e-004  4.38e-004  1.15e-001  5.90e-001  3.50e-008  9.14e-009  3.52e-003  5.01e-008  3.84e-005  
4.45030e+016 8.04e-015  8.94e-003  5.16e-004  7.87e-006  2.41e-004  1.02e-002  1.90e-003  1.89e-003  2.27e-005  6.97e-008  1.47e-003  2.65e-001  1.48e-004  5.07e-004  1.13e-001  5.88e-001  4.19e-008  1.57e-008  3.72e-003  6.27e-008  3.12e-005  
4.45401e+016 7.67e-015  8.97e-003  6.35e-004  9.74e-006  2.95e-004  1.09e-002  2.00e-003  2.00e-003  2.87e-005  7.85e-008  1.54e-003  2.69e-001  1.66e-004  5.40e-004  1.11e-001  5.84e-001  4.58e-008  2.07e-008  3.94e-003  7.07e-008  2.96e-005  
4.45998e+016 7.40e-015  9.86e-003  8.49e-004  1.31e-005  3.86e-004  1.23e-002  2.08e-003  2.07e-003  3.95e-005  9.24e-008  1.59e-003  2.68e-001  1.96e-004  6.20e-004  1.09e-001  5.84e-001  5.11e-008  3.18e-008  4.15e-003  8.49e-008  2.77e-005  
4.46779e+016 7.52e-015  1.09e-002  1.16e-003  1.79e-005  5.13e-004  1.34e-002  2.05e-003  2.05e-003  5.62e-005  1.02e-007  1.57e-003  2.69e-001  2.15e-004  6.99e-004  1.09e-001  5.81e-001  5.66e-008  4.25e-008  4.16e-003  9.47e-008  2.46e-005  
4.48006e+016 7.37e-015  1.19e-002  1.93e-003  3.03e-005  8.36e-004  1.51e-002  2.12e-003  2.10e-003  1.00e-004  1.22e-007  1.59e-003  2.70e-001  2.59e-004  8.25e-004  1.07e-001  5.77e-001  6.84e-008  7.79e-008  4.38e-003  1.13e-007  2.08e-005  
4.48529e+016 6.81e-015  1.18e-002  2.58e-003  4.08e-005  1.09e-003  1.58e-002  2.29e-003  2.27e-003  1.39e-004  1.46e-007  1.72e-003  2.79e-001  3.10e-004  9.39e-004  1.04e-001  5.68e-001  7.89e-008  1.14e-007  4.81e-003  1.31e-007  1.95e-005  
4.48834e+016 6.44e-015  1.28e-002  3.07e-003  4.88e-005  1.29e-003  1.75e-002  2.42e-003  2.41e-003  1.69e-004  1.65e-007  1.82e-003  2.73e-001  3.51e-004  1.05e-003  1.03e-001  5.70e-001  8.68e-008  1.60e-007  5.14e-003  1.48e-007  1.97e-005  
4.49346e+016 6.60e-015  1.38e-002  3.59e-003  5.74e-005  1.50e-003  1.85e-002  2.36e-003  2.35e-003  2.03e-004  1.74e-007  1.76e-003  2.73e-001  3.70e-004  1.13e-003  1.02e-001  5.68e-001  9.14e-008  2.00e-007  5.08e-003  1.58e-007  1.86e-005  
4.49870e+016 6.72e-015  1.45e-002  4.21e-003  6.83e-005  1.76e-003  1.92e-002  2.32e-003  2.32e-003  2.47e-004  1.83e-007  1.73e-003  2.72e-001  3.87e-004  1.20e-003  1.02e-001  5.67e-001  9.72e-008  2.35e-007  5.06e-003  1.64e-007  1.74e-005  
4.50684e+016 6.67e-015  1.53e-002  5.54e-003  9.14e-005  2.26e-003  2.04e-002  2.35e-003  2.34e-003  3.43e-004  2.04e-007  1.72e-003  2.73e-001  4.30e-004  1.34e-003  1.01e-001  5.63e-001  1.09e-007  3.25e-007  5.21e-003  1.80e-007  1.60e-005  
4.51867e+016 6.46e-015  1.66e-002  8.21e-003  1.39e-004  3.21e-003  2.23e-002  2.42e-003  2.42e-003  5.44e-004  2.43e-007  1.77e-003  2.74e-001  5.16e-004  1.61e-003  9.79e-002  5.56e-001  1.30e-007  5.42e-007  5.56e-003  2.08e-007  1.44e-005  
4.51946e+016 6.06e-015  1.51e-002  8.98e-003  1.55e-004  3.50e-003  2.15e-002  2.58e-003  2.58e-003  6.08e-004  2.71e-007  1.88e-003  2.87e-001  5.73e-004  1.73e-003  9.56e-002  5.45e-001  1.40e-007  6.04e-007  5.94e-003  2.23e-007  1.38e-005  
4.52061e+016 5.57e-015  1.65e-002  1.02e-002  1.75e-004  3.97e-003  2.37e-002  2.80e-003  2.80e-003  6.99e-004  3.09e-007  2.05e-003  2.86e-001  6.50e-004  1.96e-003  9.40e-002  5.41e-001  1.55e-007  7.26e-007  6.49e-003  2.48e-007  1.47e-005  
4.52265e+016 5.53e-015  1.73e-002  1.09e-002  1.86e-004  4.20e-003  2.46e-002  2.82e-003  2.82e-003  7.51e-004  3.20e-007  2.04e-003  2.79e-001  6.77e-004  2.06e-003  9.39e-002  5.45e-001  1.61e-007  8.38e-007  6.57e-003  2.57e-007  1.47e-005  
4.52632e+016 5.64e-015  1.81e-002  1.18e-002  2.04e-004  4.47e-003  2.54e-002  2.77e-003  2.75e-003  8.28e-004  3.30e-007  2.00e-003  2.77e-001  6.95e-004  2.15e-003  9.35e-002  5.45e-001  1.67e-007  9.72e-007  6.49e-003  2.64e-007  1.42e-005  
4.53239e+016 5.81e-015  1.89e-002  1.34e-002  2.38e-004  4.96e-003  2.62e-002  2.67e-003  2.67e-003  9.76e-004  3.43e-007  1.93e-003  2.76e-001  7.22e-004  2.26e-003  9.32e-002  5.42e-001  1.77e-007  1.14e-006  6.41e-003  2.74e-007  1.34e-005  
4.54167e+016 5.82e-015  1.97e-002  1.68e-002  3.07e-004  6.06e-003  2.75e-002  2.66e-003  2.64e-003  1.29e-003  3.79e-007  1.91e-003  2.76e-001  7.98e-004  2.52e-003  9.14e-002  5.36e-001  1.97e-007  1.48e-006  6.56e-003  2.94e-007  1.24e-005  
4.55446e+016 5.60e-015  2.11e-002  2.34e-002  4.54e-004  8.25e-003  2.97e-002  2.73e-003  2.73e-003  1.98e-003  4.61e-007  1.93e-003  2.77e-001  9.70e-004  3.11e-003  8.81e-002  5.23e-001  2.38e-007  2.25e-006  7.07e-003  3.38e-007  1.15e-005  
4.55658e+016 5.53e-015  2.03e-002  2.48e-002  4.87e-004  8.65e-003  2.91e-002  2.77e-003  2.75e-003  2.14e-003  4.81e-007  1.95e-003  2.79e-001  1.01e-003  3.24e-003  8.74e-002  5.21e-001  2.48e-007  2.41e-006  7.20e-003  3.47e-007  1.11e-005  
4.55697e+016 5.23e-015  1.81e-002  2.68e-002  5.26e-004  8.99e-003  2.77e-002  2.93e-003  2.91e-003  2.31e-003  5.32e-007  2.07e-003  2.91e-001  1.11e-003  3.46e-003  8.53e-002  5.11e-001  2.62e-007  2.58e-006  7.61e-003  3.67e-007  1.07e-005  
4.55761e+016 4.85e-015  1.92e-002  2.95e-002  5.78e-004  9.84e-003  3.03e-002  3.14e-003  3.14e-003  2.56e-003  6.05e-007  2.23e-003  2.99e-001  1.27e-003  3.88e-003  8.19e-002  4.95e-001  2.85e-007  2.89e-006  8.23e-003  4.00e-007  1.12e-005  
4.55871e+016 4.64e-015  2.09e-002  3.17e-002  6.20e-004  1.05e-002  3.23e-002  3.27e-003  3.27e-003  2.76e-003  6.46e-007  2.31e-003  2.89e-001  1.36e-003  4.20e-003  8.19e-002  4.98e-001  3.04e-007  3.19e-006  8.62e-003  4.24e-007  1.17e-005  
4.56066e+016 4.62e-015  2.19e-002  3.29e-002  6.56e-004  1.10e-002  3.33e-002  3.29e-003  3.27e-003  2.92e-003  6.67e-007  2.32e-003  2.79e-001  1.40e-003  4.42e-003  8.21e-002  5.02e-001  3.16e-007  3.46e-006  8.71e-003  4.37e-007  1.17e-005  
4.56410e+016 4.72e-015  2.26e-002  3.45e-002  7.01e-004  1.15e-002  3.41e-002  3.20e-003  3.20e-003  3.13e-003  6.82e-007  2.24e-003  2.77e-001  1.42e-003  4.57e-003  8.13e-002  5.02e-001  3.28e-007  3.79e-006  8.57e-003  4.45e-007  1.15e-005  
4.56849e+016 4.85e-015  2.33e-002  3.67e-002  7.65e-004  1.22e-002  3.46e-002  3.09e-003  3.09e-003  3.46e-003  6.95e-007  2.16e-003  2.76e-001  1.45e-003  4.70e-003  8.10e-002  4.99e-001  3.42e-007  4.12e-006  8.45e-003  4.51e-007  1.11e-005  
4.57241e+016 4.94e-015  2.37e-002  3.89e-002  8.31e-004  1.29e-002  3.50e-002  3.02e-003  3.02e-003  3.79e-003  7.11e-007  2.11e-003  2.76e-001  1.48e-003  4.84e-003  8.04e-002  4.96e-001  3.55e-007  4.44e-006  8.39e-003  4.58e-007  1.08e-005  
4.57850e+016 4.95e-015  2.41e-002  4.39e-002  9.69e-004  1.41e-002  3.60e-002  2.99e-003  2.99e-003  4.43e-003  7.62e-007  2.06e-003  2.75e-001  1.59e-003  5.20e-003  7.91e-002  4.89e-001  3.80e-007  5.05e-006  8.51e-003  4.77e-007  1.04e-005  
4.58802e+016 4.84e-015  2.46e-002  5.44e-002  1.27e-003  1.65e-002  3.76e-002  3.00e-003  3.00e-003  5.85e-003  8.83e-007  2.06e-003  2.73e-001  1.83e-003  6.04e-003  7.61e-002  4.76e-001  4.34e-007  6.35e-006  8.91e-003  5.23e-007  9.92e-006  
4.59720e+016 4.69e-015  2.49e-002  6.63e-002  1.65e-003  1.93e-002  3.92e-002  3.05e-003  3.05e-003  7.65e-003  1.04e-006  2.07e-003  2.71e-001  2.15e-003  7.08e-003  7.22e-002  4.60e-001  4.99e-007  7.95e-006  9.42e-003  5.75e-007  9.53e-006  
4.59734e+016 4.64e-015  2.29e-002  6.71e-002  1.68e-003  1.93e-002  3.71e-002  3.08e-003  3.06e-003  7.79e-003  1.05e-006  2.09e-003  2.74e-001  2.18e-003  7.18e-003  7.25e-002  4.59e-001  5.05e-007  8.02e-006  9.53e-003  5.85e-007  9.19e-006  
4.59759e+016 4.44e-015  1.94e-002  6.98e-002  1.78e-003  2.01e-002  3.40e-002  3.22e-003  3.20e-003  8.26e-003  1.14e-006  2.18e-003  2.86e-001  2.36e-003  7.56e-003  7.07e-002  4.50e-001  5.29e-007  8.40e-006  9.95e-003  6.10e-007  8.69e-006  
4.59802e+016 4.17e-015  1.93e-002  7.56e-002  1.93e-003  2.16e-002  3.60e-002  3.41e-003  3.41e-003  9.02e-003  1.30e-006  2.32e-003  2.97e-001  2.69e-003  8.23e-003  6.69e-002  4.29e-001  5.66e-007  9.09e-006  1.06e-002  6.55e-007  8.87e-006  
4.59873e+016 3.95e-015  2.09e-002  8.12e-002  2.08e-003  2.31e-002  3.95e-002  3.59e-003  3.59e-003  9.74e-003  1.43e-006  2.44e-003  2.99e-001  2.96e-003  8.98e-003  6.43e-002  4.15e-001  6.05e-007  9.79e-006  1.12e-002  6.96e-007  9.36e-006  
4.59993e+016 3.84e-015  2.25e-002  8.58e-002  2.21e-003  2.42e-002  4.17e-002  3.70e-003  3.68e-003  1.04e-002  1.51e-006  2.51e-003  2.84e-001  3.13e-003  9.65e-003  6.41e-002  4.17e-001  6.39e-007  1.04e-005  1.16e-002  7.30e-007  9.67e-006  
4.60196e+016 3.84e-015  2.36e-002  8.88e-002  2.32e-003  2.48e-002  4.27e-002  3.67e-003  3.67e-003  1.09e-002  1.55e-006  2.48e-003  2.73e-001  3.20e-003  1.01e-002  6.38e-002  4.22e-001  6.64e-007  1.10e-005  1.16e-002  7.47e-007  9.71e-006  
4.60580e+016 3.93e-015  2.46e-002  9.30e-002  2.50e-003  2.53e-002  4.38e-002  3.54e-003  3.54e-003  1.16e-002  1.60e-006  2.39e-003  2.68e-001  3.29e-003  1.05e-002  6.32e-002  4.20e-001  7.01e-007  1.17e-005  1.15e-002  7.64e-007  9.55e-006  
4.61139e+016 4.08e-015  2.52e-002  9.77e-002  2.77e-003  2.64e-002  4.46e-002  3.35e-003  3.35e-003  1.27e-002  1.63e-006  2.26e-003  2.64e-001  3.35e-003  1.09e-002  6.24e-002  4.16e-001  7.35e-007  1.24e-005  1.12e-002  7.74e-007  9.26e-006  
4.61801e+016 4.18e-015  2.53e-002  1.06e-001  3.18e-003  2.82e-002  4.52e-002  3.23e-003  3.23e-003  1.46e-002  1.73e-006  2.15e-003  2.63e-001  3.56e-003  1.15e-002  6.07e-002  4.06e-001  7.84e-007  1.33e-005  1.11e-002  7.98e-007  8.89e-006  
4.62829e+016 4.17e-015  2.47e-002  1.24e-001  4.17e-003  3.21e-002  4.65e-002  3.14e-003  3.14e-003  1.88e-002  2.02e-006  2.07e-003  2.59e-001  4.13e-003  1.33e-002  5.66e-002  3.84e-001  8.90e-007  1.53e-005  1.15e-002  8.68e-007  8.44e-006  
4.63958e+016 4.08e-015  2.35e-002  1.50e-001  5.71e-003  3.58e-002  4.81e-002  3.09e-003  3.09e-003  2.48e-002  2.48e-006  2.02e-003  2.53e-001  5.08e-003  1.58e-002  5.13e-002  3.53e-001  1.04e-006  1.82e-005  1.21e-002  9.74e-007  7.99e-006  
4.64165e+016 4.05e-015  2.26e-002  1.55e-001  6.10e-003  3.65e-002  4.72e-002  3.09e-003  3.09e-003  2.62e-002  2.59e-006  2.01e-003  2.52e-001  5.28e-003  1.64e-002  5.01e-002  3.48e-001  1.08e-006  1.84e-005  1.22e-002  9.98e-007  7.83e-006  
4.64187e+016 3.93e-015  1.80e-002  1.58e-001  6.33e-003  3.71e-002  4.09e-002  3.18e-003  3.18e-003  2.72e-002  2.72e-006  2.07e-003  2.59e-001  5.54e-003  1.70e-002  4.96e-002  3.46e-001  1.12e-006  1.64e-005  1.26e-002  1.03e-006  7.22e-006  
4.64224e+016 3.74e-015  1.50e-002  1.68e-001  6.79e-003  3.80e-002  3.83e-002  3.32e-003  3.32e-003  2.92e-002  3.05e-006  2.17e-003  2.73e-001  6.18e-003  1.80e-002  4.63e-002  3.24e-001  1.18e-006  1.54e-005  1.32e-002  1.09e-006  6.90e-006  
4.64286e+016 3.55e-015  1.50e-002  1.80e-001  7.29e-003  4.00e-002  4.11e-002  3.49e-003  3.49e-003  3.15e-002  3.46e-006  2.28e-003  2.82e-001  7.04e-003  1.92e-002  4.19e-002  2.96e-001  1.26e-006  1.63e-005  1.39e-002  1.15e-006  7.07e-006  
4.64396e+016 3.43e-015  1.59e-002  1.90e-001  7.78e-003  4.23e-002  4.49e-002  3.58e-003  3.58e-003  3.35e-002  3.79e-006  2.34e-003  2.77e-001  7.69e-003  2.04e-002  3.93e-002  2.81e-001  1.33e-006  1.80e-005  1.45e-002  1.22e-006  7.34e-006  
4.64596e+016 3.40e-015  1.67e-002  1.96e-001  8.28e-003  4.36e-002  4.74e-002  3.59e-003  3.59e-003  3.53e-002  3.98e-006  2.34e-003  2.61e-001  8.10e-003  2.15e-002  3.86e-002  2.81e-001  1.39e-006  2.01e-005  1.47e-002  1.26e-006  7.48e-006  
4.64933e+016 3.45e-015  1.75e-002  2.02e-001  8.89e-003  4.46e-002  4.87e-002  3.48e-003  3.48e-003  3.77e-002  4.11e-006  2.26e-003  2.49e-001  8.34e-003  2.25e-002  3.80e-002  2.82e-001  1.45e-006  2.27e-005  1.46e-002  1.30e-006  7.45e-006  
4.65501e+016 3.60e-015  1.83e-002  2.08e-001  9.79e-003  4.41e-002  5.02e-002  3.25e-003  3.25e-003  4.02e-002  4.27e-006  2.10e-003  2.43e-001  8.60e-003  2.35e-002  3.72e-002  2.77e-001  1.53e-006  2.56e-005  1.42e-002  1.33e-006  7.27e-006  
4.66259e+016 3.77e-015  1.81e-002  2.18e-001  1.14e-002  4.32e-002  5.09e-002  3.02e-003  3.02e-003  4.48e-002  4.53e-006  1.93e-003  2.38e-001  9.11e-003  2.49e-002  3.52e-002  2.68e-001  1.63e-006  2.78e-005  1.38e-002  1.38e-006  6.94e-006  
4.67450e+016 3.89e-015  1.61e-002  2.39e-001  1.50e-002  4.58e-002  5.04e-002  2.83e-003  2.83e-003  5.48e-002  5.38e-006  1.78e-003  2.34e-001  1.08e-002  2.80e-002  3.09e-002  2.38e-001  1.83e-006  3.06e-005  1.37e-002  1.51e-006  6.38e-006  
4.68726e+016 3.95e-015  1.29e-002  2.61e-001  2.08e-002  4.69e-002  4.86e-002  2.69e-003  2.69e-003  6.97e-002  6.76e-006  1.67e-003  2.32e-001  1.35e-002  3.17e-002  2.50e-002  2.01e-001  2.10e-006  3.42e-005  1.39e-002  1.70e-006  5.75e-006  
4.69009e+016 3.97e-015  1.21e-002  2.67e-001  2.23e-002  4.66e-002  4.81e-002  2.64e-003  2.64e-003  7.33e-002  7.13e-006  1.64e-003  2.31e-001  1.42e-002  3.25e-002  2.37e-002  1.92e-001  2.16e-006  3.47e-005  1.39e-002  1.74e-006  5.59e-006  
4.69024e+016 3.94e-015  1.12e-002  2.67e-001  2.26e-002  4.62e-002  4.57e-002  2.67e-003  2.67e-003  7.41e-002  7.21e-006  1.65e-003  2.33e-001  1.44e-002  3.27e-002  2.37e-002  1.92e-001  2.18e-006  3.35e-005  1.40e-002  1.76e-006  5.46e-006  
4.69048e+016 3.89e-015  9.21e-003  2.73e-001  2.31e-002  4.58e-002  4.01e-002  2.68e-003  2.70e-003  7.54e-002  7.41e-006  1.67e-003  2.37e-001  1.47e-002  3.32e-002  2.31e-002  1.88e-001  2.22e-006  3.09e-005  1.43e-002  1.79e-006  5.09e-006  
4.69090e+016 3.79e-015  7.10e-003  2.82e-001  2.40e-002  4.46e-002  3.48e-002  2.74e-003  2.77e-003  7.81e-002  7.86e-006  1.71e-003  2.45e-001  1.56e-002  3.40e-002  2.12e-002  1.74e-001  2.28e-006  2.82e-005  1.46e-002  1.84e-006  4.72e-006  
4.69160e+016 3.66e-015  5.60e-003  2.92e-001  2.55e-002  4.34e-002  3.17e-002  2.84e-003  2.84e-003  8.30e-002  8.65e-006  1.76e-003  2.57e-001  1.72e-002  3.47e-002  1.82e-002  1.50e-001  2.39e-006  2.70e-005  1.52e-002  1.93e-006  4.45e-006  
4.69279e+016 3.62e-015  5.20e-003  3.01e-001  2.68e-002  4.42e-002  3.29e-002  2.85e-003  2.85e-003  8.65e-002  9.42e-006  1.77e-003  2.65e-001  1.87e-002  3.45e-002  1.53e-002  1.29e-001  2.45e-006  2.82e-005  1.54e-002  2.00e-006  4.42e-006  
4.69476e+016 3.65e-015  5.13e-003  3.04e-001  2.80e-002  4.47e-002  3.45e-002  2.80e-003  2.80e-003  8.88e-002  9.95e-006  1.74e-003  2.65e-001  1.97e-002  3.40e-002  1.40e-002  1.21e-001  2.48e-006  3.04e-005  1.53e-002  2.05e-006  4.41e-006  
4.69806e+016 3.73e-015  5.18e-003  3.03e-001  2.98e-002  4.45e-002  3.59e-002  2.71e-003  2.71e-003  9.17e-002  1.04e-005  1.67e-003  2.61e-001  2.06e-002  3.43e-002  1.34e-002  1.20e-001  2.52e-006  3.38e-005  1.51e-002  2.12e-006  4.37e-006  
4.70337e+016 3.88e-015  5.42e-003  2.99e-001  3.28e-002  4.41e-002  3.77e-002  2.54e-003  2.55e-003  9.68e-002  1.09e-005  1.56e-003  2.56e-001  2.16e-002  3.61e-002  1.27e-002  1.19e-001  2.58e-006  3.82e-005  1.47e-002  2.21e-006  4.31e-006  
4.70622e+016 3.95e-015  5.54e-003  2.96e-001  3.44e-002  4.38e-002  3.85e-002  2.46e-003  2.50e-003  1.00e-001  1.12e-005  1.51e-003  2.53e-001  2.22e-002  3.72e-002  1.25e-002  1.18e-001  2.63e-006  4.00e-005  1.45e-002  2.27e-006  4.28e-006  
4.71061e+016 4.07e-015  5.45e-003  2.97e-001  3.73e-002  4.22e-002  3.85e-002  2.35e-003  2.41e-003  1.04e-001  1.17e-005  1.43e-003  2.50e-001  2.31e-002  3.88e-002  1.18e-002  1.14e-001  2.73e-006  4.20e-005  1.42e-002  2.34e-006  4.15e-006  
4.71746e+016 4.26e-015  4.91e-003  2.98e-001  4.23e-002  3.92e-002  3.73e-002  2.23e-003  2.28e-003  1.10e-001  1.27e-005  1.31e-003  2.51e-001  2.49e-002  4.06e-002  1.05e-002  1.04e-001  2.87e-006  4.34e-005  1.37e-002  2.47e-006  3.90e-006  
4.72860e+016 4.53e-015  3.64e-003  2.93e-001  5.31e-002  3.46e-002  3.31e-002  2.04e-003  2.09e-003  1.23e-001  1.46e-005  1.15e-003  2.60e-001  2.87e-002  4.26e-002  8.12e-003  8.47e-002  3.09e-006  4.43e-005  1.32e-002  2.69e-006  3.40e-006  
4.74240e+016 4.95e-015  2.16e-003  2.75e-001  6.95e-002  2.93e-002  2.61e-002  1.78e-003  1.83e-003  1.39e-001  1.73e-005  9.49e-004  2.83e-001  3.35e-002  4.38e-002  5.27e-003  6.10e-002  3.29e-006  4.38e-005  1.24e-002  3.03e-006  2.73e-006  
4.74305e+016 4.97e-015  2.09e-003  2.74e-001  7.04e-002  2.92e-002  2.57e-002  1.77e-003  1.81e-003  1.40e-001  1.74e-005  9.41e-004  2.84e-001  3.38e-002  4.38e-002  5.15e-003  5.99e-002  3.30e-006  4.36e-005  1.24e-002  3.06e-006  2.70e-006  
4.74313e+016 4.97e-015  2.09e-003  2.74e-001  7.06e-002  2.90e-002  2.57e-002  1.77e-003  1.81e-003  1.40e-001  1.74e-005  9.41e-004  2.84e-001  3.38e-002  4.38e-002  5.13e-003  5.99e-002  3.30e-006  4.36e-005  1.24e-002  3.06e-006  2.67e-006  
4.74348e+016 4.98e-015  1.95e-003  2.73e-001  7.11e-002  2.87e-002  2.47e-002  1.76e-003  1.81e-003  1.41e-001  1.75e-005  9.36e-004  2.85e-001  3.39e-002  4.38e-002  5.04e-003  5.92e-002  3.29e-006  4.26e-005  1.24e-002  3.07e-006  2.63e-006  
4.74406e+016 4.98e-015  1.61e-003  2.73e-001  7.24e-002  2.75e-002  2.17e-002  1.76e-003  1.80e-003  1.42e-001  1.77e-005  9.33e-004  2.89e-001  3.42e-002  4.38e-002  4.78e-003  5.65e-002  3.32e-006  3.96e-005  1.24e-002  3.10e-006  2.45e-006  
4.74503e+016 4.95e-015  1.12e-003  2.71e-001  7.54e-002  2.51e-002  1.73e-002  1.76e-003  1.80e-003  1.47e-001  1.81e-005  9.30e-004  2.99e-001  3.46e-002  4.31e-002  4.16e-003  4.99e-002  3.38e-006  3.56e-005  1.25e-002  3.17e-006  2.20e-006  
4.74676e+016 5.01e-015  6.76e-004  2.67e-001  7.86e-002  2.37e-002  1.28e-002  1.71e-003  1.76e-003  1.51e-001  1.83e-005  9.01e-004  3.17e-001  3.47e-002  4.03e-002  3.11e-003  3.87e-002  3.37e-006  3.13e-005  1.24e-002  3.23e-006  1.88e-006  
4.74972e+016 5.23e-015  4.41e-004  2.56e-001  8.16e-002  2.16e-002  1.01e-002  1.61e-003  1.65e-003  1.52e-001  1.82e-005  8.37e-004  3.46e-001  3.42e-002  3.59e-002  2.20e-003  2.94e-002  3.23e-006  2.96e-005  1.19e-002  3.29e-006  1.64e-006  
4.75283e+016 5.50e-015  3.89e-004  2.44e-001  8.42e-002  1.96e-002  9.66e-003  1.50e-003  1.54e-003  1.51e-001  1.82e-005  7.71e-004  3.65e-001  3.42e-002  3.42e-002  1.82e-003  2.62e-002  3.09e-006  3.04e-005  1.14e-002  3.33e-006  1.55e-006  
4.75365e+016 5.58e-015  3.85e-004  2.42e-001  8.46e-002  1.92e-002  9.60e-003  1.47e-003  1.51e-003  1.51e-001  1.83e-005  7.54e-004  3.69e-001  3.42e-002  3.40e-002  1.75e-003  2.56e-002  3.06e-006  3.05e-005  1.13e-002  3.33e-006  1.53e-006  
4.75556e+016 5.74e-015  3.82e-004  2.35e-001  8.62e-002  1.85e-002  9.63e-003  1.42e-003  1.45e-003  1.50e-001  1.85e-005  7.20e-004  3.76e-001  3.45e-002  3.41e-002  1.64e-003  2.51e-002  3.00e-006  3.12e-005  1.10e-002  3.36e-006  1.50e-006  
4.75856e+016 5.97e-015  3.84e-004  2.26e-001  8.93e-002  1.79e-002  9.75e-003  1.34e-003  1.38e-003  1.49e-001  1.89e-005  6.72e-004  3.84e-001  3.52e-002  3.47e-002  1.50e-003  2.43e-002  2.97e-006  3.25e-005  1.06e-002  3.44e-006  1.46e-006  
4.76342e+016 6.30e-015  3.72e-004  2.11e-001  9.57e-002  1.67e-002  9.62e-003  1.24e-003  1.28e-003  1.51e-001  1.97e-005  6.10e-004  3.92e-001  3.65e-002  3.60e-002  1.31e-003  2.30e-002  3.00e-006  3.37e-005  1.01e-002  3.56e-006  1.38e-006  
4.77120e+016 6.80e-015  3.09e-004  1.88e-001  1.09e-001  1.42e-002  8.67e-003  1.11e-003  1.14e-003  1.57e-001  2.09e-005  5.28e-004  4.01e-001  3.85e-002  3.75e-002  1.01e-003  2.00e-002  3.12e-006  3.38e-005  9.54e-003  3.79e-006  1.23e-006  
4.78339e+016 7.84e-015  1.77e-004  1.62e-001  1.29e-001  1.06e-002  6.15e-003  9.07e-004  9.32e-004  1.59e-001  2.18e-005  4.09e-004  4.20e-001  3.97e-002  3.70e-002  5.96e-004  1.44e-002  3.16e-006  3.05e-005  8.46e-003  4.11e-006  9.50e-007  
4.79819e+016 9.58e-015  6.82e-005  1.23e-001  1.56e-001  6.13e-003  3.31e-003  6.85e-004  7.05e-004  1.58e-001  2.17e-005  2.91e-004  4.54e-001  3.86e-002  3.39e-002  2.69e-004  8.98e-003  3.03e-006  2.35e-005  7.10e-003  4.44e-006  6.30e-007  
4.80101e+016 1.00e-014  5.52e-005  1.17e-001  1.60e-001  5.56e-003  2.87e-003  6.46e-004  6.64e-004  1.57e-001  2.15e-005  2.71e-004  4.61e-001  3.81e-002  3.30e-002  2.27e-004  8.16e-003  2.98e-006  2.20e-005  6.83e-003  4.49e-006  5.76e-007  
4.80156e+016 1.01e-014  5.28e-005  1.15e-001  1.62e-001  5.45e-003  2.79e-003  6.39e-004  6.56e-004  1.57e-001  2.15e-005  2.68e-004  4.62e-001  3.80e-002  3.29e-002  2.20e-004  8.00e-003  2.97e-006  2.16e-005  6.78e-003  4.49e-006  5.64e-007  
4.80288e+016 1.03e-014  4.65e-005  1.13e-001  1.63e-001  5.20e-003  2.56e-003  6.21e-004  6.38e-004  1.56e-001  2.14e-005  2.58e-004  4.65e-001  3.77e-002  3.24e-002  2.02e-004  7.63e-003  2.94e-006  2.07e-005  6.66e-003  4.52e-006  5.37e-007  
4.80511e+016 1.07e-014  3.66e-005  1.07e-001  1.68e-001  4.74e-003  2.17e-003  5.91e-004  6.08e-004  1.56e-001  2.11e-005  2.45e-004  4.71e-001  3.69e-002  3.14e-002  1.73e-004  6.99e-003  2.90e-006  1.89e-005  6.45e-003  4.55e-006  4.89e-007  
4.80875e+016 1.13e-014  2.41e-005  9.62e-002  1.74e-001  3.98e-003  1.64e-003  5.45e-004  5.61e-004  1.54e-001  2.05e-005  2.22e-004  4.84e-001  3.56e-002  2.96e-002  1.32e-004  6.03e-003  2.80e-006  1.62e-005  6.11e-003  4.61e-006  4.18e-007  
4.81463e+016 1.26e-014  1.26e-005  8.17e-002  1.84e-001  2.96e-003  1.05e-003  4.73e-004  4.87e-004  1.50e-001  1.93e-005  1.88e-004  5.02e-001  3.32e-002  2.67e-002  8.56e-005  4.84e-003  2.62e-006  1.26e-005  5.54e-003  4.65e-006  3.25e-007  
4.82445e+016 1.52e-014  5.03e-006  6.21e-002  1.98e-001  2.00e-003  5.65e-004  3.74e-004  3.85e-004  1.40e-001  1.79e-005  1.42e-004  5.29e-001  3.02e-002  2.32e-002  4.27e-005  3.68e-003  2.34e-006  8.37e-006  4.67e-003  4.73e-006  2.21e-007  
4.83636e+016 1.91e-014  1.71e-006  4.24e-002  2.17e-001  1.15e-003  2.72e-004  2.85e-004  2.94e-004  1.29e-001  1.66e-005  1.03e-004  5.51e-001  2.74e-002  1.99e-002  1.93e-005  2.87e-003  2.09e-006  4.78e-006  3.79e-003  4.82e-006  1.39e-007  
4.84912e+016 2.45e-014  4.45e-007  2.65e-002  2.40e-001  5.92e-004  1.11e-004  2.18e-004  2.25e-004  1.18e-001  1.51e-005  7.51e-005  5.64e-001  2.43e-002  1.64e-002  8.54e-006  2.37e-003  1.86e-006  2.18e-006  3.01e-003  4.90e-006  8.09e-008  
4.86294e+016 3.24e-014  8.26e-008  1.54e-002  2.65e-001  2.83e-004  3.67e-005  1.69e-004  1.74e-004  1.07e-001  1.36e-005  5.46e-005  5.70e-001  2.12e-002  1.28e-002  3.67e-006  2.09e-003  1.63e-006  7.37e-007  2.32e-003  4.96e-006  4.19e-008  
4.87591e+016 4.23e-014  1.35e-008  8.88e-003  2.93e-001  1.25e-004  1.14e-005  1.40e-004  1.44e-004  9.61e-002  1.24e-005  4.35e-005  5.67e-001  1.89e-002  9.80e-003  1.85e-006  1.97e-003  1.47e-006  2.18e-007  1.80e-003  5.03e-006  2.14e-008  
4.88968e+016 5.63e-014  1.55e-009  4.71e-003  3.24e-001  4.67e-005  2.97e-006  1.20e-004  1.24e-004  8.57e-002  1.16e-005  3.73e-005  5.56e-001  1.70e-002  7.16e-003  1.06e-006  1.94e-003  1.35e-006  4.98e-008  1.38e-003  5.08e-006  9.90e-009  
4.90444e+016 7.64e-014  1.08e-010  2.19e-003  3.63e-001  1.45e-005  5.89e-007  1.10e-004  1.13e-004  7.53e-002  1.13e-005  3.42e-005  5.34e-001  1.57e-002  4.90e-003  6.90e-007  1.99e-003  1.25e-006  8.25e-009  1.03e-003  5.16e-006  3.99e-009  
4.91980e+016 1.05e-013  4.46e-012  8.89e-004  4.10e-001  3.78e-006  9.09e-008  1.07e-004  1.11e-004  6.57e-002  1.14e-005  3.35e-005  5.01e-001  1.52e-002  3.12e-003  4.93e-007  2.11e-003  1.20e-006  1.01e-009  7.55e-004  5.21e-006  1.41e-009  
4.93317e+016 1.39e-013  1.82e-013  3.58e-004  4.55e-001  9.89e-007  1.46e-008  1.09e-004  1.13e-004  5.80e-002  1.22e-005  3.46e-005  4.65e-001  1.54e-002  1.98e-003  3.80e-007  2.25e-003  1.20e-006  1.32e-010  5.75e-004  5.23e-006  5.16e-010  
4.94239e+016 1.68e-013  1.54e-014  1.65e-004  4.90e-001  3.08e-007  3.62e-009  1.12e-004  1.15e-004  5.29e-002  1.30e-005  3.59e-005  4.36e-001  1.57e-002  1.40e-003  3.19e-007  2.37e-003  1.21e-006  2.86e-011  4.74e-004  5.21e-006  2.43e-010  
4.95192e+016 2.06e-013  9.34e-016  7.44e-005  5.26e-001  9.00e-008  7.49e-010  1.16e-004  1.19e-004  4.76e-002  1.40e-005  3.78e-005  4.06e-001  1.63e-002  9.39e-004  2.66e-007  2.51e-003  1.24e-006  5.26e-012  3.89e-004  5.16e-006  1.05e-010  
4.96202e+016 2.54e-013  3.70e-017  3.66e-005  5.63e-001  2.88e-008  1.23e-010  1.21e-004  1.25e-004  4.25e-002  1.54e-005  4.02e-005  3.73e-001  1.69e-002  5.99e-004  2.19e-007  2.66e-003  1.28e-006  7.84e-013  3.15e-004  5.12e-006  4.10e-011  
4.97297e+016 3.20e-013  8.04e-019  1.42e-005  6.03e-001  5.97e-009  1.44e-011  1.27e-004  1.31e-004  3.69e-002  1.72e-005  4.32e-005  3.38e-001  1.78e-002  3.50e-004  1.79e-007  2.82e-003  1.34e-006  8.72e-014  2.50e-004  5.00e-006  1.37e-011  
4.98461e+016 4.08e-013  8.36e-021  4.36e-006  6.45e-001  8.70e-010  1.12e-012  1.33e-004  1.38e-004  3.11e-002  1.94e-005  4.68e-005  3.01e-001  1.88e-002  1.85e-004  1.45e-007  2.97e-003  1.41e-006  6.86e-015  1.95e-004  4.88e-006  3.85e-012  
4.99670e+016 5.23e-013  4.36e-023  1.04e-006  6.84e-001  9.16e-011  5.81e-014  1.41e-004  1.45e-004  2.62e-002  2.24e-005  5.10e-005  2.66e-001  1.99e-002  8.95e-005  1.19e-007  3.08e-003  1.50e-006  4.03e-016  1.51e-004  4.70e-006  9.19e-013  
5.00936e+016 6.78e-013  8.64e-026  1.64e-007  7.22e-001  6.84e-012  1.72e-015  1.47e-004  1.52e-004  2.15e-002  2.57e-005  5.62e-005  2.31e-001  2.08e-002  3.83e-005  1.00e-007  3.13e-003  1.61e-006  1.55e-017  1.15e-004  4.50e-006  1.75e-013  
5.02240e+016 8.79e-013  6.16e-029  1.33e-008  7.56e-001  2.31e-013  2.82e-017  1.56e-004  1.60e-004  1.71e-002  2.99e-005  6.16e-005  2.01e-001  2.17e-002  1.44e-005  8.69e-008  3.13e-003  1.72e-006  3.83e-019  9.12e-005  4.29e-006  2.66e-014  
5.03584e+016 1.14e-012  1.49e-032  1.22e-009  7.86e-001  1.14e-014  2.42e-019  1.64e-004  1.69e-004  1.32e-002  3.52e-005  6.81e-005  1.74e-001  2.25e-002  4.85e-006  7.80e-008  3.09e-003  1.85e-006  6.04e-021  7.26e-005  4.06e-006  3.18e-015  
5.05026e+016 1.47e-012  5.19e-037  1.53e-010  8.12e-001  2.42e-016  6.57e-022  1.74e-004  1.80e-004  9.55e-003  4.24e-005  7.51e-005  1.52e-001  2.31e-002  1.35e-006  7.17e-008  3.02e-003  2.01e-006  3.97e-023  5.70e-005  3.84e-006  2.44e-016  
5.05959e+016 1.72e-012  5.99e-040  2.23e-011  8.26e-001  1.01e-017  1.26e-023  1.85e-004  1.91e-004  7.62e-003  4.77e-005  7.86e-005  1.39e-001  2.34e-002  6.28e-007  6.81e-008  2.95e-003  2.14e-006  1.47e-024  4.84e-005  3.68e-006  4.49e-017  
5.06957e+016 2.01e-012  3.68e-043  1.91e-012  8.39e-001  2.41e-019  1.49e-025  1.98e-004  2.05e-004  6.21e-003  5.41e-005  8.39e-005  1.27e-001  2.37e-002  3.25e-007  6.51e-008  2.88e-003  2.31e-006  3.76e-026  4.10e-005  3.54e-006  6.85e-018  
5.07988e+016 2.35e-012  1.62e-046  1.06e-013  8.51e-001  9.40e-021  1.22e-027  2.13e-004  2.19e-004  4.89e-003  6.21e-005  8.93e-005  1.17e-001  2.39e-002  2.15e-007  6.25e-008  2.81e-003  2.51e-006  7.36e-028  3.47e-005  3.41e-006  9.19e-019  
5.09058e+016 2.75e-012  7.70e-050  3.96e-015  8.61e-001  1.65e-022  8.72e-030  2.29e-004  2.36e-004  3.71e-003  7.09e-005  9.48e-005  1.08e-001  2.41e-002  1.83e-007  5.92e-008  2.73e-003  2.73e-006  1.34e-029  2.91e-005  3.28e-006  1.17e-019  
5.10237e+016 3.23e-012  1.26e-053  8.93e-017  8.71e-001  1.42e-024  2.84e-032  2.48e-004  2.57e-004  2.66e-003  8.27e-005  1.02e-004  9.89e-002  2.42e-002  1.80e-007  5.67e-008  2.65e-003  3.03e-006  1.33e-031  2.41e-005  3.16e-006  1.11e-020  
5.11496e+016 3.81e-012  1.00e-057  1.27e-018  8.80e-001  6.51e-027  5.49e-035  2.71e-004  2.78e-004  1.78e-003  9.75e-005  1.10e-004  9.06e-002  2.42e-002  1.88e-007  5.36e-008  2.56e-003  3.41e-006  8.96e-034  1.95e-005  3.02e-006  8.69e-022  
5.12843e+016 4.51e-012  4.10e-062  3.35e-020  8.89e-001  1.43e-029  6.78e-038  2.95e-004  3.06e-004  9.75e-004  1.16e-004  1.18e-004  8.27e-002  2.42e-002  1.99e-007  5.05e-008  2.46e-003  3.86e-006  4.34e-036  1.55e-005  2.88e-006  5.74e-023  
5.14296e+016 5.40e-012  4.22e-067  1.30e-021  8.97e-001  2.04e-031  3.37e-041  3.22e-004  3.33e-004  4.74e-004  1.40e-004  1.27e-004  7.47e-002  2.41e-002  2.13e-007  4.70e-008  2.35e-003  4.42e-006  1.06e-038  1.19e-005  2.76e-006  2.66e-024  
5.15425e+016 6.20e-012  8.18e-071  1.40e-022  9.03e-001  4.89e-033  1.17e-043  3.45e-004  3.56e-004  2.71e-004  1.61e-004  1.33e-004  6.92e-002  2.40e-002  2.23e-007  4.44e-008  2.26e-003  4.95e-006  1.22e-040  9.66e-006  2.66e-006  2.74e-025  
5.16792e+016 7.26e-012  2.76e-075  7.34e-025  9.09e-001  4.35e-036  1.27e-046  3.73e-004  3.86e-004  1.22e-004  1.92e-004  1.42e-004  6.32e-002  2.38e-002  2.38e-007  4.16e-008  2.15e-003  5.64e-006  5.76e-043  7.54e-006  2.59e-006  1.79e-026  
5.18319e+016 8.58e-012  1.69e-080  1.58e-027  9.16e-001  1.46e-039  4.43e-050  4.09e-004  4.23e-004  4.32e-005  2.31e-004  1.53e-004  5.75e-002  2.34e-002  2.59e-007  3.88e-008  2.05e-003  6.55e-006  1.16e-045  5.79e-006  2.54e-006  7.63e-028  
5.19950e+016 1.01e-011  0.00e+000  1.75e-030  9.21e-001  2.01e-043  3.14e-054  4.49e-004  4.64e-004  1.13e-005  2.86e-004  1.64e-004  5.23e-002  2.28e-002  2.85e-007  3.62e-008  1.96e-003  7.80e-006  7.16e-049  4.50e-006  2.53e-006  1.79e-029  
5.21655e+016 1.20e-011  0.00e+000  7.40e-034  9.27e-001  1.25e-047  3.21e-058  4.96e-004  5.13e-004  2.22e-006  3.55e-004  1.76e-004  4.77e-002  2.23e-002  3.16e-007  3.38e-008  1.87e-003  9.35e-006  6.07e-052  3.64e-006  2.55e-006  4.91e-031  
5.23457e+016 1.40e-011  0.00e+000  1.16e-035  9.31e-001  2.69e-049  1.42e-062  5.53e-004  5.72e-004  3.19e-007  4.44e-004  1.93e-004  4.39e-002  2.16e-002  3.60e-007  3.19e-008  1.80e-003  1.12e-005  2.90e-055  3.11e-006  2.63e-006  1.01e-032  
5.25384e+016 1.64e-011  0.00e+000  5.86e-040  9.35e-001  4.88e-053  9.35e-067  6.17e-004  6.35e-004  6.23e-008  5.55e-004  2.09e-004  4.01e-002  2.11e-002  4.12e-007  3.01e-008  1.74e-003  1.35e-005  1.96e-058  2.79e-006  2.73e-006  2.43e-034  
5.27451e+016 1.91e-011  0.00e+000  5.40e-044  9.39e-001  5.23e-058  1.79e-071  6.92e-004  7.18e-004  5.40e-009  6.98e-004  2.29e-004  3.70e-002  2.01e-002  4.80e-007  2.86e-008  1.68e-003  1.63e-005  5.56e-062  2.63e-006  2.87e-006  3.77e-036  
5.29668e+016 2.22e-011  0.00e+000  1.65e-048  9.42e-001  9.78e-064  7.35e-076  7.84e-004  8.11e-004  2.15e-010  8.74e-004  2.51e-004  3.40e-002  1.96e-002  5.63e-007  2.72e-008  1.63e-003  1.97e-005  2.96e-065  2.57e-006  3.06e-006  7.93e-038  
5.31993e+016 2.56e-011  0.00e+000  1.31e-053  9.45e-001  3.36e-071  7.50e-081  8.87e-004  9.18e-004  2.09e-012  1.09e-003  2.76e-004  3.14e-002  1.82e-002  6.68e-007  2.60e-008  1.59e-003  2.35e-005  5.74e-069  2.59e-006  3.29e-006  1.01e-039  
5.34440e+016 2.93e-011  0.00e+000  1.02e-054  9.48e-001  5.90e-072  3.58e-085  1.01e-003  1.05e-003  5.66e-015  1.36e-003  3.04e-004  2.91e-002  1.77e-002  7.98e-007  2.50e-008  1.55e-003  2.82e-005  3.72e-072  2.68e-006  3.55e-006  2.35e-041  
5.36995e+016 3.34e-011  0.00e+000  3.56e-062  9.51e-001  1.46e-078  0.00e+000  1.15e-003  1.18e-003  3.26e-017  1.67e-003  3.35e-004  2.70e-002  1.61e-002  9.48e-007  2.40e-008  1.52e-003  3.32e-005  6.40e-076  2.82e-006  3.86e-006  2.86e-043  
5.39765e+016 3.79e-011  0.00e+000  2.12e-068  9.53e-001  0.00e+000  0.00e+000  1.31e-003  1.36e-003  2.64e-020  2.05e-003  3.69e-004  2.51e-002  1.54e-002  1.14e-006  2.33e-008  1.49e-003  3.93e-005  4.06e-079  3.01e-006  4.25e-006  6.68e-045  
5.42627e+016 4.25e-011  0.00e+000  1.10e-069  9.55e-001  0.00e+000  0.00e+000  1.50e-003  1.55e-003  5.38e-024  2.52e-003  4.09e-004  2.35e-002  1.42e-002  1.36e-006  2.26e-008  1.47e-003  4.61e-005  1.18e-082  3.27e-006  4.66e-006  1.07e-046  
5.45738e+016 4.76e-011  0.00e+000  2.03e-078  9.57e-001  0.00e+000  0.00e+000  1.73e-003  1.78e-003  1.25e-027  3.05e-003  4.54e-004  2.19e-002  1.28e-002  1.63e-006  2.21e-008  1.45e-003  5.36e-005  0.00e+000  3.62e-006  5.15e-006  1.26e-048  
5.49079e+016 5.29e-011  0.00e+000  1.07e-079  9.58e-001  0.00e+000  0.00e+000  1.98e-003  2.06e-003  2.25e-032  3.70e-003  5.06e-004  2.04e-002  1.19e-002  1.96e-006  2.13e-008  1.42e-003  6.25e-005  0.00e+000  4.04e-006  5.72e-006  2.32e-050  
5.52575e+016 5.83e-011  0.00e+000  0.00e+000  9.59e-001  0.00e+000  0.00e+000  2.30e-003  2.37e-003  9.01e-037  4.43e-003  5.64e-004  1.90e-002  1.06e-002  2.33e-006  2.09e-008  1.39e-003  7.20e-005  0.00e+000  4.55e-006  6.38e-006  3.24e-052  
5.56155e+016 6.35e-011  0.00e+000  0.00e+000  9.60e-001  0.00e+000  0.00e+000  2.64e-003  2.72e-003  2.68e-042  5.22e-003  6.28e-004  1.78e-002  9.17e-003  2.74e-006  2.03e-008  1.36e-003  8.20e-005  0.00e+000  5.16e-006  7.08e-006  3.15e-054  
5.59918e+016 6.85e-011  0.00e+000  0.00e+000  9.60e-001  0.00e+000  0.00e+000  3.05e-003  3.15e-003  1.97e-047  6.11e-003  7.00e-004  1.68e-002  8.26e-003  3.18e-006  1.98e-008  1.33e-003  9.63e-005  0.00e+000  5.89e-006  7.89e-006  6.67e-056  
5.63913e+016 7.33e-011  0.00e+000  0.00e+000  9.60e-001  0.00e+000  0.00e+000  3.53e-003  3.64e-003  6.15e-053  7.08e-003  7.83e-004  1.57e-002  7.28e-003  3.68e-006  1.94e-008  1.29e-003  1.14e-004  0.00e+000  6.79e-006  8.82e-006  1.14e-057  
5.68226e+016 7.78e-011  0.00e+000  0.00e+000  9.60e-001  0.00e+000  0.00e+000  4.10e-003  4.23e-003  4.59e-064  8.16e-003  8.79e-004  1.48e-002  6.19e-003  4.20e-006  1.88e-008  1.23e-003  1.36e-004  0.00e+000  7.91e-006  9.89e-006  1.30e-059  
5.72780e+016 8.18e-011  0.00e+000  0.00e+000  9.59e-001  0.00e+000  0.00e+000  4.76e-003  4.90e-003  1.87e-065  9.28e-003  9.91e-004  1.41e-002  5.04e-003  4.75e-006  1.81e-008  1.17e-003  1.60e-004  0.00e+000  9.30e-006  1.11e-005  8.66e-062  
5.77650e+016 8.49e-011  0.00e+000  0.00e+000  9.57e-001  0.00e+000  0.00e+000  5.56e-003  5.73e-003  1.32e-077  1.05e-002  1.12e-003  1.33e-002  4.31e-003  5.30e-006  1.75e-008  1.10e-003  1.88e-004  0.00e+000  1.10e-005  1.25e-005  1.39e-063  
5.82707e+016 8.73e-011  0.00e+000  0.00e+000  9.55e-001  0.00e+000  0.00e+000  6.49e-003  6.69e-003  1.87e-083  1.17e-002  1.27e-003  1.28e-002  3.60e-003  5.80e-006  1.68e-008  1.03e-003  2.19e-004  0.00e+000  1.31e-005  1.41e-005  1.94e-065  
5.88124e+016 8.88e-011  0.00e+000  0.00e+000  9.53e-001  0.00e+000  0.00e+000  7.60e-003  7.82e-003  0.00e+000  1.28e-002  1.44e-003  1.24e-002  2.88e-003  6.26e-006  1.61e-008  9.49e-004  2.55e-004  0.00e+000  1.57e-005  1.59e-005  1.71e-067  
5.93801e+016 8.92e-011  0.00e+000  0.00e+000  9.50e-001  0.00e+000  0.00e+000  8.90e-003  9.16e-003  0.00e+000  1.40e-002  1.65e-003  1.20e-002  2.22e-003  6.68e-006  1.55e-008  8.70e-004  2.94e-004  0.00e+000  1.88e-005  1.81e-005  9.45e-070  
5.99878e+016 8.87e-011  0.00e+000  0.00e+000  9.46e-001  0.00e+000  0.00e+000  1.05e-002  1.08e-002  0.00e+000  1.51e-002  1.88e-003  1.17e-002  1.79e-003  7.04e-006  1.49e-008  7.90e-004  3.38e-004  0.00e+000  2.29e-005  2.04e-005  1.23e-071  
6.06254e+016 8.74e-011  0.00e+000  0.00e+000  9.41e-001  0.00e+000  0.00e+000  1.24e-002  1.26e-002  0.00e+000  1.61e-002  2.15e-003  1.17e-002  1.39e-003  7.36e-006  1.44e-008  7.15e-004  3.88e-004  0.00e+000  2.78e-005  2.31e-005  1.08e-073  
6.12860e+016 8.52e-011  0.00e+000  0.00e+000  9.36e-001  0.00e+000  0.00e+000  1.44e-002  1.48e-002  0.00e+000  1.70e-002  2.47e-003  1.16e-002  1.07e-003  7.67e-006  1.41e-008  6.50e-004  4.41e-004  0.00e+000  3.37e-005  2.62e-005  9.56e-076  
6.19772e+016 8.24e-011  0.00e+000  0.00e+000  9.29e-001  0.00e+000  0.00e+000  1.70e-002  1.73e-002  0.00e+000  1.78e-002  2.83e-003  1.17e-002  8.04e-004  7.97e-006  1.40e-008  5.92e-004  4.99e-004  0.00e+000  4.10e-005  2.95e-005  7.89e-078  
6.27006e+016 7.90e-011  0.00e+000  0.00e+000  9.22e-001  0.00e+000  0.00e+000  1.99e-002  2.03e-002  0.00e+000  1.86e-002  3.23e-003  1.18e-002  5.99e-004  8.33e-006  1.41e-008  5.46e-004  5.64e-004  0.00e+000  4.99e-005  3.34e-005  5.96e-080  
6.34752e+016 7.51e-011  0.00e+000  0.00e+000  9.13e-001  0.00e+000  0.00e+000  2.33e-002  2.38e-002  0.00e+000  1.93e-002  3.71e-003  1.21e-002  4.35e-004  8.77e-006  1.45e-008  5.09e-004  6.34e-004  0.00e+000  6.10e-005  3.78e-005  3.62e-082  
6.43223e+016 7.07e-011  0.00e+000  0.00e+000  9.03e-001  0.00e+000  0.00e+000  2.76e-002  2.82e-002  0.00e+000  1.98e-002  4.29e-003  1.25e-002  3.06e-004  9.37e-006  1.53e-008  4.80e-004  7.15e-004  0.00e+000  7.51e-005  4.30e-005  1.53e-084  
6.52408e+016 6.59e-011  0.00e+000  0.00e+000  8.90e-001  0.00e+000  0.00e+000  3.28e-002  3.32e-002  0.00e+000  2.03e-002  4.97e-003  1.30e-002  2.08e-004  1.01e-005  1.68e-008  4.60e-004  8.05e-004  0.00e+000  9.30e-005  4.90e-005  0.00e+000  
6.62440e+016 6.08e-011  0.00e+000  0.00e+000  8.75e-001  0.00e+000  0.00e+000  3.91e-002  3.96e-002  0.00e+000  2.06e-002  5.81e-003  1.36e-002  1.36e-004  1.12e-005  1.91e-008  4.51e-004  9.08e-004  0.00e+000  1.16e-004  5.62e-005  0.00e+000  
6.73219e+016 5.57e-011  0.00e+000  0.00e+000  8.57e-001  0.00e+000  0.00e+000  4.67e-002  4.72e-002  0.00e+000  2.08e-002  6.77e-003  1.44e-002  8.60e-005  1.26e-005  2.23e-008  4.49e-004  1.02e-003  0.00e+000  1.44e-004  6.45e-005  0.00e+000  
6.84641e+016 5.05e-011  0.00e+000  0.00e+000  8.35e-001  0.00e+000  0.00e+000  5.58e-002  5.62e-002  0.00e+000  2.10e-002  7.95e-003  1.53e-002  5.32e-005  1.43e-005  2.71e-008  4.55e-004  1.15e-003  0.00e+000  1.80e-004  7.38e-005  0.00e+000  
6.96945e+016 4.56e-011  0.00e+000  0.00e+000  8.09e-001  0.00e+000  0.00e+000  6.67e-002  6.69e-002  0.00e+000  2.08e-002  9.37e-003  1.64e-002  3.16e-005  1.65e-005  3.40e-008  4.69e-004  1.28e-003  0.00e+000  2.24e-004  8.47e-005  0.00e+000  
7.10391e+016 4.08e-011  0.00e+000  0.00e+000  7.79e-001  0.00e+000  0.00e+000  7.98e-002  7.96e-002  0.00e+000  2.05e-002  1.11e-002  1.77e-002  1.82e-005  1.92e-005  4.41e-008  4.92e-004  1.43e-003  0.00e+000  2.77e-004  9.67e-005  0.00e+000  
7.25155e+016 3.61e-011  0.00e+000  0.00e+000  7.42e-001  0.00e+000  0.00e+000  9.58e-002  9.49e-002  0.00e+000  2.01e-002  1.33e-002  1.93e-002  9.80e-006  2.27e-005  5.98e-008  5.26e-004  1.59e-003  0.00e+000  3.46e-004  1.11e-004  0.00e+000  
7.42223e+016 3.15e-011  0.00e+000  0.00e+000  6.95e-001  0.00e+000  0.00e+000  1.16e-001  1.14e-001  0.00e+000  1.93e-002  1.62e-002  2.11e-002  4.82e-006  2.76e-005  8.63e-008  5.74e-004  1.77e-003  0.00e+000  4.35e-004  1.28e-004  0.00e+000  
7.63108e+016 2.70e-011  0.00e+000  0.00e+000  6.33e-001  0.00e+000  0.00e+000  1.43e-001  1.39e-001  0.00e+000  1.81e-002  2.04e-002  2.33e-002  1.96e-006  3.44e-005  1.36e-007  6.37e-004  1.97e-003  0.00e+000  5.52e-004  1.48e-004  0.00e+000  
7.86896e+016 2.29e-011  0.00e+000  0.00e+000  5.59e-001  0.00e+000  0.00e+000  1.75e-001  1.69e-001  0.00e+000  1.65e-002  2.60e-002  2.58e-002  7.20e-007  4.29e-005  2.26e-007  7.16e-004  2.17e-003  0.00e+000  6.98e-004  1.70e-004  0.00e+000  
8.18150e+016 1.89e-011  0.00e+000  0.00e+000  4.60e-001  0.00e+000  0.00e+000  2.18e-001  2.08e-001  0.00e+000  1.40e-002  3.46e-002  2.87e-002  1.91e-007  5.44e-005  4.31e-007  8.13e-004  2.37e-003  0.00e+000  8.98e-004  1.93e-004  0.00e+000  
8.55776e+016 1.57e-011  0.00e+000  0.00e+000  3.48e-001  0.00e+000  0.00e+000  2.67e-001  2.50e-001  0.00e+000  1.10e-002  4.66e-002  3.11e-002  3.93e-008  6.69e-005  8.98e-007  9.05e-004  2.48e-003  0.00e+000  1.12e-003  2.11e-004  0.00e+000  
9.00548e+016 1.32e-011  0.00e+000  0.00e+000  2.38e-001  0.00e+000  0.00e+000  3.15e-001  2.89e-001  0.00e+000  7.80e-003  6.24e-002  3.24e-002  6.17e-009  7.80e-005  2.02e-006  9.77e-004  2.46e-003  0.00e+000  1.33e-003  2.15e-004  0.00e+000  
9.53916e+016 1.13e-011  0.00e+000  0.00e+000  1.44e-001  0.00e+000  0.00e+000  3.56e-001  3.18e-001  0.00e+000  4.89e-003  8.23e-002  3.23e-002  7.30e-010  8.52e-005  4.90e-006  1.01e-003  2.30e-003  0.00e+000  1.48e-003  2.02e-004  0.00e+000  
1.01535e+017 9.94e-012  0.00e+000  0.00e+000  7.96e-002  0.00e+000  0.00e+000  3.82e-001  3.30e-001  0.00e+000  2.77e-003  1.06e-001  3.08e-002  7.24e-011  8.64e-005  1.26e-005  1.02e-003  2.03e-003  0.00e+000  1.53e-003  1.73e-004  0.00e+000  
1.09249e+017 8.65e-012  0.00e+000  0.00e+000  3.99e-002  0.00e+000  0.00e+000  3.94e-001  3.25e-001  0.00e+000  1.35e-003  1.38e-001  2.84e-002  5.43e-012  8.31e-005  3.68e-005  1.01e-003  1.73e-003  0.00e+000  1.46e-003  1.33e-004  0.00e+000  
1.19176e+017 7.14e-012  0.00e+000  0.00e+000  2.09e-002  0.00e+000  0.00e+000  3.91e-001  3.01e-001  0.00e+000  5.89e-004  1.85e-001  2.60e-002  3.71e-013  7.94e-005  1.20e-004  1.05e-003  1.54e-003  0.00e+000  1.26e-003  8.97e-005  0.00e+000  
1.32448e+017 4.93e-012  0.00e+000  0.00e+000  1.61e-002  0.00e+000  0.00e+000  3.63e-001  2.51e-001  0.00e+000  2.43e-004  2.66e-001  2.62e-002  3.45e-014  9.08e-005  4.14e-004  1.37e-003  1.67e-003  0.00e+000  1.04e-003  5.41e-005  0.00e+000  
