! 0       C2H5OH + GRAIN -> *C2H5OH + GRAIN
! 1       *CH3 + *CH2OH -> *C2H5OH
!            tot_rate   0          1          
1.58188e+013 6.22e-023  1.00e+000  2.48e-007  
3.50727e+014 6.23e-023  1.00e+000  2.47e-007  
5.21628e+015 6.27e-023  1.00e+000  2.46e-007  
2.67137e+016 2.42e-022  1.00e+000  6.24e-008  
3.33598e+016 4.41e-022  1.00e+000  5.49e-008  
3.42055e+016 3.33e-022  1.00e+000  1.58e-007  
3.44017e+016 3.03e-022  1.00e+000  2.31e-007  
3.46353e+016 2.66e-022  1.00e+000  4.06e-007  
3.48860e+016 2.26e-022  1.00e+000  8.81e-007  
3.51370e+016 1.86e-022  1.00e+000  2.39e-006  
3.53250e+016 1.58e-022  1.00e+000  5.94e-006  
3.55515e+016 1.27e-022  1.00e+000  2.26e-005  
3.57182e+016 1.06e-022  1.00e+000  6.91e-005  
3.58524e+016 8.99e-023  1.00e+000  1.70e-004  
3.60047e+016 7.37e-023  1.00e+000  3.93e-004  
3.61718e+016 5.81e-023  9.99e-001  7.07e-004  
3.62899e+016 4.85e-023  9.99e-001  9.27e-004  
3.63893e+016 4.13e-023  9.99e-001  1.13e-003  
3.64972e+016 3.45e-023  9.99e-001  1.38e-003  
3.66124e+016 2.84e-023  9.98e-001  2.37e-003  
3.67348e+016 2.28e-023  1.00e+000  0.00e+000  
3.68621e+016 1.82e-023  9.97e-001  2.81e-003  
3.69700e+016 1.50e-023  9.97e-001  3.45e-003  
3.70376e+016 1.33e-023  9.96e-001  3.90e-003  
3.71087e+016 1.18e-023  9.96e-001  4.36e-003  
3.71826e+016 1.04e-023  9.95e-001  4.78e-003  
3.72589e+016 9.37e-024  9.95e-001  5.04e-003  
3.73370e+016 8.55e-024  9.95e-001  4.98e-003  
3.74165e+016 8.09e-024  9.95e-001  4.54e-003  
3.74829e+016 8.03e-024  9.96e-001  4.10e-003  
3.75505e+016 8.44e-024  9.96e-001  4.21e-003  
3.76194e+016 9.55e-024  9.94e-001  6.30e-003  
3.76839e+016 1.18e-023  9.84e-001  1.60e-002  
3.76854e+016 1.18e-023  9.83e-001  1.66e-002  
3.76877e+016 1.19e-023  9.82e-001  1.75e-002  
3.76917e+016 1.21e-023  9.81e-001  1.92e-002  
3.76980e+016 1.25e-023  9.77e-001  2.26e-002  
3.77083e+016 1.32e-023  9.69e-001  3.07e-002  
3.77248e+016 1.48e-023  9.41e-001  5.87e-002  
3.77450e+016 2.00e-023  7.88e-001  2.12e-001  
3.77655e+016 1.80e-022  1.06e-001  8.94e-001  
3.77936e+016 2.59e-023  7.69e-001  2.31e-001  
3.78016e+016 2.40e-023  8.30e-001  1.70e-001  
3.78111e+016 2.29e-023  8.63e-001  1.37e-001  
3.78273e+016 2.25e-023  8.77e-001  1.23e-001  
3.78530e+016 2.28e-023  8.61e-001  1.39e-001  
3.78818e+016 2.38e-023  8.19e-001  1.81e-001  
3.79076e+016 2.53e-023  7.66e-001  2.34e-001  
3.79253e+016 2.69e-023  7.22e-001  2.78e-001  
3.79502e+016 2.99e-023  6.45e-001  3.55e-001  
3.79755e+016 3.47e-023  5.56e-001  4.44e-001  
3.79897e+016 3.86e-023  5.00e-001  5.00e-001  
3.79918e+016 3.93e-023  4.91e-001  5.09e-001  
3.79956e+016 4.05e-023  4.77e-001  5.23e-001  
3.80017e+016 4.28e-023  4.51e-001  5.49e-001  
3.80129e+016 4.77e-023  4.05e-001  5.95e-001  
3.80319e+016 5.94e-023  3.27e-001  6.73e-001  
3.80578e+016 8.51e-023  2.27e-001  7.73e-001  
3.80629e+016 9.21e-023  2.10e-001  7.90e-001  
3.80713e+016 1.06e-022  1.82e-001  8.18e-001  
3.80859e+016 1.37e-022  1.40e-001  8.60e-001  
3.81083e+016 2.13e-022  8.88e-002  9.11e-001  
3.81265e+016 3.22e-022  5.75e-002  9.42e-001  
3.81480e+016 5.53e-022  3.18e-002  9.68e-001  
3.81769e+016 1.33e-021  1.19e-002  9.88e-001  
3.81836e+016 1.67e-021  9.13e-003  9.91e-001  
3.81952e+016 2.57e-021  5.52e-003  9.94e-001  
3.82149e+016 5.80e-021  2.09e-003  9.98e-001  
3.82433e+016 2.19e-020  4.03e-004  1.00e+000  
3.82740e+016 9.78e-020  5.67e-005  1.00e+000  
3.83054e+016 3.80e-019  7.95e-006  1.00e+000  
3.83376e+016 9.94e-019  1.46e-006  1.00e+000  
3.83751e+016 2.36e-018  2.52e-007  1.00e+000  
3.84132e+016 4.96e-018  6.45e-008  1.00e+000  
3.84531e+016 9.42e-018  3.61e-008  1.00e+000  
3.84962e+016 1.54e-017  3.53e-008  1.00e+000  
3.85449e+016 1.86e-017  4.30e-008  1.00e+000  
3.85990e+016 1.23e-017  6.30e-008  1.00e+000  
3.86597e+016 3.54e-018  1.12e-007  1.00e+000  
3.87288e+016 5.30e-019  1.94e-007  1.00e+000  
3.88139e+016 4.74e-020  2.93e-007  1.00e+000  
3.89093e+016 6.08e-021  2.15e-007  1.00e+000  
3.90068e+016 9.42e-021  5.52e-008  1.00e+000  
3.91088e+016 2.14e-020  5.23e-008  1.00e+000  
3.92181e+016 4.11e-020  5.82e-008  1.00e+000  
3.93325e+016 6.74e-020  6.42e-008  1.00e+000  
3.94519e+016 9.78e-020  7.01e-008  1.00e+000  
3.95803e+016 1.30e-019  7.62e-008  1.00e+000  
3.97190e+016 1.61e-019  8.26e-008  1.00e+000  
3.98699e+016 1.88e-019  8.99e-008  1.00e+000  
4.00514e+016 2.13e-019  9.77e-008  1.00e+000  
4.02549e+016 2.32e-019  1.07e-007  1.00e+000  
4.04761e+016 2.45e-019  1.18e-007  1.00e+000  
4.07070e+016 2.52e-019  1.30e-007  1.00e+000  
4.09451e+016 2.55e-019  1.43e-007  1.00e+000  
4.11988e+016 2.52e-019  1.57e-007  1.00e+000  
4.14624e+016 2.37e-019  1.74e-007  1.00e+000  
4.17462e+016 2.05e-019  1.94e-007  1.00e+000  
4.20512e+016 1.51e-019  2.19e-007  1.00e+000  
4.23867e+016 7.77e-020  2.50e-007  1.00e+000  
4.27356e+016 2.31e-020  2.87e-007  1.00e+000  
4.30994e+016 3.61e-021  3.27e-007  1.00e+000  
4.34671e+016 2.56e-022  3.76e-007  1.00e+000  
4.38104e+016 1.20e-023  4.29e-007  1.00e+000  
4.41007e+016 6.84e-025  5.54e-007  1.00e+000  
4.42181e+016 2.04e-025  7.94e-007  1.00e+000  
4.42811e+016 1.07e-025  1.14e-006  1.00e+000  
4.43809e+016 3.96e-026  2.95e-006  1.00e+000  
4.45030e+016 1.15e-026  1.01e-005  1.00e+000  
4.45401e+016 7.38e-027  1.79e-005  1.00e+000  
4.45998e+016 3.94e-027  4.72e-005  1.00e+000  
4.46779e+016 1.91e-027  1.20e-004  1.00e+000  
4.48006e+016 6.37e-028  5.37e-004  9.99e-001  
4.48529e+016 3.75e-028  1.21e-003  9.99e-001  
4.48834e+016 2.87e-028  2.39e-003  9.98e-001  
4.49346e+016 2.12e-028  4.36e-003  9.96e-001  
4.49870e+016 1.59e-028  6.66e-003  9.93e-001  
4.50684e+016 1.06e-028  1.28e-002  9.87e-001  
4.51867e+016 6.85e-029  3.45e-002  9.66e-001  
4.51946e+016 6.30e-029  4.17e-002  9.58e-001  
4.52061e+016 6.05e-029  5.34e-002  9.47e-001  
4.52265e+016 5.94e-029  7.09e-002  9.29e-001  
4.52632e+016 5.78e-029  1.05e-001  8.95e-001  
4.53239e+016 5.48e-029  1.48e-001  8.52e-001  
4.54167e+016 5.15e-029  2.12e-001  7.88e-001  
4.55446e+016 5.52e-029  3.70e-001  6.30e-001  
4.55658e+016 5.68e-029  4.03e-001  5.97e-001  
4.55697e+016 5.81e-029  4.30e-001  5.70e-001  
4.55761e+016 6.41e-029  4.80e-001  5.20e-001  
4.55871e+016 6.89e-029  5.08e-001  4.92e-001  
4.56066e+016 7.51e-029  5.43e-001  4.57e-001  
4.56410e+016 8.48e-029  5.97e-001  4.03e-001  
4.56849e+016 9.81e-029  6.54e-001  3.46e-001  
4.57241e+016 1.11e-028  7.00e-001  3.00e-001  
4.57850e+016 1.37e-028  7.62e-001  2.38e-001  
4.58802e+016 1.98e-028  8.39e-001  1.61e-001  
4.59720e+016 2.96e-028  8.92e-001  1.08e-001  
4.59734e+016 3.18e-028  9.01e-001  9.92e-002  
4.59759e+016 2.88e-028  8.92e-001  1.08e-001  
4.59802e+016 3.18e-028  9.02e-001  9.81e-002  
4.59873e+016 3.60e-028  9.11e-001  8.86e-002  
4.59993e+016 4.22e-028  9.22e-001  7.78e-002  
4.60196e+016 5.09e-028  9.34e-001  6.59e-002  
4.60580e+016 6.31e-028  9.46e-001  5.40e-002  
4.61139e+016 7.64e-028  9.55e-001  4.50e-002  
4.61801e+016 9.39e-028  9.63e-001  3.69e-002  
4.62829e+016 1.39e-027  9.75e-001  2.50e-002  
4.63958e+016 2.31e-027  9.85e-001  1.54e-002  
4.64165e+016 2.54e-027  9.86e-001  1.40e-002  
4.64187e+016 2.56e-027  9.86e-001  1.35e-002  
4.64224e+016 2.48e-027  9.86e-001  1.38e-002  
4.64286e+016 2.59e-027  9.87e-001  1.33e-002  
4.64396e+016 2.93e-027  9.88e-001  1.20e-002  
4.64596e+016 3.53e-027  9.90e-001  1.02e-002  
4.64933e+016 4.52e-027  9.92e-001  8.15e-003  
4.65501e+016 6.15e-027  9.94e-001  6.15e-003  
4.66259e+016 8.36e-027  9.95e-001  4.63e-003  
4.67450e+016 1.28e-026  9.97e-001  3.08e-003  
4.68726e+016 2.05e-026  9.98e-001  1.94e-003  
4.69009e+016 2.27e-026  9.98e-001  1.76e-003  
4.69024e+016 2.27e-026  9.98e-001  1.75e-003  
4.69048e+016 2.29e-026  9.98e-001  1.71e-003  
4.69090e+016 2.32e-026  9.98e-001  1.64e-003  
4.69160e+016 2.39e-026  9.98e-001  1.55e-003  
4.69279e+016 2.53e-026  9.99e-001  1.42e-003  
4.69476e+016 2.76e-026  9.99e-001  1.29e-003  
4.69806e+016 3.16e-026  9.99e-001  1.15e-003  
4.70337e+016 3.92e-026  9.99e-001  9.74e-004  
4.70622e+016 4.33e-026  9.99e-001  9.07e-004  
4.71061e+016 5.01e-026  9.99e-001  8.14e-004  
4.71746e+016 6.20e-026  9.99e-001  7.16e-004  
4.72860e+016 8.56e-026  9.99e-001  5.90e-004  
4.74240e+016 1.24e-025  1.00e+000  4.83e-004  
4.74305e+016 1.26e-025  1.00e+000  4.79e-004  
4.74313e+016 1.26e-025  1.00e+000  4.79e-004  
4.74348e+016 1.27e-025  1.00e+000  4.76e-004  
4.74406e+016 1.29e-025  1.00e+000  4.66e-004  
4.74503e+016 1.32e-025  1.00e+000  4.48e-004  
4.74676e+016 1.41e-025  1.00e+000  4.07e-004  
4.74972e+016 1.49e-025  1.00e+000  3.84e-004  
4.75283e+016 1.61e-025  1.00e+000  3.73e-004  
4.75365e+016 1.64e-025  1.00e+000  3.73e-004  
4.75556e+016 1.72e-025  1.00e+000  3.72e-004  
4.75856e+016 1.85e-025  1.00e+000  3.73e-004  
4.76342e+016 2.07e-025  1.00e+000  3.75e-004  
4.77120e+016 2.48e-025  1.00e+000  3.75e-004  
4.78339e+016 3.23e-025  1.00e+000  3.68e-004  
4.79819e+016 4.40e-025  1.00e+000  3.68e-004  
4.80101e+016 4.65e-025  1.00e+000  3.70e-004  
4.80156e+016 4.71e-025  1.00e+000  3.69e-004  
4.80288e+016 4.83e-025  1.00e+000  3.68e-004  
4.80511e+016 5.05e-025  1.00e+000  3.68e-004  
4.80875e+016 5.42e-025  1.00e+000  3.69e-004  
4.81463e+016 6.07e-025  1.00e+000  3.71e-004  
4.82445e+016 7.31e-025  1.00e+000  3.80e-004  
4.83636e+016 9.11e-025  1.00e+000  3.96e-004  
4.84912e+016 1.15e-024  1.00e+000  4.12e-004  
4.86294e+016 1.46e-024  1.00e+000  4.30e-004  
4.87591e+016 1.82e-024  1.00e+000  4.50e-004  
4.88968e+016 2.27e-024  1.00e+000  4.67e-004  
4.90444e+016 2.86e-024  1.00e+000  4.93e-004  
4.91980e+016 3.59e-024  9.99e-001  5.15e-004  
4.93317e+016 4.33e-024  9.99e-001  5.40e-004  
4.94239e+016 4.91e-024  9.99e-001  5.60e-004  
4.95192e+016 5.57e-024  9.99e-001  5.72e-004  
4.96202e+016 6.34e-024  9.99e-001  5.91e-004  
4.97297e+016 7.26e-024  9.99e-001  6.13e-004  
4.98461e+016 8.34e-024  9.99e-001  6.26e-004  
4.99670e+016 9.58e-024  9.99e-001  6.42e-004  
5.00936e+016 1.10e-023  9.99e-001  6.47e-004  
5.02240e+016 1.26e-023  9.99e-001  6.48e-004  
5.03584e+016 1.43e-023  9.99e-001  6.45e-004  
5.05026e+016 1.64e-023  9.99e-001  6.22e-004  
5.05959e+016 1.79e-023  9.99e-001  6.14e-004  
5.06957e+016 1.96e-023  9.99e-001  5.97e-004  
5.07988e+016 2.15e-023  9.99e-001  5.72e-004  
5.09058e+016 2.37e-023  9.99e-001  5.52e-004  
5.10237e+016 2.64e-023  9.99e-001  5.15e-004  
5.11496e+016 2.95e-023  1.00e+000  4.81e-004  
5.12843e+016 3.32e-023  1.00e+000  4.46e-004  
5.14296e+016 3.76e-023  1.00e+000  4.01e-004  
5.15425e+016 4.14e-023  1.00e+000  3.74e-004  
5.16792e+016 4.64e-023  1.00e+000  3.38e-004  
5.18319e+016 5.26e-023  1.00e+000  3.02e-004  
5.19950e+016 5.99e-023  1.00e+000  2.67e-004  
5.21655e+016 6.85e-023  1.00e+000  2.32e-004  
5.23457e+016 7.86e-023  1.00e+000  2.01e-004  
5.25384e+016 9.08e-023  1.00e+000  1.70e-004  
5.27451e+016 1.05e-022  1.00e+000  1.42e-004  
5.29668e+016 1.23e-022  1.00e+000  1.15e-004  
5.31993e+016 1.43e-022  1.00e+000  9.37e-005  
5.34440e+016 1.68e-022  1.00e+000  7.44e-005  
5.36995e+016 1.96e-022  1.00e+000  5.92e-005  
5.39765e+016 2.31e-022  1.00e+000  4.55e-005  
5.42627e+016 2.70e-022  1.00e+000  3.53e-005  
5.45738e+016 3.18e-022  1.00e+000  2.62e-005  
5.49079e+016 3.75e-022  1.00e+000  1.97e-005  
5.52575e+016 4.39e-022  1.00e+000  1.46e-005  
5.56155e+016 5.11e-022  1.00e+000  1.08e-005  
5.59918e+016 5.92e-022  1.00e+000  8.06e-006  
5.63913e+016 6.82e-022  1.00e+000  6.00e-006  
5.68226e+016 7.84e-022  1.00e+000  4.45e-006  
5.72780e+016 8.93e-022  1.00e+000  3.30e-006  
5.77650e+016 1.01e-021  1.00e+000  2.49e-006  
5.82707e+016 1.13e-021  1.00e+000  1.91e-006  
5.88124e+016 1.25e-021  1.00e+000  1.46e-006  
5.93801e+016 1.37e-021  1.00e+000  1.15e-006  
5.99878e+016 1.49e-021  1.00e+000  9.13e-007  
6.06254e+016 1.68e-021  1.00e+000  7.02e-007  
6.12860e+016 2.04e-021  1.00e+000  5.10e-007  
6.19772e+016 2.66e-021  1.00e+000  3.47e-007  
6.27006e+016 3.70e-021  1.00e+000  2.23e-007  
6.34752e+016 5.48e-021  1.00e+000  1.36e-007  
6.43223e+016 8.56e-021  1.00e+000  7.91e-008  
6.52408e+016 1.39e-020  1.00e+000  4.50e-008  
6.62440e+016 2.32e-020  1.00e+000  2.50e-008  
6.73219e+016 3.91e-020  1.00e+000  1.38e-008  
6.84641e+016 6.56e-020  1.00e+000  7.85e-009  
6.96945e+016 1.10e-019  1.00e+000  4.54e-009  
7.10391e+016 1.85e-019  1.00e+000  2.67e-009  
7.25155e+016 3.09e-019  1.00e+000  1.61e-009  
7.42223e+016 5.23e-019  1.00e+000  9.90e-010  
7.63108e+016 9.13e-019  1.00e+000  6.13e-010  
7.86896e+016 1.56e-018  1.00e+000  4.05e-010  
8.18150e+016 2.81e-018  1.00e+000  2.74e-010  
8.55776e+016 4.95e-018  1.00e+000  2.06e-010  
9.00548e+016 8.40e-018  1.00e+000  1.76e-010  
9.53916e+016 1.37e-017  1.00e+000  1.73e-010  
1.01535e+017 2.09e-017  1.00e+000  2.00e-010  
1.09249e+017 3.10e-017  1.00e+000  2.69e-010  
1.19176e+017 4.35e-017  1.00e+000  4.02e-010  
1.32448e+017 5.55e-017  1.00e+000  5.30e-010  
