! 0       *H + *CH3CHO -> *CH3OCH2
! 1       CH3OCH2 + GRAIN -> *CH3OCH2 + GRAIN
!            tot_rate   0          1          
1.58188e+013 3.41e-019  1.00e+000  4.99e-006  
3.50727e+014 3.41e-019  1.00e+000  4.99e-006  
5.21628e+015 3.41e-019  1.00e+000  5.01e-006  
2.67137e+016 4.32e-019  1.00e+000  1.58e-005  
3.33598e+016 5.59e-019  1.00e+000  2.45e-005  
3.42055e+016 4.49e-019  1.00e+000  2.34e-005  
3.44017e+016 4.16e-019  1.00e+000  2.30e-005  
3.46353e+016 3.74e-019  1.00e+000  2.24e-005  
3.48860e+016 3.27e-019  1.00e+000  2.17e-005  
3.51370e+016 2.78e-019  1.00e+000  2.11e-005  
3.53250e+016 2.41e-019  1.00e+000  2.07e-005  
3.55515e+016 1.99e-019  1.00e+000  2.00e-005  
3.57182e+016 1.71e-019  1.00e+000  1.93e-005  
3.58524e+016 1.54e-019  1.00e+000  1.82e-005  
3.60047e+016 1.40e-019  1.00e+000  1.64e-005  
3.61718e+016 1.26e-019  1.00e+000  1.43e-005  
3.62899e+016 1.14e-019  1.00e+000  1.32e-005  
3.63893e+016 1.04e-019  1.00e+000  1.23e-005  
3.64972e+016 9.47e-020  1.00e+000  1.12e-005  
3.66124e+016 8.60e-020  1.00e+000  1.01e-005  
3.67348e+016 7.89e-020  1.00e+000  8.86e-006  
3.68621e+016 7.42e-020  1.00e+000  7.47e-006  
3.69700e+016 7.03e-020  1.00e+000  6.47e-006  
3.70376e+016 6.76e-020  1.00e+000  5.96e-006  
3.71087e+016 6.44e-020  1.00e+000  5.54e-006  
3.71826e+016 6.07e-020  1.00e+000  5.22e-006  
3.72589e+016 5.62e-020  1.00e+000  5.05e-006  
3.73370e+016 5.09e-020  1.00e+000  5.11e-006  
3.74165e+016 4.57e-020  1.00e+000  5.49e-006  
3.74829e+016 4.26e-020  1.00e+000  6.36e-006  
3.75505e+016 4.22e-020  1.00e+000  9.55e-006  
3.76194e+016 4.68e-020  1.00e+000  2.20e-005  
3.76839e+016 7.25e-020  1.00e+000  4.85e-005  
3.76854e+016 7.39e-020  1.00e+000  4.91e-005  
3.76877e+016 7.64e-020  1.00e+000  4.99e-005  
3.76917e+016 8.12e-020  1.00e+000  5.09e-005  
3.76980e+016 9.08e-020  1.00e+000  5.19e-005  
3.77083e+016 1.14e-019  1.00e+000  5.14e-005  
3.77248e+016 1.95e-019  1.00e+000  4.31e-005  
3.77450e+016 6.72e-019  1.00e+000  1.96e-005  
3.77655e+016 2.88e-018  1.00e+000  7.36e-006  
3.77936e+016 3.17e-021  9.88e-001  1.18e-002  
3.78016e+016 2.42e-021  9.82e-001  1.77e-002  
3.78111e+016 2.18e-021  9.77e-001  2.29e-002  
3.78273e+016 2.08e-021  9.69e-001  3.05e-002  
3.78530e+016 2.05e-021  9.56e-001  4.37e-002  
3.78818e+016 2.04e-021  9.40e-001  6.02e-002  
3.79076e+016 1.99e-021  9.24e-001  7.58e-002  
3.79253e+016 1.97e-021  9.17e-001  8.26e-002  
3.79502e+016 1.92e-021  9.16e-001  8.38e-002  
3.79755e+016 1.85e-021  9.27e-001  7.32e-002  
3.79897e+016 1.81e-021  9.36e-001  6.42e-002  
3.79918e+016 1.79e-021  9.36e-001  6.35e-002  
3.79956e+016 1.78e-021  9.39e-001  6.13e-002  
3.80017e+016 1.76e-021  9.42e-001  5.79e-002  
3.80129e+016 1.73e-021  9.48e-001  5.24e-002  
3.80319e+016 1.68e-021  9.54e-001  4.58e-002  
3.80578e+016 1.61e-021  9.60e-001  4.00e-002  
3.80629e+016 1.60e-021  9.61e-001  3.91e-002  
3.80713e+016 1.59e-021  9.62e-001  3.78e-002  
3.80859e+016 1.56e-021  9.64e-001  3.62e-002  
3.81083e+016 1.53e-021  9.66e-001  3.38e-002  
3.81265e+016 1.52e-021  9.69e-001  3.11e-002  
3.81480e+016 1.52e-021  9.76e-001  2.41e-002  
3.81769e+016 1.67e-021  9.84e-001  1.55e-002  
3.81836e+016 1.74e-021  9.86e-001  1.38e-002  
3.81952e+016 1.97e-021  9.89e-001  1.09e-002  
3.82149e+016 2.85e-021  9.94e-001  6.11e-003  
3.82433e+016 7.25e-021  9.98e-001  1.81e-003  
3.82740e+016 2.57e-020  1.00e+000  3.73e-004  
3.83054e+016 7.66e-020  1.00e+000  8.86e-005  
3.83376e+016 1.20e-019  1.00e+000  3.74e-005  
3.83751e+016 1.30e-019  1.00e+000  1.84e-005  
3.84132e+016 1.32e-019  1.00e+000  7.27e-006  
3.84531e+016 1.46e-019  1.00e+000  1.60e-006  
3.84962e+016 1.97e-019  1.00e+000  1.20e-007  
3.85449e+016 3.25e-019  1.00e+000  1.51e-009  
3.85990e+016 5.53e-019  1.00e+000  5.10e-011  
3.86597e+016 7.82e-019  1.00e+000  4.51e-011  
3.87288e+016 8.00e-019  1.00e+000  4.22e-011  
3.88139e+016 4.72e-019  1.00e+000  3.86e-011  
3.89093e+016 1.14e-019  1.00e+000  3.65e-011  
3.90068e+016 1.10e-020  1.00e+000  3.74e-011  
3.91088e+016 2.11e-021  1.00e+000  4.88e-011  
3.92181e+016 2.68e-021  1.00e+000  4.25e-011  
3.93325e+016 3.61e-021  1.00e+000  3.74e-011  
3.94519e+016 4.55e-021  1.00e+000  3.41e-011  
3.95803e+016 5.42e-021  1.00e+000  3.19e-011  
3.97190e+016 6.13e-021  1.00e+000  3.10e-011  
3.98699e+016 6.62e-021  1.00e+000  3.13e-011  
4.00514e+016 6.90e-021  1.00e+000  3.29e-011  
4.02549e+016 6.90e-021  1.00e+000  3.64e-011  
4.04761e+016 6.63e-021  1.00e+000  4.15e-011  
4.07070e+016 6.14e-021  1.00e+000  4.84e-011  
4.09451e+016 5.50e-021  1.00e+000  5.73e-011  
4.11988e+016 4.74e-021  1.00e+000  6.92e-011  
4.14624e+016 3.93e-021  1.00e+000  8.52e-011  
4.17462e+016 3.13e-021  1.00e+000  1.04e-010  
4.20512e+016 2.39e-021  1.00e+000  1.15e-010  
4.23867e+016 1.79e-021  1.00e+000  9.33e-011  
4.27356e+016 1.37e-021  1.00e+000  4.88e-011  
4.30994e+016 1.06e-021  1.00e+000  2.74e-011  
4.34671e+016 6.28e-022  1.00e+000  3.25e-011  
4.38104e+016 3.56e-022  1.00e+000  6.77e-011  
4.41007e+016 2.98e-022  1.00e+000  1.44e-010  
4.42181e+016 3.38e-022  1.00e+000  1.96e-010  
4.42811e+016 3.81e-022  1.00e+000  2.49e-010  
4.43809e+016 5.01e-022  1.00e+000  2.89e-010  
4.45030e+016 7.59e-022  1.00e+000  3.70e-010  
4.45401e+016 8.75e-022  1.00e+000  4.55e-010  
4.45998e+016 1.09e-021  1.00e+000  5.89e-010  
4.46779e+016 1.48e-021  1.00e+000  6.26e-010  
4.48006e+016 2.35e-021  1.00e+000  8.21e-010  
4.48529e+016 2.87e-021  1.00e+000  1.13e-009  
4.48834e+016 3.20e-021  1.00e+000  1.41e-009  
4.49346e+016 3.78e-021  1.00e+000  1.55e-009  
4.49870e+016 4.48e-021  1.00e+000  1.63e-009  
4.50684e+016 5.77e-021  1.00e+000  1.91e-009  
4.51867e+016 8.03e-021  1.00e+000  2.63e-009  
4.51946e+016 8.32e-021  1.00e+000  3.25e-009  
4.52061e+016 8.63e-021  1.00e+000  3.60e-009  
4.52265e+016 9.06e-021  1.00e+000  3.97e-009  
4.52632e+016 9.87e-021  1.00e+000  4.37e-009  
4.53239e+016 1.14e-020  1.00e+000  4.69e-009  
4.54167e+016 1.40e-020  1.00e+000  5.51e-009  
4.55446e+016 1.86e-020  1.00e+000  7.42e-009  
4.55658e+016 1.95e-020  1.00e+000  8.21e-009  
4.55697e+016 1.98e-020  1.00e+000  9.95e-009  
4.55761e+016 2.01e-020  1.00e+000  1.07e-008  
4.55871e+016 2.05e-020  1.00e+000  1.11e-008  
4.56066e+016 2.13e-020  1.00e+000  1.17e-008  
4.56410e+016 2.27e-020  1.00e+000  1.24e-008  
4.56849e+016 2.48e-020  1.00e+000  1.29e-008  
4.57241e+016 2.67e-020  1.00e+000  1.35e-008  
4.57850e+016 2.99e-020  1.00e+000  1.48e-008  
4.58802e+016 3.57e-020  1.00e+000  1.78e-008  
4.59720e+016 4.21e-020  1.00e+000  2.18e-008  
4.59734e+016 4.23e-020  1.00e+000  2.36e-008  
4.59759e+016 4.26e-020  1.00e+000  2.89e-008  
4.59802e+016 4.31e-020  1.00e+000  3.16e-008  
4.59873e+016 4.36e-020  1.00e+000  3.19e-008  
4.59993e+016 4.45e-020  1.00e+000  3.26e-008  
4.60196e+016 4.60e-020  1.00e+000  3.35e-008  
4.60580e+016 4.90e-020  1.00e+000  3.45e-008  
4.61139e+016 5.37e-020  1.00e+000  3.58e-008  
4.61801e+016 5.98e-020  1.00e+000  3.76e-008  
4.62829e+016 7.06e-020  1.00e+000  4.38e-008  
4.63958e+016 8.37e-020  1.00e+000  5.46e-008  
4.64165e+016 8.64e-020  1.00e+000  5.73e-008  
4.64187e+016 8.68e-020  1.00e+000  6.12e-008  
4.64224e+016 8.75e-020  1.00e+000  6.58e-008  
4.64286e+016 8.82e-020  1.00e+000  6.96e-008  
4.64396e+016 8.96e-020  1.00e+000  7.35e-008  
4.64596e+016 9.23e-020  1.00e+000  7.97e-008  
4.64933e+016 9.69e-020  1.00e+000  8.80e-008  
4.65501e+016 1.05e-019  1.00e+000  9.81e-008  
4.66259e+016 1.16e-019  1.00e+000  1.09e-007  
4.67450e+016 1.36e-019  1.00e+000  1.33e-007  
4.68726e+016 1.60e-019  1.00e+000  1.76e-007  
4.69009e+016 1.66e-019  1.00e+000  1.88e-007  
4.69024e+016 1.66e-019  1.00e+000  1.92e-007  
4.69048e+016 1.67e-019  1.00e+000  2.03e-007  
4.69090e+016 1.67e-019  1.00e+000  2.25e-007  
4.69160e+016 1.68e-019  1.00e+000  2.51e-007  
4.69279e+016 1.70e-019  1.00e+000  2.70e-007  
4.69476e+016 1.75e-019  1.00e+000  2.89e-007  
4.69806e+016 1.82e-019  1.00e+000  3.19e-007  
4.70337e+016 1.93e-019  1.00e+000  3.60e-007  
4.70622e+016 2.00e-019  1.00e+000  3.77e-007  
4.71061e+016 2.10e-019  1.00e+000  4.10e-007  
4.71746e+016 2.26e-019  1.00e+000  4.69e-007  
4.72860e+016 2.55e-019  1.00e+000  6.08e-007  
4.74240e+016 2.94e-019  1.00e+000  8.84e-007  
4.74305e+016 2.96e-019  1.00e+000  8.99e-007  
4.74313e+016 2.96e-019  1.00e+000  9.02e-007  
4.74348e+016 2.97e-019  1.00e+000  9.23e-007  
4.74406e+016 2.99e-019  1.00e+000  9.77e-007  
4.74503e+016 3.01e-019  1.00e+000  1.11e-006  
4.74676e+016 3.06e-019  1.00e+000  1.32e-006  
4.74972e+016 3.15e-019  1.00e+000  1.59e-006  
4.75283e+016 3.25e-019  1.00e+000  1.76e-006  
4.75365e+016 3.27e-019  1.00e+000  1.80e-006  
4.75556e+016 3.34e-019  1.00e+000  1.88e-006  
4.75856e+016 3.44e-019  1.00e+000  2.01e-006  
4.76342e+016 3.61e-019  1.00e+000  2.23e-006  
4.77120e+016 3.89e-019  1.00e+000  2.70e-006  
4.78339e+016 4.36e-019  1.00e+000  3.74e-006  
4.79819e+016 4.98e-019  1.00e+000  5.76e-006  
4.80101e+016 5.11e-019  1.00e+000  6.24e-006  
4.80156e+016 5.14e-019  1.00e+000  6.34e-006  
4.80288e+016 5.20e-019  1.00e+000  6.62e-006  
4.80511e+016 5.30e-019  1.00e+000  7.11e-006  
4.80875e+016 5.47e-019  1.00e+000  8.01e-006  
4.81463e+016 5.76e-019  1.00e+000  9.48e-006  
4.82445e+016 6.28e-019  1.00e+000  1.18e-005  
4.83636e+016 6.97e-019  1.00e+000  1.43e-005  
4.84912e+016 7.78e-019  1.00e+000  1.59e-005  
4.86294e+016 8.77e-019  1.00e+000  1.61e-005  
4.87591e+016 9.80e-019  1.00e+000  1.47e-005  
4.88968e+016 1.10e-018  1.00e+000  1.26e-005  
4.90444e+016 1.25e-018  1.00e+000  1.01e-005  
4.91980e+016 1.42e-018  1.00e+000  7.68e-006  
4.93317e+016 1.59e-018  1.00e+000  5.98e-006  
4.94239e+016 1.72e-018  1.00e+000  4.99e-006  
4.95192e+016 1.87e-018  1.00e+000  4.12e-006  
4.96202e+016 2.03e-018  1.00e+000  3.41e-006  
4.97297e+016 2.23e-018  1.00e+000  2.80e-006  
4.98461e+016 2.46e-018  1.00e+000  2.31e-006  
4.99670e+016 2.72e-018  1.00e+000  1.94e-006  
5.00936e+016 3.01e-018  1.00e+000  1.67e-006  
5.02240e+016 3.34e-018  1.00e+000  1.47e-006  
5.03584e+016 3.70e-018  1.00e+000  1.35e-006  
5.05026e+016 4.13e-018  1.00e+000  1.26e-006  
5.05959e+016 4.44e-018  1.00e+000  1.24e-006  
5.06957e+016 4.80e-018  1.00e+000  1.23e-006  
5.07988e+016 5.20e-018  1.00e+000  1.24e-006  
5.09058e+016 5.66e-018  1.00e+000  1.26e-006  
5.10237e+016 6.21e-018  1.00e+000  1.29e-006  
5.11496e+016 6.86e-018  1.00e+000  1.33e-006  
5.12843e+016 7.63e-018  1.00e+000  1.38e-006  
5.14296e+016 8.57e-018  1.00e+000  1.46e-006  
5.15425e+016 9.40e-018  1.00e+000  1.52e-006  
5.16792e+016 1.05e-017  1.00e+000  1.63e-006  
5.18319e+016 1.19e-017  1.00e+000  1.77e-006  
5.19950e+016 1.36e-017  1.00e+000  1.99e-006  
5.21655e+016 1.57e-017  1.00e+000  2.27e-006  
5.23457e+016 1.82e-017  1.00e+000  2.71e-006  
5.25384e+016 2.13e-017  1.00e+000  3.37e-006  
5.27451e+016 2.53e-017  1.00e+000  4.31e-006  
5.29668e+016 3.02e-017  1.00e+000  5.79e-006  
5.31993e+016 3.64e-017  1.00e+000  7.86e-006  
5.34440e+016 4.40e-017  1.00e+000  1.08e-005  
5.36995e+016 5.32e-017  1.00e+000  1.50e-005  
5.39765e+016 6.50e-017  1.00e+000  2.09e-005  
5.42627e+016 7.90e-017  1.00e+000  2.90e-005  
5.45738e+016 9.66e-017  1.00e+000  4.00e-005  
5.49079e+016 1.18e-016  1.00e+000  5.47e-005  
5.52575e+016 1.44e-016  1.00e+000  7.29e-005  
5.56155e+016 1.74e-016  1.00e+000  9.54e-005  
5.59918e+016 2.08e-016  1.00e+000  1.22e-004  
5.63913e+016 2.47e-016  1.00e+000  1.53e-004  
5.68226e+016 2.93e-016  1.00e+000  1.87e-004  
5.72780e+016 3.44e-016  1.00e+000  2.23e-004  
5.77650e+016 4.01e-016  1.00e+000  2.59e-004  
5.82707e+016 4.61e-016  1.00e+000  2.91e-004  
5.88124e+016 5.26e-016  1.00e+000  3.17e-004  
5.93801e+016 5.93e-016  1.00e+000  3.37e-004  
5.99878e+016 6.63e-016  1.00e+000  3.48e-004  
6.06254e+016 7.34e-016  1.00e+000  3.53e-004  
6.12860e+016 8.04e-016  1.00e+000  3.51e-004  
6.19772e+016 8.74e-016  1.00e+000  3.44e-004  
6.27006e+016 9.43e-016  1.00e+000  3.37e-004  
6.34752e+016 1.01e-015  1.00e+000  3.30e-004  
6.43223e+016 1.09e-015  1.00e+000  3.19e-004  
6.52408e+016 1.17e-015  1.00e+000  3.12e-004  
6.62440e+016 1.26e-015  1.00e+000  3.06e-004  
6.73219e+016 1.36e-015  1.00e+000  3.02e-004  
6.84641e+016 1.47e-015  1.00e+000  3.00e-004  
6.96945e+016 1.59e-015  1.00e+000  3.01e-004  
7.10391e+016 1.74e-015  1.00e+000  3.03e-004  
7.25155e+016 1.91e-015  1.00e+000  3.11e-004  
7.42223e+016 2.12e-015  1.00e+000  3.26e-004  
7.63108e+016 2.40e-015  1.00e+000  3.53e-004  
7.86896e+016 2.75e-015  1.00e+000  3.93e-004  
8.18150e+016 3.24e-015  1.00e+000  4.66e-004  
8.55776e+016 3.84e-015  9.99e-001  5.96e-004  
9.00548e+016 4.52e-015  9.99e-001  8.18e-004  
9.53916e+016 5.15e-015  9.99e-001  1.24e-003  
1.01535e+017 5.55e-015  9.98e-001  2.00e-003  
1.09249e+017 5.53e-015  9.96e-001  3.56e-003  
1.19176e+017 4.77e-015  9.93e-001  6.54e-003  
1.32448e+017 3.11e-015  9.90e-001  1.04e-002  
