! 0       H + GRAIN -> *H + GRAIN
! 1       *OH + *CO -> *CO2 + *H
! 2       *NH + *NO -> *N2 + *O + *H
! 3       *CH3OH + CRPhoton -> *H2CO + *H + *H
! 4       *CH3OH + CRPhoton -> *CH + *H2O + *H
! 5       *CH3CCH + CRPhoton -> *CH2CCH + *H
! 6       *HNO + ISPhoton -> *NO + *H
! 7       *CH3CCH + CRPhoton -> *CH2CCH + *H
! 8       *H2O + CRPhoton -> *OH + *H
! 9       *H2O + CRPhoton -> *OH + *H
!            tot_rate   0          1          2          3          4          5          6          7          8          9          
1.58188e+013 1.36e-012  9.86e-001  2.87e-003  9.20e-005  3.46e-005  2.60e-005  1.59e-004  1.94e-005  1.16e-004  5.30e-005  9.05e-003  
3.50727e+014 1.36e-012  9.86e-001  2.87e-003  9.20e-005  3.46e-005  2.60e-005  1.59e-004  1.94e-005  1.16e-004  5.30e-005  9.05e-003  
5.21628e+015 1.36e-012  9.86e-001  2.88e-003  9.20e-005  3.46e-005  2.60e-005  1.59e-004  1.94e-005  1.16e-004  5.30e-005  9.05e-003  
2.67137e+016 1.51e-012  9.85e-001  4.76e-003  1.48e-004  3.13e-005  2.35e-005  1.43e-004  1.76e-005  1.04e-004  4.79e-005  8.20e-003  
3.33598e+016 1.71e-012  9.80e-001  1.04e-002  2.56e-004  2.81e-005  2.11e-005  1.29e-004  1.60e-005  9.39e-005  4.29e-005  7.35e-003  
3.42055e+016 1.36e-012  9.69e-001  1.89e-002  3.91e-004  3.56e-005  2.68e-005  1.64e-004  2.03e-005  1.19e-004  5.45e-005  9.33e-003  
3.44017e+016 1.26e-012  9.65e-001  2.25e-002  4.51e-004  3.84e-005  2.89e-005  1.76e-004  2.20e-005  1.28e-004  5.88e-005  1.00e-002  
3.46353e+016 1.13e-012  9.57e-001  2.86e-002  5.61e-004  4.32e-005  3.26e-005  1.98e-004  2.47e-005  1.44e-004  6.62e-005  1.13e-002  
3.48860e+016 9.85e-013  9.47e-001  3.63e-002  7.37e-004  4.97e-005  3.74e-005  2.28e-004  2.84e-005  1.66e-004  7.61e-005  1.30e-002  
3.51370e+016 8.36e-013  9.36e-001  4.43e-002  1.01e-003  5.90e-005  4.44e-005  2.70e-004  3.37e-005  1.97e-004  9.02e-005  1.54e-002  
3.53250e+016 7.23e-013  9.27e-001  4.92e-002  1.29e-003  6.84e-005  5.16e-005  3.14e-004  3.91e-005  2.29e-004  1.05e-004  1.78e-002  
3.55515e+016 5.92e-013  9.17e-001  5.39e-002  1.72e-003  8.43e-005  6.35e-005  3.87e-004  4.83e-005  2.82e-004  1.29e-004  2.20e-002  
3.57182e+016 5.02e-013  9.09e-001  5.70e-002  2.09e-003  1.00e-004  7.55e-005  4.60e-004  5.74e-005  3.35e-004  1.53e-004  2.61e-002  
3.58524e+016 4.33e-013  9.00e-001  6.00e-002  2.45e-003  1.17e-004  8.79e-005  5.35e-004  6.69e-005  3.90e-004  1.79e-004  3.05e-002  
3.60047e+016 3.63e-013  8.86e-001  6.58e-002  2.89e-003  1.41e-004  1.06e-004  6.44e-004  8.06e-005  4.71e-004  2.15e-004  3.66e-002  
3.61718e+016 2.93e-013  8.70e-001  6.96e-002  3.37e-003  1.77e-004  1.33e-004  8.12e-004  1.01e-004  5.90e-004  2.71e-004  4.61e-002  
3.62899e+016 2.50e-013  8.53e-001  7.57e-002  3.73e-003  2.10e-004  1.58e-004  9.61e-004  1.20e-004  7.01e-004  3.21e-004  5.48e-002  
3.63893e+016 2.18e-013  8.35e-001  8.12e-002  4.13e-003  2.43e-004  1.84e-004  1.12e-003  1.39e-004  8.12e-004  3.73e-004  6.38e-002  
3.64972e+016 1.87e-013  8.12e-001  8.82e-002  4.77e-003  2.88e-004  2.17e-004  1.33e-003  1.65e-004  9.62e-004  4.41e-004  7.53e-002  
3.66124e+016 1.44e-013  8.67e-001  0.00e+000  6.33e-003  3.83e-004  2.89e-004  1.75e-003  2.19e-004  1.28e-003  5.86e-004  9.99e-002  
3.67348e+016 1.21e-013  8.36e-001  0.00e+000  8.52e-003  4.70e-004  3.54e-004  2.16e-003  2.68e-004  1.57e-003  7.19e-004  1.22e-001  
3.68621e+016 1.12e-013  7.16e-001  9.66e-002  1.55e-002  5.26e-004  3.96e-004  2.41e-003  2.99e-004  1.76e-003  8.06e-004  1.38e-001  
3.69700e+016 9.74e-014  6.76e-001  9.99e-002  2.39e-002  6.26e-004  4.72e-004  2.88e-003  3.51e-004  2.10e-003  9.60e-004  1.63e-001  
3.70376e+016 9.04e-014  6.44e-001  1.07e-001  2.71e-002  6.93e-004  5.22e-004  3.19e-003  3.84e-004  2.32e-003  1.06e-003  1.81e-001  
3.71087e+016 8.42e-014  6.10e-001  1.16e-001  2.97e-002  7.66e-004  5.77e-004  3.53e-003  4.15e-004  2.57e-003  1.17e-003  2.01e-001  
3.71826e+016 7.88e-014  5.74e-001  1.27e-001  3.19e-002  8.46e-004  6.38e-004  3.91e-003  4.42e-004  2.84e-003  1.29e-003  2.21e-001  
3.72589e+016 7.43e-014  5.36e-001  1.39e-001  3.31e-002  9.31e-004  7.02e-004  4.31e-003  4.58e-004  3.14e-003  1.43e-003  2.42e-001  
3.73370e+016 7.03e-014  5.02e-001  1.49e-001  3.24e-002  1.02e-003  7.67e-004  4.75e-003  4.51e-004  3.46e-003  1.55e-003  2.65e-001  
3.74165e+016 6.64e-014  4.76e-001  1.61e-001  2.70e-002  1.11e-003  8.33e-004  5.24e-003  4.08e-004  3.81e-003  1.67e-003  2.85e-001  
3.74829e+016 6.26e-014  4.65e-001  1.71e-001  1.76e-002  1.18e-003  8.86e-004  5.70e-003  3.37e-004  4.15e-003  1.74e-003  2.99e-001  
3.75505e+016 5.79e-014  4.67e-001  1.78e-001  8.40e-003  1.23e-003  9.28e-004  6.22e-003  2.30e-004  4.53e-003  1.78e-003  3.04e-001  
3.76194e+016 5.13e-014  4.95e-001  1.78e-001  2.79e-003  1.24e-003  9.35e-004  6.78e-003  1.07e-004  4.93e-003  1.70e-003  2.90e-001  
3.76839e+016 4.25e-014  5.69e-001  1.68e-001  5.92e-004  1.14e-003  8.56e-004  7.19e-003  2.37e-005  5.24e-003  1.39e-003  2.37e-001  
3.76854e+016 4.23e-014  5.72e-001  1.67e-001  5.67e-004  1.13e-003  8.51e-004  7.19e-003  2.27e-005  5.25e-003  1.38e-003  2.35e-001  
3.76877e+016 4.19e-014  5.76e-001  1.67e-001  5.28e-004  1.12e-003  8.46e-004  7.22e-003  2.08e-005  5.26e-003  1.36e-003  2.32e-001  
3.76917e+016 4.13e-014  5.84e-001  1.66e-001  4.68e-004  1.10e-003  8.33e-004  7.19e-003  1.79e-005  5.23e-003  1.32e-003  2.25e-001  
3.76980e+016 4.02e-014  5.97e-001  1.64e-001  3.78e-004  1.07e-003  8.11e-004  7.19e-003  1.37e-005  5.22e-003  1.26e-003  2.15e-001  
3.77083e+016 3.84e-014  6.20e-001  1.62e-001  2.60e-004  1.02e-003  7.66e-004  7.14e-003  8.24e-006  5.19e-003  1.15e-003  1.96e-001  
3.77248e+016 3.53e-014  6.69e-001  1.55e-001  1.21e-004  8.79e-004  6.63e-004  6.86e-003  2.72e-006  4.99e-003  9.15e-004  1.56e-001  
3.77450e+016 3.07e-014  7.59e-001  1.35e-001  1.87e-005  6.06e-004  4.59e-004  5.96e-003  2.41e-007  4.33e-003  5.31e-004  9.02e-002  
3.77655e+016 2.45e-014  9.41e-001  4.61e-002  4.44e-008  9.94e-005  7.50e-005  2.35e-003  1.45e-010  1.71e-003  4.36e-005  7.42e-003  
3.77936e+016 2.35e-014  9.71e-001  2.85e-002  2.73e-008  7.62e-007  5.75e-007  1.48e-004  1.22e-010  1.08e-004  6.26e-008  1.07e-005  
3.78016e+016 2.34e-014  9.72e-001  2.76e-002  2.75e-008  1.68e-007  1.27e-007  6.21e-005  1.17e-010  4.54e-005  8.31e-009  1.42e-006  
3.78111e+016 2.32e-014  9.73e-001  2.68e-002  2.79e-008  2.57e-008  1.94e-008  2.12e-005  1.11e-010  1.55e-005  7.02e-010  1.20e-007  
3.78273e+016 2.31e-014  9.74e-001  2.56e-002  2.84e-008  9.09e-010  6.84e-010  3.04e-006  1.01e-010  2.22e-006  4.01e-011  6.84e-009  
3.78530e+016 2.28e-014  9.76e-001  2.35e-002  2.82e-008  2.90e-011  2.18e-011  1.05e-007  8.49e-011  7.66e-008  3.04e-011  5.21e-009  
3.78818e+016 2.26e-014  9.79e-001  2.11e-002  2.71e-008  2.43e-011  1.83e-011  1.69e-009  6.73e-011  1.23e-009  2.80e-011  4.78e-009  
3.79076e+016 2.24e-014  9.81e-001  1.88e-002  2.35e-008  2.27e-011  1.71e-011  2.01e-010  5.35e-011  1.46e-010  2.60e-011  4.44e-009  
3.79253e+016 2.24e-014  9.82e-001  1.77e-002  2.03e-008  2.16e-011  1.63e-011  1.71e-010  4.60e-011  1.25e-010  2.48e-011  4.23e-009  
3.79502e+016 2.24e-014  9.84e-001  1.62e-002  1.61e-008  2.02e-011  1.52e-011  1.59e-010  3.67e-011  1.15e-010  2.32e-011  3.96e-009  
3.79755e+016 2.23e-014  9.85e-001  1.49e-002  1.28e-008  1.90e-011  1.43e-011  1.49e-010  2.96e-011  1.08e-010  2.18e-011  3.72e-009  
3.79897e+016 2.23e-014  9.85e-001  1.43e-002  1.12e-008  1.84e-011  1.38e-011  1.43e-010  2.63e-011  1.04e-010  2.11e-011  3.61e-009  
3.79918e+016 2.23e-014  9.86e-001  1.42e-002  1.09e-008  1.83e-011  1.38e-011  1.42e-010  2.58e-011  1.04e-010  2.10e-011  3.59e-009  
3.79956e+016 2.23e-014  9.86e-001  1.41e-002  1.06e-008  1.81e-011  1.37e-011  1.41e-010  2.50e-011  1.03e-010  2.08e-011  3.55e-009  
3.80017e+016 2.23e-014  9.86e-001  1.39e-002  9.95e-009  1.78e-011  1.34e-011  1.39e-010  2.37e-011  1.01e-010  2.05e-011  3.50e-009  
3.80129e+016 2.23e-014  9.86e-001  1.35e-002  8.97e-009  1.74e-011  1.31e-011  1.35e-010  2.15e-011  9.86e-011  2.00e-011  3.42e-009  
3.80319e+016 2.24e-014  9.87e-001  1.30e-002  7.41e-009  1.67e-011  1.25e-011  1.30e-010  1.83e-011  9.42e-011  1.92e-011  3.27e-009  
3.80578e+016 2.26e-014  9.87e-001  1.24e-002  5.85e-009  1.57e-011  1.18e-011  1.21e-010  1.49e-011  8.81e-011  1.81e-011  3.09e-009  
3.80629e+016 2.27e-014  9.88e-001  1.22e-002  5.56e-009  1.54e-011  1.16e-011  1.19e-010  1.43e-011  8.69e-011  1.79e-011  3.05e-009  
3.80713e+016 2.28e-014  9.88e-001  1.21e-002  5.14e-009  1.51e-011  1.14e-011  1.17e-010  1.34e-011  8.52e-011  1.75e-011  2.99e-009  
3.80859e+016 2.29e-014  9.88e-001  1.19e-002  4.50e-009  1.47e-011  1.11e-011  1.13e-010  1.22e-011  8.26e-011  1.70e-011  2.91e-009  
3.81083e+016 2.32e-014  9.88e-001  1.15e-002  3.68e-009  1.39e-011  1.05e-011  1.07e-010  1.04e-011  7.81e-011  1.62e-011  2.77e-009  
3.81265e+016 2.35e-014  9.89e-001  1.11e-002  3.12e-009  1.33e-011  1.01e-011  1.02e-010  9.25e-012  7.46e-011  1.56e-011  2.67e-009  
3.81480e+016 2.39e-014  9.89e-001  1.05e-002  2.56e-009  1.27e-011  9.60e-012  9.73e-011  8.13e-012  7.08e-011  1.50e-011  2.56e-009  
3.81769e+016 2.44e-014  9.91e-001  9.37e-003  2.00e-009  1.19e-011  8.96e-012  9.09e-011  7.04e-012  6.63e-011  1.42e-011  2.43e-009  
3.81836e+016 2.46e-014  9.91e-001  9.06e-003  1.90e-009  1.17e-011  8.81e-012  8.93e-011  6.82e-012  6.50e-011  1.41e-011  2.40e-009  
3.81952e+016 2.48e-014  9.91e-001  8.46e-003  1.75e-009  1.15e-011  8.67e-012  8.75e-011  6.53e-012  6.37e-011  1.38e-011  2.36e-009  
3.82149e+016 2.53e-014  9.93e-001  7.24e-003  1.54e-009  1.10e-011  8.27e-012  8.34e-011  5.97e-012  6.05e-011  1.33e-011  2.27e-009  
3.82433e+016 2.58e-014  9.95e-001  5.38e-003  1.44e-009  1.04e-011  7.82e-012  7.89e-011  5.19e-012  5.73e-011  1.28e-011  2.18e-009  
3.82740e+016 2.65e-014  9.97e-001  3.37e-003  1.57e-009  9.81e-012  7.40e-012  7.44e-011  4.04e-012  5.40e-011  1.22e-011  2.08e-009  
3.83054e+016 2.69e-014  9.98e-001  1.79e-003  2.07e-009  9.35e-012  7.05e-012  7.09e-011  2.37e-012  5.16e-011  1.18e-011  2.01e-009  
3.83376e+016 2.74e-014  9.99e-001  8.10e-004  2.83e-009  8.79e-012  6.64e-012  6.75e-011  1.25e-012  4.92e-011  1.13e-011  1.93e-009  
3.83751e+016 2.79e-014  1.00e+000  3.47e-004  3.87e-009  8.17e-012  6.16e-012  6.45e-011  8.49e-013  4.69e-011  1.09e-011  1.85e-009  
3.84132e+016 2.85e-014  1.00e+000  2.87e-004  4.88e-009  7.26e-012  5.47e-012  6.17e-011  7.23e-013  4.49e-011  1.04e-011  1.78e-009  
3.84531e+016 2.92e-014  1.00e+000  4.14e-004  5.61e-009  5.92e-012  4.45e-012  5.89e-011  6.40e-013  4.28e-011  1.00e-011  1.71e-009  
3.84962e+016 3.01e-014  9.99e-001  5.98e-004  5.74e-009  3.95e-012  2.97e-012  5.61e-011  5.31e-013  4.08e-011  9.60e-012  1.64e-009  
3.85449e+016 3.12e-014  9.99e-001  6.21e-004  5.09e-009  1.68e-012  1.26e-012  5.32e-011  4.23e-013  3.88e-011  9.16e-012  1.56e-009  
3.85990e+016 3.27e-014  1.00e+000  3.58e-004  4.34e-009  2.91e-013  2.19e-013  5.01e-011  3.42e-013  3.67e-011  8.71e-012  1.49e-009  
3.86597e+016 3.46e-014  1.00e+000  1.57e-004  4.02e-009  1.09e-014  8.18e-015  4.71e-011  2.74e-013  3.44e-011  8.18e-012  1.40e-009  
3.87288e+016 3.73e-014  1.00e+000  1.60e-004  4.50e-009  1.70e-015  1.28e-015  4.37e-011  2.09e-013  3.19e-011  7.61e-012  1.30e-009  
3.88139e+016 4.21e-014  1.00e+000  2.29e-004  6.10e-009  2.75e-015  2.08e-015  3.89e-011  1.55e-013  2.85e-011  6.84e-012  1.17e-009  
3.89093e+016 5.03e-014  1.00e+000  3.34e-004  8.01e-009  4.55e-015  3.44e-015  3.32e-011  1.19e-013  2.42e-011  5.84e-012  9.96e-010  
3.90068e+016 6.33e-014  1.00e+000  4.41e-004  9.00e-009  6.27e-015  4.74e-015  2.72e-011  9.62e-014  1.97e-011  4.78e-012  8.16e-010  
3.91088e+016 8.45e-014  9.99e-001  5.20e-004  8.67e-009  7.26e-015  5.48e-015  2.11e-011  7.84e-014  1.54e-011  3.73e-012  6.36e-010  
3.92181e+016 1.19e-013  9.99e-001  5.54e-004  7.38e-009  7.29e-015  5.49e-015  1.57e-011  6.39e-014  1.14e-011  2.79e-012  4.76e-010  
3.93325e+016 1.73e-013  9.99e-001  5.41e-004  5.83e-009  6.59e-015  4.95e-015  1.15e-011  5.22e-014  8.38e-012  2.04e-012  3.48e-010  
3.94519e+016 2.54e-013  1.00e+000  4.96e-004  4.49e-009  5.55e-015  4.17e-015  8.38e-012  4.29e-014  6.10e-012  1.50e-012  2.55e-010  
3.95803e+016 3.72e-013  1.00e+000  4.33e-004  3.47e-009  4.54e-015  3.41e-015  6.18e-012  3.57e-014  4.51e-012  1.11e-012  1.89e-010  
3.97190e+016 5.41e-013  1.00e+000  3.66e-004  2.73e-009  3.66e-015  2.75e-015  4.67e-012  3.07e-014  3.40e-012  8.43e-013  1.44e-010  
3.98699e+016 7.71e-013  1.00e+000  3.03e-004  2.30e-009  2.97e-015  2.23e-015  3.66e-012  2.76e-014  2.66e-012  6.64e-013  1.13e-010  
4.00514e+016 1.11e-012  1.00e+000  2.42e-004  2.03e-009  2.39e-015  1.80e-015  2.93e-012  2.66e-014  2.13e-012  5.36e-013  9.10e-011  
4.02549e+016 1.56e-012  1.00e+000  1.92e-004  1.97e-009  1.95e-015  1.47e-015  2.46e-012  2.83e-014  1.79e-012  4.54e-013  7.75e-011  
4.04761e+016 2.14e-012  1.00e+000  1.52e-004  2.07e-009  1.61e-015  1.21e-015  2.19e-012  3.28e-014  1.59e-012  4.06e-013  6.91e-011  
4.07070e+016 2.83e-012  1.00e+000  1.24e-004  2.35e-009  1.36e-015  1.02e-015  2.06e-012  4.10e-014  1.50e-012  3.85e-013  6.57e-011  
4.09451e+016 3.65e-012  1.00e+000  1.02e-004  2.82e-009  1.15e-015  8.63e-016  2.03e-012  5.51e-014  1.48e-012  3.81e-013  6.49e-011  
4.11988e+016 4.67e-012  1.00e+000  8.52e-005  3.47e-009  9.68e-016  7.30e-016  2.09e-012  7.88e-014  1.52e-012  3.90e-013  6.66e-011  
4.14624e+016 5.90e-012  1.00e+000  7.29e-005  4.17e-009  8.22e-016  6.20e-016  2.24e-012  1.19e-013  1.63e-012  4.15e-013  7.08e-011  
4.17462e+016 7.49e-012  1.00e+000  6.38e-005  4.62e-009  6.96e-016  5.25e-016  2.48e-012  1.90e-013  1.82e-012  4.59e-013  7.85e-011  
4.20512e+016 9.58e-012  1.00e+000  5.77e-005  4.31e-009  5.76e-016  4.34e-016  2.88e-012  3.15e-013  2.10e-012  5.27e-013  8.99e-011  
4.23867e+016 1.25e-011  1.00e+000  5.37e-005  2.95e-009  4.36e-016  3.29e-016  3.49e-012  5.34e-013  2.54e-012  6.31e-013  1.08e-010  
4.27356e+016 1.63e-011  1.00e+000  5.18e-005  1.33e-009  2.87e-016  2.17e-016  4.43e-012  8.53e-013  3.23e-012  7.91e-013  1.36e-010  
4.30994e+016 2.15e-011  1.00e+000  5.07e-005  3.91e-010  1.60e-016  1.20e-016  5.91e-012  1.24e-012  4.28e-012  1.04e-012  1.77e-010  
4.34671e+016 2.85e-011  1.00e+000  4.84e-005  8.07e-011  6.91e-017  5.19e-017  8.07e-012  1.69e-012  5.89e-012  1.41e-012  2.41e-010  
4.38104e+016 3.70e-011  1.00e+000  3.57e-005  2.08e-011  2.19e-017  1.65e-017  1.12e-011  2.22e-012  8.19e-012  1.95e-012  3.32e-010  
4.41007e+016 4.62e-011  1.00e+000  2.21e-005  9.68e-012  6.67e-018  5.02e-018  1.52e-011  2.79e-012  1.10e-011  2.62e-012  4.48e-010  
4.42181e+016 5.06e-011  1.00e+000  1.74e-005  7.91e-012  4.03e-018  3.02e-018  1.73e-011  3.08e-012  1.26e-011  2.98e-012  5.08e-010  
4.42811e+016 5.32e-011  1.00e+000  1.53e-005  7.20e-012  3.12e-018  2.35e-018  1.85e-011  3.23e-012  1.34e-011  3.20e-012  5.43e-010  
4.43809e+016 5.74e-011  1.00e+000  1.31e-005  6.31e-012  2.21e-018  1.67e-018  2.07e-011  3.52e-012  1.51e-011  3.57e-012  6.10e-010  
4.45030e+016 6.31e-011  1.00e+000  1.04e-005  5.55e-012  1.58e-018  1.19e-018  2.38e-011  3.91e-012  1.73e-011  4.10e-012  7.00e-010  
4.45401e+016 6.51e-011  1.00e+000  9.14e-006  5.36e-012  1.46e-018  1.10e-018  2.49e-011  4.02e-012  1.81e-011  4.29e-012  7.33e-010  
4.45998e+016 6.82e-011  1.00e+000  7.87e-006  5.21e-012  1.45e-018  1.09e-018  2.65e-011  4.25e-012  1.94e-011  4.60e-012  7.86e-010  
4.46779e+016 7.24e-011  1.00e+000  6.85e-006  4.97e-012  1.73e-018  1.30e-018  2.91e-011  4.56e-012  2.13e-011  5.06e-012  8.63e-010  
4.48006e+016 7.96e-011  1.00e+000  5.24e-006  4.82e-012  3.05e-018  2.30e-018  3.39e-011  5.10e-012  2.47e-011  5.90e-012  1.01e-009  
4.48529e+016 8.32e-011  1.00e+000  4.25e-006  4.82e-012  4.21e-018  3.17e-018  3.62e-011  5.35e-012  2.63e-011  6.31e-012  1.08e-009  
4.48834e+016 8.52e-011  1.00e+000  3.79e-006  4.96e-012  5.15e-018  3.88e-018  3.76e-011  5.49e-012  2.73e-011  6.57e-012  1.12e-009  
4.49346e+016 8.86e-011  1.00e+000  3.52e-006  5.11e-012  7.11e-018  5.36e-018  4.01e-011  5.76e-012  2.91e-011  7.01e-012  1.20e-009  
4.49870e+016 9.22e-011  1.00e+000  3.26e-006  5.25e-012  9.93e-018  7.49e-018  4.29e-011  6.06e-012  3.12e-011  7.53e-012  1.28e-009  
4.50684e+016 9.82e-011  1.00e+000  2.82e-006  5.57e-012  1.65e-017  1.24e-017  4.78e-011  6.56e-012  3.48e-011  8.41e-012  1.44e-009  
4.51867e+016 1.08e-010  1.00e+000  2.24e-006  6.39e-012  3.26e-017  2.45e-017  5.53e-011  7.32e-012  4.03e-011  9.81e-012  1.68e-009  
4.51946e+016 1.09e-010  1.00e+000  2.01e-006  6.46e-012  3.48e-017  2.61e-017  5.60e-011  7.41e-012  4.07e-011  1.00e-011  1.71e-009  
4.52061e+016 1.10e-010  1.00e+000  1.80e-006  6.66e-012  3.85e-017  2.90e-017  5.74e-011  7.51e-012  4.18e-011  1.03e-011  1.75e-009  
4.52265e+016 1.12e-010  1.00e+000  1.74e-006  6.96e-012  4.28e-017  3.22e-017  5.88e-011  7.63e-012  4.29e-011  1.05e-011  1.79e-009  
4.52632e+016 1.15e-010  1.00e+000  1.70e-006  7.47e-012  5.17e-017  3.90e-017  6.16e-011  7.92e-012  4.48e-011  1.10e-011  1.88e-009  
4.53239e+016 1.20e-010  1.00e+000  1.63e-006  8.27e-012  7.08e-017  5.34e-017  6.67e-011  8.42e-012  4.87e-011  1.21e-011  2.06e-009  
4.54167e+016 1.29e-010  1.00e+000  1.46e-006  9.69e-012  1.12e-016  8.45e-017  7.54e-011  9.30e-012  5.50e-011  1.37e-011  2.34e-009  
4.55446e+016 1.43e-010  1.00e+000  1.20e-006  1.26e-011  2.08e-016  1.57e-016  8.95e-011  1.06e-011  6.54e-011  1.66e-011  2.83e-009  
4.55658e+016 1.45e-010  1.00e+000  1.15e-006  1.32e-011  2.31e-016  1.74e-016  9.31e-011  1.08e-011  6.77e-011  1.72e-011  2.94e-009  
4.55697e+016 1.46e-010  1.00e+000  1.05e-006  1.34e-011  2.36e-016  1.78e-016  9.32e-011  1.09e-011  6.78e-011  1.73e-011  2.96e-009  
4.55761e+016 1.47e-010  1.00e+000  9.32e-007  1.37e-011  2.48e-016  1.86e-016  9.39e-011  1.10e-011  6.87e-011  1.76e-011  3.00e-009  
4.55871e+016 1.48e-010  1.00e+000  8.92e-007  1.42e-011  2.63e-016  1.98e-016  9.53e-011  1.11e-011  6.96e-011  1.79e-011  3.05e-009  
4.56066e+016 1.51e-010  1.00e+000  8.74e-007  1.50e-011  2.85e-016  2.15e-016  9.80e-011  1.13e-011  7.15e-011  1.83e-011  3.13e-009  
4.56410e+016 1.55e-010  1.00e+000  8.65e-007  1.64e-011  3.32e-016  2.50e-016  1.03e-010  1.17e-011  7.48e-011  1.94e-011  3.30e-009  
4.56849e+016 1.60e-010  1.00e+000  8.62e-007  1.81e-011  4.06e-016  3.06e-016  1.10e-010  1.23e-011  8.00e-011  2.08e-011  3.56e-009  
4.57241e+016 1.65e-010  1.00e+000  8.42e-007  1.98e-011  4.83e-016  3.64e-016  1.16e-010  1.28e-011  8.48e-011  2.22e-011  3.78e-009  
4.57850e+016 1.73e-010  1.00e+000  7.92e-007  2.27e-011  6.24e-016  4.71e-016  1.26e-010  1.36e-011  9.19e-011  2.43e-011  4.14e-009  
4.58802e+016 1.86e-010  1.00e+000  6.99e-007  2.87e-011  9.46e-016  7.15e-016  1.44e-010  1.52e-011  1.05e-010  2.84e-011  4.86e-009  
4.59720e+016 2.00e-010  1.00e+000  6.15e-007  3.60e-011  1.41e-015  1.06e-015  1.65e-010  1.69e-011  1.20e-010  3.32e-011  5.65e-009  
4.59734e+016 2.01e-010  1.00e+000  6.02e-007  3.61e-011  1.41e-015  1.06e-015  1.65e-010  1.69e-011  1.20e-010  3.32e-011  5.67e-009  
4.59759e+016 2.02e-010  1.00e+000  5.54e-007  3.64e-011  1.43e-015  1.07e-015  1.65e-010  1.69e-011  1.20e-010  3.33e-011  5.69e-009  
4.59802e+016 2.03e-010  1.00e+000  4.93e-007  3.71e-011  1.47e-015  1.11e-015  1.66e-010  1.71e-011  1.21e-010  3.38e-011  5.76e-009  
4.59873e+016 2.04e-010  1.00e+000  4.53e-007  3.81e-011  1.54e-015  1.17e-015  1.69e-010  1.72e-011  1.23e-010  3.45e-011  5.88e-009  
4.59993e+016 2.06e-010  1.00e+000  4.38e-007  3.98e-011  1.65e-015  1.24e-015  1.72e-010  1.74e-011  1.25e-010  3.53e-011  6.02e-009  
4.60196e+016 2.09e-010  1.00e+000  4.35e-007  4.26e-011  1.79e-015  1.35e-015  1.78e-010  1.78e-011  1.30e-010  3.66e-011  6.22e-009  
4.60580e+016 2.15e-010  1.00e+000  4.33e-007  4.79e-011  2.10e-015  1.58e-015  1.88e-010  1.87e-011  1.37e-010  3.90e-011  6.65e-009  
4.61139e+016 2.24e-010  1.00e+000  4.29e-007  5.54e-011  2.63e-015  1.98e-015  2.04e-010  1.99e-011  1.49e-010  4.29e-011  7.32e-009  
4.61801e+016 2.36e-010  1.00e+000  4.10e-007  6.44e-011  3.43e-015  2.59e-015  2.25e-010  2.14e-011  1.64e-010  4.79e-011  8.22e-009  
4.62829e+016 2.56e-010  1.00e+000  3.61e-007  8.28e-011  5.27e-015  3.98e-015  2.63e-010  2.42e-011  1.91e-010  5.82e-011  9.92e-009  
4.63958e+016 2.80e-010  1.00e+000  3.01e-007  1.09e-010  8.25e-015  6.21e-015  3.09e-010  2.76e-011  2.25e-010  7.11e-011  1.21e-008  
4.64165e+016 2.84e-010  1.00e+000  2.92e-007  1.15e-010  8.98e-015  6.76e-015  3.19e-010  2.85e-011  2.33e-010  7.39e-011  1.26e-008  
4.64187e+016 2.86e-010  1.00e+000  2.76e-007  1.16e-010  9.02e-015  6.82e-015  3.19e-010  2.85e-011  2.32e-010  7.38e-011  1.26e-008  
4.64224e+016 2.87e-010  1.00e+000  2.46e-007  1.17e-010  9.20e-015  6.93e-015  3.21e-010  2.87e-011  2.34e-010  7.46e-011  1.28e-008  
4.64286e+016 2.89e-010  1.00e+000  2.13e-007  1.20e-010  9.55e-015  7.20e-015  3.24e-010  2.90e-011  2.36e-010  7.58e-011  1.29e-008  
4.64396e+016 2.91e-010  1.00e+000  1.96e-007  1.25e-010  1.01e-014  7.66e-015  3.31e-010  2.95e-011  2.41e-010  7.84e-011  1.34e-008  
4.64596e+016 2.96e-010  1.00e+000  1.92e-007  1.32e-010  1.11e-014  8.41e-015  3.41e-010  3.01e-011  2.49e-010  8.18e-011  1.40e-008  
4.64933e+016 3.03e-010  1.00e+000  1.92e-007  1.46e-010  1.29e-014  9.70e-015  3.63e-010  3.15e-011  2.64e-010  8.81e-011  1.50e-008  
4.65501e+016 3.17e-010  1.00e+000  1.90e-007  1.68e-010  1.58e-014  1.19e-014  3.94e-010  3.34e-011  2.86e-010  9.68e-011  1.65e-008  
4.66259e+016 3.35e-010  1.00e+000  1.82e-007  2.00e-010  2.11e-014  1.59e-014  4.39e-010  3.70e-011  3.19e-010  1.11e-010  1.90e-008  
4.67450e+016 3.68e-010  1.00e+000  1.56e-007  2.54e-010  3.29e-014  2.48e-014  5.22e-010  4.27e-011  3.80e-010  1.39e-010  2.37e-008  
4.68726e+016 4.06e-010  1.00e+000  1.26e-007  3.28e-010  5.39e-014  4.06e-014  6.35e-010  5.07e-011  4.63e-010  1.80e-010  3.08e-008  
4.69009e+016 4.16e-010  1.00e+000  1.19e-007  3.46e-010  6.03e-014  4.54e-014  6.63e-010  5.24e-011  4.83e-010  1.91e-010  3.27e-008  
4.69024e+016 4.16e-010  1.00e+000  1.18e-007  3.46e-010  6.06e-014  4.57e-014  6.66e-010  5.26e-011  4.86e-010  1.92e-010  3.27e-008  
4.69048e+016 4.18e-010  1.00e+000  1.13e-007  3.44e-010  6.10e-014  4.59e-014  6.67e-010  5.26e-011  4.86e-010  1.92e-010  3.28e-008  
4.69090e+016 4.21e-010  1.00e+000  1.02e-007  3.47e-010  6.18e-014  4.66e-014  6.67e-010  5.27e-011  4.87e-010  1.93e-010  3.30e-008  
4.69160e+016 4.24e-010  1.00e+000  8.68e-008  3.51e-010  6.37e-014  4.79e-014  6.75e-010  5.35e-011  4.91e-010  1.96e-010  3.35e-008  
4.69279e+016 4.28e-010  1.00e+000  7.52e-008  3.62e-010  6.73e-014  5.07e-014  6.87e-010  5.47e-011  5.00e-010  2.01e-010  3.43e-008  
4.69476e+016 4.34e-010  1.00e+000  7.17e-008  3.80e-010  7.33e-014  5.51e-014  7.07e-010  5.60e-011  5.16e-010  2.10e-010  3.59e-008  
4.69806e+016 4.45e-010  1.00e+000  7.12e-008  4.09e-010  8.31e-014  6.27e-014  7.44e-010  5.84e-011  5.42e-010  2.25e-010  3.84e-008  
4.70337e+016 4.63e-010  1.00e+000  7.15e-008  4.56e-010  1.01e-013  7.62e-014  8.08e-010  6.26e-011  5.87e-010  2.51e-010  4.28e-008  
4.70622e+016 4.73e-010  1.00e+000  7.12e-008  4.80e-010  1.12e-013  8.48e-014  8.44e-010  6.51e-011  6.15e-010  2.66e-010  4.55e-008  
4.71061e+016 4.89e-010  1.00e+000  6.97e-008  5.15e-010  1.31e-013  9.86e-014  8.98e-010  6.87e-011  6.54e-010  2.88e-010  4.93e-008  
4.71746e+016 5.15e-010  1.00e+000  6.78e-008  5.79e-010  1.64e-013  1.23e-013  9.86e-010  7.50e-011  7.18e-010  3.26e-010  5.55e-008  
4.72860e+016 5.61e-010  1.00e+000  6.26e-008  6.97e-010  2.39e-013  1.80e-013  1.15e-009  8.68e-011  8.34e-010  3.96e-010  6.76e-008  
4.74240e+016 6.24e-010  1.00e+000  5.53e-008  8.75e-010  3.81e-013  2.88e-013  1.38e-009  1.04e-010  1.01e-009  5.08e-010  8.67e-008  
4.74305e+016 6.27e-010  1.00e+000  5.50e-008  8.85e-010  3.91e-013  2.95e-013  1.40e-009  1.05e-010  1.02e-009  5.14e-010  8.77e-008  
4.74313e+016 6.28e-010  1.00e+000  5.49e-008  8.85e-010  3.92e-013  2.95e-013  1.40e-009  1.06e-010  1.02e-009  5.14e-010  8.77e-008  
4.74348e+016 6.30e-010  1.00e+000  5.44e-008  8.89e-010  3.95e-013  2.98e-013  1.40e-009  1.06e-010  1.02e-009  5.17e-010  8.83e-008  
4.74406e+016 6.34e-010  1.00e+000  5.27e-008  8.91e-010  4.02e-013  3.03e-013  1.41e-009  1.07e-010  1.03e-009  5.21e-010  8.90e-008  
4.74503e+016 6.40e-010  1.00e+000  4.86e-008  9.03e-010  4.16e-013  3.12e-013  1.42e-009  1.09e-010  1.04e-009  5.30e-010  9.03e-008  
4.74676e+016 6.51e-010  1.00e+000  4.27e-008  9.25e-010  4.41e-013  3.32e-013  1.45e-009  1.12e-010  1.06e-009  5.44e-010  9.28e-008  
4.74972e+016 6.67e-010  1.00e+000  3.88e-008  9.70e-010  4.90e-013  3.69e-013  1.51e-009  1.16e-010  1.10e-009  5.73e-010  9.78e-008  
4.75283e+016 6.82e-010  1.00e+000  3.89e-008  1.03e-009  5.48e-013  4.13e-013  1.57e-009  1.21e-010  1.14e-009  6.06e-010  1.03e-007  
4.75365e+016 6.86e-010  1.00e+000  3.91e-008  1.04e-009  5.63e-013  4.24e-013  1.59e-009  1.23e-010  1.16e-009  6.15e-010  1.05e-007  
4.75556e+016 6.96e-010  1.00e+000  3.97e-008  1.07e-009  6.01e-013  4.53e-013  1.62e-009  1.26e-010  1.19e-009  6.35e-010  1.08e-007  
4.75856e+016 7.11e-010  1.00e+000  4.08e-008  1.13e-009  6.64e-013  5.01e-013  1.69e-009  1.31e-010  1.23e-009  6.68e-010  1.14e-007  
4.76342e+016 7.37e-010  1.00e+000  4.22e-008  1.23e-009  7.75e-013  5.85e-013  1.80e-009  1.40e-010  1.31e-009  7.22e-010  1.23e-007  
4.77120e+016 7.81e-010  1.00e+000  4.40e-008  1.40e-009  9.91e-013  7.46e-013  1.98e-009  1.56e-010  1.45e-009  8.16e-010  1.40e-007  
4.78339e+016 8.57e-010  1.00e+000  4.52e-008  1.63e-009  1.44e-012  1.08e-012  2.28e-009  1.81e-010  1.66e-009  9.70e-010  1.66e-007  
4.79819e+016 9.59e-010  1.00e+000  4.80e-008  1.99e-009  2.19e-012  1.66e-012  2.67e-009  2.20e-010  1.94e-009  1.17e-009  1.99e-007  
4.80101e+016 9.79e-010  1.00e+000  4.87e-008  2.05e-009  2.38e-012  1.80e-012  2.75e-009  2.28e-010  2.00e-009  1.21e-009  2.06e-007  
4.80156e+016 9.84e-010  1.00e+000  4.89e-008  2.07e-009  2.42e-012  1.82e-012  2.75e-009  2.30e-010  2.01e-009  1.22e-009  2.07e-007  
4.80288e+016 9.94e-010  1.00e+000  4.92e-008  2.10e-009  2.51e-012  1.89e-012  2.80e-009  2.33e-010  2.03e-009  1.24e-009  2.10e-007  
4.80511e+016 1.01e-009  1.00e+000  4.98e-008  2.16e-009  2.67e-012  2.01e-012  2.86e-009  2.40e-010  2.08e-009  1.27e-009  2.16e-007  
4.80875e+016 1.04e-009  1.00e+000  5.10e-008  2.24e-009  2.95e-012  2.23e-012  2.96e-009  2.51e-010  2.15e-009  1.32e-009  2.25e-007  
4.81463e+016 1.09e-009  1.00e+000  5.30e-008  2.39e-009  3.49e-012  2.62e-012  3.12e-009  2.70e-010  2.28e-009  1.40e-009  2.39e-007  
4.82445e+016 1.17e-009  1.00e+000  5.80e-008  2.63e-009  4.58e-012  3.45e-012  3.43e-009  3.03e-010  2.50e-009  1.55e-009  2.65e-007  
4.83636e+016 1.28e-009  1.00e+000  6.59e-008  2.93e-009  6.31e-012  4.76e-012  3.80e-009  3.46e-010  2.77e-009  1.73e-009  2.96e-007  
4.84912e+016 1.41e-009  1.00e+000  7.59e-008  3.21e-009  8.79e-012  6.63e-012  4.21e-009  3.94e-010  3.06e-009  1.93e-009  3.30e-007  
4.86294e+016 1.56e-009  1.00e+000  8.91e-008  3.46e-009  1.26e-011  9.49e-012  4.69e-009  4.48e-010  3.41e-009  2.15e-009  3.68e-007  
4.87591e+016 1.72e-009  1.00e+000  1.04e-007  3.62e-009  1.74e-011  1.31e-011  5.13e-009  4.94e-010  3.73e-009  2.36e-009  4.03e-007  
4.88968e+016 1.90e-009  1.00e+000  1.22e-007  3.66e-009  2.46e-011  1.85e-011  5.63e-009  5.37e-010  4.10e-009  2.59e-009  4.42e-007  
4.90444e+016 2.12e-009  1.00e+000  1.45e-007  3.60e-009  3.52e-011  2.66e-011  6.18e-009  5.75e-010  4.49e-009  2.83e-009  4.81e-007  
4.91980e+016 2.37e-009  1.00e+000  1.73e-007  3.41e-009  5.11e-011  3.86e-011  6.71e-009  5.99e-010  4.89e-009  3.07e-009  5.23e-007  
4.93317e+016 2.61e-009  1.00e+000  2.02e-007  3.17e-009  7.09e-011  5.33e-011  7.24e-009  6.13e-010  5.25e-009  3.29e-009  5.59e-007  
4.94239e+016 2.78e-009  1.00e+000  2.27e-007  2.99e-009  8.85e-011  6.69e-011  7.59e-009  6.15e-010  5.54e-009  3.45e-009  5.90e-007  
4.95192e+016 2.98e-009  1.00e+000  2.50e-007  2.76e-009  1.11e-010  8.39e-011  7.95e-009  6.14e-010  5.81e-009  3.59e-009  6.14e-007  
4.96202e+016 3.20e-009  1.00e+000  2.78e-007  2.52e-009  1.41e-010  1.06e-010  8.34e-009  6.06e-010  6.06e-009  3.75e-009  6.41e-007  
4.97297e+016 3.44e-009  1.00e+000  3.14e-007  2.29e-009  1.83e-010  1.38e-010  8.78e-009  5.99e-010  6.40e-009  3.95e-009  6.72e-007  
4.98461e+016 3.73e-009  1.00e+000  3.49e-007  2.02e-009  2.38e-010  1.79e-010  9.22e-009  5.84e-010  6.70e-009  4.13e-009  7.02e-007  
4.99670e+016 4.04e-009  1.00e+000  3.89e-007  1.78e-009  3.12e-010  2.35e-010  9.68e-009  5.69e-010  7.05e-009  4.31e-009  7.35e-007  
5.00936e+016 4.38e-009  1.00e+000  4.29e-007  1.54e-009  4.09e-010  3.08e-010  1.02e-008  5.50e-010  7.40e-009  4.52e-009  7.69e-007  
5.02240e+016 4.75e-009  1.00e+000  4.67e-007  1.32e-009  5.37e-010  4.04e-010  1.07e-008  5.33e-010  7.77e-009  4.72e-009  8.04e-007  
5.03584e+016 5.14e-009  1.00e+000  4.98e-007  1.13e-009  7.00e-010  5.27e-010  1.12e-008  5.16e-010  8.15e-009  4.92e-009  8.40e-007  
5.05026e+016 5.59e-009  1.00e+000  5.17e-007  9.48e-010  9.14e-010  6.91e-010  1.17e-008  4.94e-010  8.53e-009  5.13e-009  8.77e-007  
5.05959e+016 5.90e-009  1.00e+000  5.31e-007  8.56e-010  1.08e-009  8.12e-010  1.21e-008  4.83e-010  8.78e-009  5.27e-009  8.98e-007  
5.06957e+016 6.25e-009  1.00e+000  5.30e-007  7.60e-010  1.27e-009  9.57e-010  1.24e-008  4.70e-010  9.01e-009  5.39e-009  9.20e-007  
5.07988e+016 6.62e-009  1.00e+000  5.27e-007  6.77e-010  1.49e-009  1.12e-009  1.27e-008  4.59e-010  9.26e-009  5.53e-009  9.44e-007  
5.09058e+016 7.02e-009  1.00e+000  5.26e-007  6.05e-010  1.74e-009  1.31e-009  1.31e-008  4.49e-010  9.52e-009  5.67e-009  9.67e-007  
5.10237e+016 7.48e-009  1.00e+000  5.09e-007  5.32e-010  2.06e-009  1.55e-009  1.35e-008  4.39e-010  9.79e-009  5.82e-009  9.92e-007  
5.11496e+016 8.00e-009  1.00e+000  4.92e-007  4.67e-010  2.41e-009  1.82e-009  1.39e-008  4.27e-010  1.01e-008  5.96e-009  1.02e-006  
5.12843e+016 8.56e-009  1.00e+000  4.77e-007  4.10e-010  2.85e-009  2.15e-009  1.43e-008  4.18e-010  1.04e-008  6.13e-009  1.05e-006  
5.14296e+016 9.19e-009  1.00e+000  4.53e-007  3.55e-010  3.37e-009  2.55e-009  1.47e-008  4.09e-010  1.07e-008  6.32e-009  1.08e-006  
5.15425e+016 9.71e-009  1.00e+000  4.39e-007  3.21e-010  3.82e-009  2.87e-009  1.50e-008  4.04e-010  1.09e-008  6.46e-009  1.10e-006  
5.16792e+016 1.03e-008  1.00e+000  4.21e-007  2.86e-010  4.43e-009  3.34e-009  1.55e-008  4.00e-010  1.14e-008  6.66e-009  1.14e-006  
5.18319e+016 1.11e-008  1.00e+000  3.94e-007  2.50e-010  5.14e-009  3.87e-009  1.59e-008  3.93e-010  1.16e-008  6.81e-009  1.16e-006  
5.19950e+016 1.19e-008  1.00e+000  3.67e-007  2.18e-010  6.01e-009  4.53e-009  1.65e-008  3.89e-010  1.20e-008  7.03e-009  1.20e-006  
5.21655e+016 1.28e-008  1.00e+000  3.34e-007  1.90e-010  6.98e-009  5.27e-009  1.70e-008  3.85e-010  1.24e-008  7.25e-009  1.23e-006  
5.23457e+016 1.38e-008  1.00e+000  3.04e-007  1.65e-010  8.12e-009  6.11e-009  1.75e-008  3.82e-010  1.28e-008  7.46e-009  1.28e-006  
5.25384e+016 1.49e-008  1.00e+000  2.69e-007  1.43e-010  9.40e-009  7.11e-009  1.82e-008  3.80e-010  1.32e-008  7.72e-009  1.32e-006  
5.27451e+016 1.60e-008  1.00e+000  2.38e-007  1.24e-010  1.10e-008  8.25e-009  1.90e-008  3.82e-010  1.38e-008  8.06e-009  1.37e-006  
5.29668e+016 1.73e-008  1.00e+000  2.06e-007  1.07e-010  1.27e-008  9.60e-009  1.98e-008  3.83e-010  1.44e-008  8.38e-009  1.43e-006  
5.31993e+016 1.87e-008  1.00e+000  1.75e-007  9.20e-011  1.47e-008  1.11e-008  2.06e-008  3.86e-010  1.50e-008  8.72e-009  1.49e-006  
5.34440e+016 2.01e-008  1.00e+000  1.48e-007  7.91e-011  1.70e-008  1.28e-008  2.16e-008  3.92e-010  1.58e-008  9.15e-009  1.57e-006  
5.36995e+016 2.16e-008  1.00e+000  1.24e-007  6.85e-011  1.95e-008  1.47e-008  2.27e-008  3.99e-010  1.65e-008  9.63e-009  1.64e-006  
5.39765e+016 2.33e-008  1.00e+000  1.01e-007  5.84e-011  2.23e-008  1.68e-008  2.39e-008  4.07e-010  1.74e-008  1.01e-008  1.73e-006  
5.42627e+016 2.49e-008  1.00e+000  8.31e-008  5.10e-011  2.55e-008  1.92e-008  2.53e-008  4.18e-010  1.84e-008  1.07e-008  1.83e-006  
5.45738e+016 2.67e-008  1.00e+000  6.55e-008  4.34e-011  2.91e-008  2.19e-008  2.68e-008  4.34e-010  1.95e-008  1.13e-008  1.94e-006  
5.49079e+016 2.85e-008  1.00e+000  5.26e-008  3.75e-011  3.33e-008  2.51e-008  2.86e-008  4.53e-010  2.08e-008  1.21e-008  2.07e-006  
5.52575e+016 3.02e-008  1.00e+000  4.14e-008  3.25e-011  3.81e-008  2.86e-008  3.06e-008  4.74e-010  2.23e-008  1.30e-008  2.22e-006  
5.56155e+016 3.18e-008  1.00e+000  3.27e-008  2.84e-011  4.31e-008  3.24e-008  3.30e-008  5.00e-010  2.40e-008  1.40e-008  2.38e-006  
5.59918e+016 3.34e-008  1.00e+000  2.60e-008  2.50e-011  4.88e-008  3.68e-008  3.53e-008  5.30e-010  2.57e-008  1.50e-008  2.56e-006  
5.63913e+016 3.47e-008  1.00e+000  2.07e-008  2.22e-011  5.53e-008  4.18e-008  3.83e-008  5.68e-010  2.79e-008  1.63e-008  2.77e-006  
5.68226e+016 3.60e-008  1.00e+000  1.62e-008  1.98e-011  6.28e-008  4.75e-008  4.17e-008  6.11e-010  3.03e-008  1.76e-008  3.00e-006  
5.72780e+016 3.69e-008  1.00e+000  1.28e-008  1.78e-011  7.18e-008  5.42e-008  4.55e-008  6.67e-010  3.31e-008  1.93e-008  3.31e-006  
5.77650e+016 3.76e-008  1.00e+000  1.02e-008  1.62e-011  8.19e-008  6.17e-008  4.97e-008  7.26e-010  3.62e-008  2.12e-008  3.62e-006  
5.82707e+016 3.79e-008  1.00e+000  8.23e-009  1.50e-011  9.34e-008  7.04e-008  5.49e-008  7.99e-010  3.98e-008  2.33e-008  3.98e-006  
5.88124e+016 3.79e-008  1.00e+000  6.65e-009  1.40e-011  1.07e-007  8.05e-008  6.04e-008  8.84e-010  4.41e-008  2.58e-008  4.41e-006  
5.93801e+016 3.75e-008  1.00e+000  5.55e-009  1.33e-011  1.22e-007  9.23e-008  6.72e-008  9.79e-010  4.88e-008  2.85e-008  4.88e-006  
5.99878e+016 3.68e-008  1.00e+000  4.65e-009  1.27e-011  1.40e-007  1.06e-007  7.47e-008  1.09e-009  5.43e-008  3.18e-008  5.43e-006  
6.06254e+016 3.57e-008  1.00e+000  4.03e-009  1.24e-011  1.61e-007  1.22e-007  8.35e-008  1.22e-009  6.08e-008  3.56e-008  6.08e-006  
6.12860e+016 3.44e-008  1.00e+000  3.63e-009  1.24e-011  1.85e-007  1.40e-007  9.30e-008  1.37e-009  6.77e-008  3.98e-008  6.80e-006  
6.19772e+016 3.29e-008  1.00e+000  3.34e-009  1.25e-011  2.13e-007  1.60e-007  1.04e-007  1.53e-009  7.57e-008  4.44e-008  7.60e-006  
6.27006e+016 3.11e-008  1.00e+000  3.21e-009  1.29e-011  2.45e-007  1.85e-007  1.16e-007  1.72e-009  8.49e-008  5.02e-008  8.55e-006  
6.34752e+016 2.92e-008  1.00e+000  3.18e-009  1.36e-011  2.83e-007  2.13e-007  1.31e-007  1.94e-009  9.55e-008  5.65e-008  9.62e-006  
6.43223e+016 2.70e-008  1.00e+000  3.31e-009  1.47e-011  3.30e-007  2.49e-007  1.49e-007  2.22e-009  1.09e-007  6.44e-008  1.10e-005  
6.52408e+016 2.48e-008  1.00e+000  3.58e-009  1.64e-011  3.86e-007  2.91e-007  1.70e-007  2.56e-009  1.24e-007  7.34e-008  1.25e-005  
6.62440e+016 2.24e-008  1.00e+000  4.02e-009  1.90e-011  4.55e-007  3.45e-007  1.97e-007  3.00e-009  1.43e-007  8.53e-008  1.46e-005  
6.73219e+016 2.00e-008  1.00e+000  4.69e-009  2.27e-011  5.45e-007  4.10e-007  2.29e-007  3.57e-009  1.67e-007  9.95e-008  1.70e-005  
6.84641e+016 1.77e-008  1.00e+000  5.71e-009  2.83e-011  6.50e-007  4.90e-007  2.68e-007  4.29e-009  1.95e-007  1.16e-007  1.99e-005  
6.96945e+016 1.55e-008  1.00e+000  7.16e-009  3.68e-011  7.81e-007  5.88e-007  3.16e-007  5.26e-009  2.30e-007  1.38e-007  2.35e-005  
7.10391e+016 1.33e-008  1.00e+000  9.47e-009  5.08e-011  9.55e-007  7.17e-007  3.79e-007  6.65e-009  2.76e-007  1.65e-007  2.83e-005  
7.25155e+016 1.12e-008  1.00e+000  1.33e-008  7.49e-011  1.18e-006  8.87e-007  4.62e-007  8.73e-009  3.37e-007  2.03e-007  3.46e-005  
7.42223e+016 9.16e-009  1.00e+000  2.00e-008  1.22e-010  1.50e-006  1.12e-006  5.80e-007  1.21e-008  4.22e-007  2.55e-007  4.36e-005  
7.63108e+016 7.14e-009  1.00e+000  3.36e-008  2.31e-010  1.99e-006  1.50e-006  7.62e-007  1.85e-008  5.55e-007  3.38e-007  5.76e-005  
7.86896e+016 5.36e-009  1.00e+000  6.21e-008  5.07e-010  2.72e-006  2.05e-006  1.04e-006  3.08e-008  7.57e-007  4.61e-007  7.87e-005  
8.18150e+016 3.67e-009  1.00e+000  1.42e-007  1.49e-009  4.11e-006  3.11e-006  1.56e-006  6.21e-008  1.13e-006  6.95e-007  1.19e-004  
8.55776e+016 2.33e-009  1.00e+000  3.90e-007  5.71e-009  6.61e-006  4.98e-006  2.51e-006  1.47e-007  1.83e-006  1.13e-006  1.92e-004  
9.00548e+016 1.36e-009  1.00e+000  1.30e-006  2.83e-008  1.15e-005  8.67e-006  4.40e-006  4.08e-007  3.20e-006  1.98e-006  3.39e-004  
9.53916e+016 7.34e-010  9.99e-001  5.28e-006  1.79e-007  2.15e-005  1.62e-005  8.36e-006  1.29e-006  6.08e-006  3.78e-006  6.45e-004  
1.01535e+017 3.74e-010  9.98e-001  2.48e-005  1.33e-006  4.26e-005  3.21e-005  1.68e-005  4.31e-006  1.22e-005  7.60e-006  1.30e-003  
1.09249e+017 1.76e-010  9.96e-001  1.42e-004  1.24e-005  9.11e-005  6.83e-005  3.64e-005  1.54e-005  2.65e-005  1.66e-005  2.83e-003  
1.19176e+017 8.37e-011  9.92e-001  8.23e-004  1.01e-004  1.91e-004  1.43e-004  7.80e-005  5.18e-005  5.69e-005  3.56e-005  6.07e-003  
1.32448e+017 5.04e-011  9.84e-001  3.01e-003  4.22e-004  3.17e-004  2.40e-004  1.32e-004  1.26e-004  9.64e-005  6.03e-005  1.03e-002  
