! 0       *H + *H2CO -> *CH3O
! 1       CH3O + GRAIN -> *CH3O + GRAIN
! 2       *H + *CH3OH -> *CH3O + *H2
! 3       *O + *CH3 -> *CH3O
!            tot_rate   0          1          2          3          
1.58188e+013 1.17e-014  1.00e+000  3.88e-005  6.05e-009  7.05e-011  
3.50727e+014 1.17e-014  1.00e+000  3.88e-005  6.05e-009  7.05e-011  
5.21628e+015 1.17e-014  1.00e+000  3.90e-005  6.05e-009  7.07e-011  
2.67137e+016 1.18e-014  1.00e+000  1.26e-004  6.06e-009  1.52e-010  
3.33598e+016 1.16e-014  1.00e+000  2.35e-004  6.05e-009  4.21e-010  
3.42055e+016 9.36e-015  1.00e+000  2.21e-004  6.06e-009  1.07e-009  
3.44017e+016 8.70e-015  1.00e+000  2.16e-004  6.06e-009  1.49e-009  
3.46353e+016 7.86e-015  1.00e+000  2.10e-004  6.07e-009  2.51e-009  
3.48860e+016 6.92e-015  1.00e+000  2.02e-004  6.07e-009  5.10e-009  
3.51370e+016 5.92e-015  1.00e+000  1.96e-004  6.06e-009  1.30e-008  
3.53250e+016 5.15e-015  1.00e+000  1.91e-004  6.06e-009  3.13e-008  
3.55515e+016 4.22e-015  1.00e+000  1.87e-004  6.07e-009  1.17e-007  
3.57182e+016 3.57e-015  1.00e+000  1.84e-004  6.05e-009  3.56e-007  
3.58524e+016 3.07e-015  1.00e+000  1.82e-004  6.06e-009  8.76e-007  
3.60047e+016 2.54e-015  1.00e+000  1.80e-004  6.06e-009  2.07e-006  
3.61718e+016 2.03e-015  1.00e+000  1.78e-004  6.06e-009  3.83e-006  
3.62899e+016 1.71e-015  1.00e+000  1.76e-004  6.08e-009  5.17e-006  
3.63893e+016 1.48e-015  1.00e+000  1.74e-004  6.05e-009  6.40e-006  
3.64972e+016 1.25e-015  1.00e+000  1.72e-004  6.07e-009  8.08e-006  
3.66124e+016 1.05e-015  1.00e+000  1.68e-004  6.07e-009  1.41e-005  
3.67348e+016 8.82e-016  1.00e+000  1.61e-004  6.06e-009  0.00e+000  
3.68621e+016 7.91e-016  1.00e+000  1.42e-004  6.07e-009  3.99e-006  
3.69700e+016 7.19e-016  1.00e+000  1.28e-004  6.06e-009  6.09e-007  
3.70376e+016 6.74e-016  1.00e+000  1.21e-004  6.08e-009  1.65e-007  
3.71087e+016 6.38e-016  1.00e+000  1.13e-004  6.10e-009  4.17e-008  
3.71826e+016 6.16e-016  1.00e+000  1.03e-004  6.10e-009  1.03e-008  
3.72589e+016 6.13e-016  1.00e+000  9.13e-005  6.13e-009  2.54e-009  
3.73370e+016 6.33e-016  1.00e+000  7.87e-005  6.21e-009  6.56e-010  
3.74165e+016 6.77e-016  1.00e+000  6.59e-005  6.31e-009  1.95e-010  
3.74829e+016 7.22e-016  1.00e+000  5.69e-005  6.48e-009  9.32e-011  
3.75505e+016 7.55e-016  1.00e+000  5.07e-005  6.79e-009  8.61e-011  
3.76194e+016 7.27e-016  1.00e+000  4.95e-005  7.43e-009  3.05e-010  
3.76839e+016 6.07e-016  1.00e+000  5.72e-005  8.75e-009  9.69e-009  
3.76854e+016 6.03e-016  1.00e+000  5.74e-005  8.79e-009  1.09e-008  
3.76877e+016 5.96e-016  1.00e+000  5.81e-005  8.88e-009  1.34e-008  
3.76917e+016 5.85e-016  1.00e+000  5.91e-005  9.01e-009  1.91e-008  
3.76980e+016 5.64e-016  1.00e+000  6.12e-005  9.27e-009  3.58e-008  
3.77083e+016 5.27e-016  1.00e+000  6.53e-005  9.79e-009  1.15e-007  
3.77248e+016 4.52e-016  1.00e+000  7.63e-005  1.10e-008  1.29e-006  
3.77450e+016 2.98e-016  1.00e+000  1.17e-004  1.40e-008  1.43e-004  
3.77655e+016 3.00e-017  3.50e-001  1.18e-003  1.27e-008  6.49e-001  
3.77936e+016 1.13e-018  5.44e-003  3.28e-002  1.88e-009  9.62e-001  
3.78016e+016 7.27e-019  8.65e-004  5.20e-002  5.88e-010  9.47e-001  
3.78111e+016 5.17e-019  8.61e-005  7.47e-002  1.14e-010  9.25e-001  
3.78273e+016 3.86e-019  1.78e-005  1.04e-001  4.56e-012  8.96e-001  
3.78530e+016 3.28e-019  1.44e-005  1.32e-001  1.31e-013  8.68e-001  
3.78818e+016 3.11e-019  1.07e-005  1.54e-001  8.85e-014  8.46e-001  
3.79076e+016 3.09e-019  7.86e-006  1.72e-001  6.47e-014  8.28e-001  
3.79253e+016 3.14e-019  6.33e-006  1.82e-001  5.22e-014  8.18e-001  
3.79502e+016 3.29e-019  4.59e-006  1.95e-001  3.77e-014  8.05e-001  
3.79755e+016 3.53e-019  3.31e-006  2.04e-001  2.70e-014  7.96e-001  
3.79897e+016 3.72e-019  2.74e-006  2.07e-001  2.24e-014  7.93e-001  
3.79918e+016 3.75e-019  2.66e-006  2.07e-001  2.17e-014  7.93e-001  
3.79956e+016 3.81e-019  2.53e-006  2.07e-001  2.06e-014  7.93e-001  
3.80017e+016 3.91e-019  2.32e-006  2.07e-001  1.89e-014  7.93e-001  
3.80129e+016 4.12e-019  1.98e-006  2.05e-001  1.62e-014  7.95e-001  
3.80319e+016 4.54e-019  1.51e-006  1.98e-001  1.23e-014  8.02e-001  
3.80578e+016 5.30e-019  1.04e-006  1.81e-001  8.44e-015  8.19e-001  
3.80629e+016 5.49e-019  9.64e-007  1.76e-001  7.82e-015  8.24e-001  
3.80713e+016 5.82e-019  8.51e-007  1.68e-001  6.89e-015  8.32e-001  
3.80859e+016 6.46e-019  6.87e-007  1.52e-001  5.55e-015  8.48e-001  
3.81083e+016 7.75e-019  4.84e-007  1.25e-001  3.91e-015  8.75e-001  
3.81265e+016 9.20e-019  3.59e-007  1.02e-001  2.90e-015  8.98e-001  
3.81480e+016 1.17e-018  2.44e-007  7.55e-002  1.97e-015  9.24e-001  
3.81769e+016 1.77e-018  1.36e-007  4.56e-002  1.09e-015  9.54e-001  
3.81836e+016 2.00e-018  1.16e-007  3.97e-002  9.30e-016  9.60e-001  
3.81952e+016 2.50e-018  8.69e-008  3.10e-002  6.97e-016  9.69e-001  
3.82149e+016 3.81e-018  5.12e-008  2.00e-002  4.10e-016  9.80e-001  
3.82433e+016 7.25e-018  2.33e-008  1.09e-002  1.83e-016  9.89e-001  
3.82740e+016 1.26e-017  1.15e-008  7.04e-003  8.98e-017  9.93e-001  
3.83054e+016 1.46e-017  8.49e-009  7.12e-003  6.64e-017  9.93e-001  
3.83376e+016 7.24e-018  1.46e-008  1.67e-002  1.14e-016  9.83e-001  
3.83751e+016 1.47e-018  6.27e-008  8.97e-002  4.61e-016  9.10e-001  
3.84132e+016 2.89e-019  2.88e-007  3.91e-001  1.88e-015  6.09e-001  
3.84531e+016 1.37e-019  5.78e-007  5.26e-001  2.90e-015  4.74e-001  
3.84962e+016 9.69e-020  8.38e-007  3.57e-001  2.51e-015  6.43e-001  
3.85449e+016 8.11e-020  1.06e-006  1.64e-001  1.18e-015  8.36e-001  
3.85990e+016 8.09e-020  1.02e-006  3.39e-002  1.93e-016  9.66e-001  
3.86597e+016 1.08e-019  5.73e-007  1.29e-003  5.10e-018  9.99e-001  
3.87288e+016 1.92e-019  1.77e-007  8.18e-005  4.40e-019  1.00e+000  
3.88139e+016 3.73e-019  2.87e-008  3.49e-005  3.94e-019  1.00e+000  
3.89093e+016 6.96e-019  2.08e-009  1.65e-005  4.18e-019  1.00e+000  
3.90068e+016 1.17e-018  8.97e-011  8.72e-006  4.67e-019  1.00e+000  
3.91088e+016 1.79e-018  2.95e-011  5.16e-006  5.49e-019  1.00e+000  
3.92181e+016 2.57e-018  3.58e-011  3.28e-006  6.73e-019  1.00e+000  
3.93325e+016 3.41e-018  4.90e-011  2.32e-006  8.68e-019  1.00e+000  
3.94519e+016 4.24e-018  7.17e-011  1.78e-006  1.16e-018  1.00e+000  
3.95803e+016 4.98e-018  1.10e-010  1.48e-006  1.61e-018  1.00e+000  
3.97190e+016 5.51e-018  1.75e-010  1.33e-006  2.34e-018  1.00e+000  
3.98699e+016 5.77e-018  2.81e-010  1.27e-006  3.55e-018  1.00e+000  
4.00514e+016 5.72e-018  4.70e-010  1.29e-006  5.89e-018  1.00e+000  
4.02549e+016 5.35e-018  8.06e-010  1.36e-006  1.04e-017  1.00e+000  
4.04761e+016 4.74e-018  1.42e-009  1.50e-006  1.91e-017  1.00e+000  
4.07070e+016 4.04e-018  2.57e-009  1.67e-006  3.59e-017  1.00e+000  
4.09451e+016 3.35e-018  5.01e-009  1.87e-006  6.90e-017  1.00e+000  
4.11988e+016 2.69e-018  1.09e-008  2.10e-006  1.41e-016  1.00e+000  
4.14624e+016 2.12e-018  2.55e-008  2.35e-006  3.00e-016  1.00e+000  
4.17462e+016 1.60e-018  6.87e-008  2.67e-006  7.06e-016  1.00e+000  
4.20512e+016 1.12e-018  2.10e-007  3.18e-006  1.91e-015  1.00e+000  
4.23867e+016 6.34e-019  7.84e-007  4.53e-006  6.56e-015  1.00e+000  
4.27356e+016 2.73e-019  3.53e-006  8.72e-006  2.78e-014  1.00e+000  
4.30994e+016 1.04e-019  1.81e-005  2.12e-005  1.24e-013  1.00e+000  
4.34671e+016 2.80e-020  1.69e-004  9.03e-005  6.53e-013  1.00e+000  
4.38104e+016 5.41e-021  4.49e-003  6.82e-004  3.42e-012  9.95e-001  
4.41007e+016 1.29e-021  1.38e-001  4.77e-003  1.20e-011  8.58e-001  
4.42181e+016 1.02e-021  4.26e-001  7.62e-003  1.39e-011  5.67e-001  
4.42811e+016 1.14e-021  6.19e-001  8.06e-003  1.20e-011  3.73e-001  
4.43809e+016 1.83e-021  8.62e-001  6.11e-003  7.64e-012  1.32e-001  
4.45030e+016 4.29e-021  9.69e-001  3.21e-003  3.61e-012  2.77e-002  
4.45401e+016 5.76e-021  9.81e-001  2.61e-003  2.83e-012  1.59e-002  
4.45998e+016 9.14e-021  9.91e-001  1.90e-003  2.18e-012  6.90e-003  
4.46779e+016 1.68e-020  9.96e-001  1.20e-003  1.86e-012  2.49e-003  
4.48006e+016 4.17e-020  9.99e-001  5.89e-004  1.96e-012  5.27e-004  
4.48529e+016 6.21e-020  9.99e-001  4.44e-004  2.16e-012  2.57e-004  
4.48834e+016 7.72e-020  9.99e-001  3.87e-004  2.32e-012  1.66e-004  
4.49346e+016 1.08e-019  1.00e+000  3.04e-004  2.65e-012  9.72e-005  
4.49870e+016 1.52e-019  1.00e+000  2.35e-004  3.02e-012  5.67e-005  
4.50684e+016 2.50e-019  1.00e+000  1.62e-004  3.73e-012  2.54e-005  
4.51867e+016 4.85e-019  1.00e+000  1.01e-004  4.99e-012  8.68e-006  
4.51946e+016 5.20e-019  1.00e+000  9.81e-005  5.10e-012  7.52e-006  
4.52061e+016 5.61e-019  1.00e+000  9.54e-005  5.36e-012  6.15e-006  
4.52265e+016 6.21e-019  1.00e+000  8.94e-005  5.64e-012  5.06e-006  
4.52632e+016 7.42e-019  1.00e+000  7.94e-005  6.10e-012  3.91e-006  
4.53239e+016 9.91e-019  1.00e+000  6.50e-005  6.97e-012  2.61e-006  
4.54167e+016 1.51e-018  1.00e+000  4.88e-005  8.48e-012  1.41e-006  
4.55446e+016 2.64e-018  1.00e+000  3.41e-005  1.11e-011  5.98e-007  
4.55658e+016 2.90e-018  1.00e+000  3.21e-005  1.16e-011  5.17e-007  
4.55697e+016 2.98e-018  1.00e+000  3.26e-005  1.17e-011  4.83e-007  
4.55761e+016 3.09e-018  1.00e+000  3.33e-005  1.19e-011  4.37e-007  
4.55871e+016 3.23e-018  1.00e+000  3.28e-005  1.23e-011  3.81e-007  
4.56066e+016 3.49e-018  1.00e+000  3.12e-005  1.28e-011  3.30e-007  
4.56410e+016 3.99e-018  1.00e+000  2.88e-005  1.37e-011  2.78e-007  
4.56849e+016 4.75e-018  1.00e+000  2.57e-005  1.49e-011  2.25e-007  
4.57241e+016 5.53e-018  1.00e+000  2.33e-005  1.60e-011  1.84e-007  
4.57850e+016 6.95e-018  1.00e+000  2.03e-005  1.78e-011  1.34e-007  
4.58802e+016 9.97e-018  1.00e+000  1.65e-005  2.14e-011  7.94e-008  
4.59720e+016 1.40e-017  1.00e+000  1.38e-005  2.54e-011  4.83e-008  
4.59734e+016 1.41e-017  1.00e+000  1.38e-005  2.55e-011  4.74e-008  
4.59759e+016 1.43e-017  1.00e+000  1.41e-005  2.57e-011  4.55e-008  
4.59802e+016 1.48e-017  1.00e+000  1.45e-005  2.57e-011  4.26e-008  
4.59873e+016 1.52e-017  1.00e+000  1.48e-005  2.65e-011  3.89e-008  
4.59993e+016 1.59e-017  1.00e+000  1.45e-005  2.74e-011  3.42e-008  
4.60196e+016 1.71e-017  1.00e+000  1.40e-005  2.85e-011  2.97e-008  
4.60580e+016 1.95e-017  1.00e+000  1.30e-005  3.06e-011  2.50e-008  
4.61139e+016 2.36e-017  1.00e+000  1.17e-005  3.37e-011  2.00e-008  
4.61801e+016 2.96e-017  1.00e+000  1.03e-005  3.82e-011  1.50e-008  
4.62829e+016 4.22e-017  1.00e+000  8.67e-006  4.62e-011  9.15e-009  
4.63958e+016 6.15e-017  1.00e+000  7.41e-006  5.69e-011  5.28e-009  
4.64165e+016 6.60e-017  1.00e+000  7.21e-006  5.92e-011  4.76e-009  
4.64187e+016 6.68e-017  1.00e+000  7.26e-006  5.93e-011  4.61e-009  
4.64224e+016 6.84e-017  1.00e+000  7.51e-006  5.95e-011  4.40e-009  
4.64286e+016 7.05e-017  1.00e+000  7.89e-006  6.04e-011  4.16e-009  
4.64396e+016 7.34e-017  1.00e+000  8.04e-006  6.24e-011  3.77e-009  
4.64596e+016 7.85e-017  1.00e+000  7.89e-006  6.57e-011  3.26e-009  
4.64933e+016 8.75e-017  1.00e+000  7.51e-006  7.06e-011  2.78e-009  
4.65501e+016 1.04e-016  1.00e+000  6.93e-006  7.79e-011  2.25e-009  
4.66259e+016 1.32e-016  1.00e+000  6.22e-006  8.86e-011  1.69e-009  
4.67450e+016 1.90e-016  1.00e+000  5.47e-006  1.11e-010  1.07e-009  
4.68726e+016 2.82e-016  1.00e+000  4.89e-006  1.42e-010  6.45e-010  
4.69009e+016 3.08e-016  1.00e+000  4.81e-006  1.50e-010  5.78e-010  
4.69024e+016 3.09e-016  1.00e+000  4.79e-006  1.51e-010  5.73e-010  
4.69048e+016 3.12e-016  1.00e+000  4.81e-006  1.52e-010  5.61e-010  
4.69090e+016 3.17e-016  1.00e+000  4.89e-006  1.52e-010  5.43e-010  
4.69160e+016 3.27e-016  1.00e+000  5.05e-006  1.54e-010  5.23e-010  
4.69279e+016 3.42e-016  1.00e+000  5.20e-006  1.58e-010  5.03e-010  
4.69476e+016 3.62e-016  1.00e+000  5.28e-006  1.65e-010  4.72e-010  
4.69806e+016 3.97e-016  1.00e+000  5.19e-006  1.78e-010  4.28e-010  
4.70337e+016 4.63e-016  1.00e+000  4.95e-006  1.97e-010  3.61e-010  
4.70622e+016 5.02e-016  1.00e+000  4.82e-006  2.09e-010  3.31e-010  
4.71061e+016 5.65e-016  1.00e+000  4.67e-006  2.27e-010  2.92e-010  
4.71746e+016 6.82e-016  1.00e+000  4.47e-006  2.54e-010  2.49e-010  
4.72860e+016 9.31e-016  1.00e+000  4.16e-006  3.06e-010  1.95e-010  
4.74240e+016 1.36e-015  1.00e+000  3.82e-006  3.93e-010  1.49e-010  
4.74305e+016 1.39e-015  1.00e+000  3.78e-006  3.96e-010  1.47e-010  
4.74313e+016 1.39e-015  1.00e+000  3.79e-006  3.98e-010  1.47e-010  
4.74348e+016 1.41e-015  1.00e+000  3.77e-006  3.99e-010  1.45e-010  
4.74406e+016 1.43e-015  1.00e+000  3.76e-006  4.03e-010  1.43e-010  
4.74503e+016 1.48e-015  1.00e+000  3.70e-006  4.08e-010  1.38e-010  
4.74676e+016 1.57e-015  1.00e+000  3.58e-006  4.18e-010  1.34e-010  
4.74972e+016 1.71e-015  1.00e+000  3.44e-006  4.43e-010  1.31e-010  
4.75283e+016 1.86e-015  1.00e+000  3.37e-006  4.71e-010  1.29e-010  
4.75365e+016 1.90e-015  1.00e+000  3.36e-006  4.78e-010  1.28e-010  
4.75556e+016 2.00e-015  1.00e+000  3.33e-006  4.95e-010  1.25e-010  
4.75856e+016 2.16e-015  1.00e+000  3.31e-006  5.23e-010  1.21e-010  
4.76342e+016 2.45e-015  1.00e+000  3.25e-006  5.67e-010  1.12e-010  
4.77120e+016 3.03e-015  1.00e+000  3.09e-006  6.40e-010  9.70e-011  
4.78339e+016 4.16e-015  1.00e+000  2.81e-006  7.72e-010  7.72e-011  
4.79819e+016 6.20e-015  1.00e+000  2.40e-006  9.35e-010  5.87e-011  
4.80101e+016 6.68e-015  1.00e+000  2.34e-006  9.73e-010  5.58e-011  
4.80156e+016 6.78e-015  1.00e+000  2.32e-006  9.79e-010  5.53e-011  
4.80288e+016 7.02e-015  1.00e+000  2.28e-006  9.97e-010  5.40e-011  
4.80511e+016 7.46e-015  1.00e+000  2.21e-006  1.02e-009  5.19e-011  
4.80875e+016 8.25e-015  1.00e+000  2.08e-006  1.07e-009  4.85e-011  
4.81463e+016 9.72e-015  1.00e+000  1.89e-006  1.14e-009  4.35e-011  
4.82445e+016 1.26e-014  1.00e+000  1.68e-006  1.29e-009  3.68e-011  
4.83636e+016 1.75e-014  1.00e+000  1.46e-006  1.47e-009  2.96e-011  
4.84912e+016 2.48e-014  1.00e+000  1.25e-006  1.66e-009  2.31e-011  
4.86294e+016 3.64e-014  1.00e+000  1.06e-006  1.88e-009  1.71e-011  
4.87591e+016 5.24e-014  1.00e+000  9.22e-007  2.10e-009  1.29e-011  
4.88968e+016 7.72e-014  1.00e+000  8.11e-007  2.32e-009  9.25e-012  
4.90444e+016 1.17e-013  1.00e+000  7.35e-007  2.58e-009  6.40e-012  
4.91980e+016 1.82e-013  1.00e+000  6.92e-007  2.85e-009  4.19e-012  
4.93317e+016 2.68e-013  1.00e+000  6.87e-007  3.08e-009  2.84e-012  
4.94239e+016 3.50e-013  1.00e+000  6.97e-007  3.26e-009  2.16e-012  
4.95192e+016 4.59e-013  1.00e+000  7.23e-007  3.44e-009  1.60e-012  
4.96202e+016 6.08e-013  1.00e+000  7.63e-007  3.65e-009  1.17e-012  
4.97297e+016 8.19e-013  1.00e+000  8.21e-007  3.92e-009  8.33e-013  
4.98461e+016 1.12e-012  1.00e+000  8.93e-007  4.20e-009  5.70e-013  
4.99670e+016 1.53e-012  1.00e+000  9.93e-007  4.52e-009  3.89e-013  
5.00936e+016 2.09e-012  1.00e+000  1.12e-006  4.88e-009  2.59e-013  
5.02240e+016 2.83e-012  1.00e+000  1.29e-006  5.34e-009  1.72e-013  
5.03584e+016 3.81e-012  1.00e+000  1.50e-006  5.80e-009  1.14e-013  
5.05026e+016 5.09e-012  1.00e+000  1.80e-006  6.40e-009  7.41e-014  
5.05959e+016 6.05e-012  1.00e+000  2.05e-006  6.84e-009  5.79e-014  
5.06957e+016 7.21e-012  1.00e+000  2.34e-006  7.32e-009  4.42e-014  
5.07988e+016 8.54e-012  1.00e+000  2.70e-006  7.87e-009  3.41e-014  
5.09058e+016 1.01e-011  1.00e+000  3.13e-006  8.45e-009  2.65e-014  
5.10237e+016 1.20e-011  1.00e+000  3.71e-006  9.17e-009  2.00e-014  
5.11496e+016 1.43e-011  1.00e+000  4.45e-006  9.86e-009  1.51e-014  
5.12843e+016 1.71e-011  1.00e+000  5.39e-006  1.06e-008  1.13e-014  
5.14296e+016 2.07e-011  1.00e+000  6.67e-006  1.14e-008  8.21e-015  
5.15425e+016 2.39e-011  1.00e+000  7.82e-006  1.20e-008  6.57e-015  
5.16792e+016 2.82e-011  1.00e+000  9.47e-006  1.27e-008  5.00e-015  
5.18319e+016 3.35e-011  1.00e+000  1.17e-005  1.36e-008  3.73e-015  
5.19950e+016 3.99e-011  1.00e+000  1.49e-005  1.44e-008  2.76e-015  
5.21655e+016 4.72e-011  1.00e+000  1.92e-005  1.54e-008  2.03e-015  
5.23457e+016 5.56e-011  1.00e+000  2.46e-005  1.66e-008  1.51e-015  
5.25384e+016 6.54e-011  1.00e+000  3.18e-005  1.77e-008  1.10e-015  
5.27451e+016 7.66e-011  1.00e+000  4.13e-005  1.92e-008  8.08e-016  
5.29668e+016 8.93e-011  1.00e+000  5.39e-005  2.06e-008  5.87e-016  
5.31993e+016 1.03e-010  1.00e+000  7.00e-005  2.23e-008  4.29e-016  
5.34440e+016 1.19e-010  1.00e+000  8.99e-005  2.39e-008  3.10e-016  
5.36995e+016 1.36e-010  1.00e+000  1.15e-004  2.57e-008  2.26e-016  
5.39765e+016 1.54e-010  1.00e+000  1.47e-004  2.77e-008  1.64e-016  
5.42627e+016 1.74e-010  1.00e+000  1.87e-004  2.95e-008  1.20e-016  
5.45738e+016 1.95e-010  1.00e+000  2.36e-004  3.17e-008  8.51e-017  
5.49079e+016 2.17e-010  1.00e+000  2.98e-004  3.39e-008  6.17e-017  
5.52575e+016 2.39e-010  1.00e+000  3.71e-004  3.61e-008  4.48e-017  
5.56155e+016 2.61e-010  1.00e+000  4.52e-004  3.82e-008  3.27e-017  
5.59918e+016 2.82e-010  9.99e-001  5.46e-004  4.04e-008  2.44e-017  
5.63913e+016 3.01e-010  9.99e-001  6.54e-004  4.25e-008  1.84e-017  
5.68226e+016 3.20e-010  9.99e-001  7.74e-004  4.47e-008  1.39e-017  
5.72780e+016 3.36e-010  9.99e-001  9.07e-004  4.70e-008  1.06e-017  
5.77650e+016 3.48e-010  9.99e-001  1.05e-003  4.91e-008  8.30e-018  
5.82707e+016 3.57e-010  9.99e-001  1.19e-003  5.12e-008  6.69e-018  
5.88124e+016 3.62e-010  9.99e-001  1.33e-003  5.32e-008  5.43e-018  
5.93801e+016 3.64e-010  9.99e-001  1.46e-003  5.56e-008  4.57e-018  
5.99878e+016 3.61e-010  9.98e-001  1.59e-003  5.74e-008  3.91e-018  
6.06254e+016 3.54e-010  9.98e-001  1.69e-003  5.97e-008  3.45e-018  
6.12860e+016 3.43e-010  9.98e-001  1.79e-003  6.19e-008  3.15e-018  
6.19772e+016 3.30e-010  9.98e-001  1.86e-003  6.37e-008  2.94e-018  
6.27006e+016 3.14e-010  9.98e-001  1.92e-003  6.60e-008  2.81e-018  
6.34752e+016 2.96e-010  9.98e-001  1.96e-003  6.80e-008  2.77e-018  
6.43223e+016 2.75e-010  9.98e-001  1.99e-003  7.03e-008  2.83e-018  
6.52408e+016 2.53e-010  9.98e-001  2.00e-003  7.25e-008  2.99e-018  
6.62440e+016 2.29e-010  9.98e-001  2.00e-003  7.45e-008  3.26e-018  
6.73219e+016 2.05e-010  9.98e-001  2.00e-003  7.64e-008  3.69e-018  
6.84641e+016 1.82e-010  9.98e-001  1.99e-003  7.84e-008  4.36e-018  
6.96945e+016 1.59e-010  9.98e-001  1.98e-003  8.03e-008  5.42e-018  
7.10391e+016 1.37e-010  9.98e-001  1.97e-003  8.16e-008  7.14e-018  
7.25155e+016 1.16e-010  9.98e-001  1.98e-003  8.22e-008  9.98e-018  
7.42223e+016 9.49e-011  9.98e-001  2.02e-003  8.30e-008  1.56e-017  
7.63108e+016 7.40e-011  9.98e-001  2.10e-003  8.30e-008  2.81e-017  
7.86896e+016 5.55e-011  9.98e-001  2.23e-003  8.23e-008  5.80e-017  
8.18150e+016 3.80e-011  9.98e-001  2.47e-003  8.03e-008  1.59e-016  
8.55776e+016 2.40e-011  9.97e-001  2.88e-003  7.68e-008  5.72e-016  
9.00548e+016 1.39e-011  9.97e-001  3.49e-003  7.24e-008  2.70e-015  
9.53916e+016 7.42e-012  9.96e-001  4.38e-003  6.59e-008  1.75e-014  
1.01535e+017 3.71e-012  9.94e-001  5.58e-003  5.85e-008  1.45e-013  
1.09249e+017 1.70e-012  9.93e-001  6.99e-003  4.98e-008  1.70e-012  
1.19176e+017 7.74e-013  9.92e-001  8.11e-003  4.16e-008  2.18e-011  
1.32448e+017 4.22e-013  9.93e-001  6.97e-003  3.72e-008  1.48e-010  
