! 0       H2O + GRAIN -> *H2O + GRAIN
! 1       *H + *OH -> *H2O
! 2       *H + *HOCO -> *H2O + *CO
! 3       *H + *H2O2 -> *H2O + *OH
! 4       *CH3OH + CRPhoton -> *CH + *H2O + *H
! 5       *NH2 + *NO -> *H2O + *N2
! 6       *H2 + *OH -> *H2O + *H
! 7       *CH2CO + CRPhoton -> *C2 + *H2O
! 8       *OH + *H2CO -> *HCO + *H2O
! 9       *CH3OH + ISPhoton -> *CH + *H2O + *H
!            tot_rate   0          1          2          3          4          5          6          7          8          9          
1.58188e+013 6.07e-014  3.56e-003  8.29e-001  2.13e-002  1.45e-001  5.84e-004  5.39e-007  2.80e-008  2.37e-010  6.13e-038  2.41e-016  
3.50727e+014 6.07e-014  3.56e-003  8.29e-001  2.13e-002  1.45e-001  5.84e-004  5.39e-007  2.80e-008  2.37e-010  6.13e-038  2.41e-016  
5.21628e+015 6.07e-014  3.58e-003  8.29e-001  2.13e-002  1.45e-001  5.84e-004  5.39e-007  2.82e-008  2.37e-010  6.15e-038  2.41e-016  
2.67137e+016 1.07e-013  5.21e-003  8.62e-001  2.23e-002  1.10e-001  3.33e-004  5.06e-007  3.23e-008  1.43e-010  6.57e-038  1.38e-016  
3.33598e+016 1.64e-013  5.96e-003  8.30e-001  3.61e-002  1.28e-001  2.21e-004  6.90e-007  3.50e-008  1.12e-010  2.75e-037  9.16e-017  
3.42055e+016 1.13e-013  6.56e-003  7.57e-001  7.55e-002  1.61e-001  3.24e-004  1.44e-006  3.46e-008  1.67e-010  1.86e-036  1.34e-016  
3.44017e+016 9.67e-014  6.95e-003  7.20e-001  9.73e-002  1.76e-001  3.78e-004  1.91e-006  3.38e-008  1.95e-010  3.72e-036  1.56e-016  
3.46353e+016 7.63e-014  7.72e-003  6.49e-001  1.39e-001  2.04e-001  4.82e-004  2.97e-006  3.16e-008  2.49e-010  1.07e-035  1.99e-016  
3.48860e+016 5.48e-014  9.12e-003  5.22e-001  2.15e-001  2.53e-001  6.73e-004  5.53e-006  2.68e-008  3.50e-010  4.49e-035  2.77e-016  
3.51370e+016 3.73e-014  1.11e-002  3.38e-001  3.28e-001  3.22e-001  9.96e-004  1.19e-005  1.84e-008  5.18e-010  2.61e-034  4.11e-016  
3.53250e+016 2.80e-014  1.25e-002  1.94e-001  4.18e-001  3.75e-001  1.33e-003  2.25e-005  1.12e-008  6.96e-010  1.18e-033  5.50e-016  
3.55515e+016 2.09e-014  1.35e-002  6.88e-002  5.02e-001  4.14e-001  1.80e-003  5.35e-005  4.37e-009  9.36e-010  9.94e-033  7.41e-016  
3.57182e+016 1.75e-014  1.34e-002  2.48e-002  5.39e-001  4.20e-001  2.17e-003  1.16e-004  1.70e-009  1.13e-009  6.23e-032  8.92e-016  
3.58524e+016 1.53e-014  1.31e-002  9.43e-003  5.60e-001  4.15e-001  2.49e-003  2.53e-004  6.94e-010  1.30e-009  3.35e-031  1.03e-015  
3.60047e+016 1.31e-014  1.25e-002  2.79e-003  5.80e-001  4.01e-001  2.93e-003  7.60e-004  2.26e-010  1.53e-009  2.92e-030  1.21e-015  
3.61718e+016 1.11e-014  1.16e-002  5.61e-004  6.03e-001  3.79e-001  3.51e-003  3.12e-003  5.08e-011  1.83e-009  4.14e-029  1.45e-015  
3.62899e+016 9.91e-015  1.09e-002  1.70e-004  6.17e-001  3.59e-001  3.98e-003  8.52e-003  1.67e-011  2.09e-009  3.27e-028  1.64e-015  
3.63893e+016 9.08e-015  1.01e-002  5.80e-005  6.29e-001  3.38e-001  4.41e-003  1.83e-002  6.15e-012  2.30e-009  2.04e-027  1.82e-015  
3.64972e+016 8.35e-015  9.23e-003  1.74e-005  6.39e-001  3.13e-001  4.88e-003  3.45e-002  2.01e-012  2.55e-009  1.53e-026  2.01e-015  
3.66124e+016 7.69e-015  8.23e-003  0.00e+000  6.48e-001  2.85e-001  5.41e-003  5.40e-002  0.00e+000  2.83e-009  0.00e+000  2.24e-015  
3.67348e+016 7.01e-015  7.48e-003  0.00e+000  6.45e-001  2.63e-001  6.11e-003  7.88e-002  0.00e+000  3.20e-009  0.00e+000  2.53e-015  
3.68621e+016 6.16e-015  8.60e-003  1.53e-007  5.60e-001  2.68e-001  7.19e-003  1.57e-001  2.11e-014  3.76e-009  3.68e-023  2.97e-015  
3.69700e+016 6.05e-015  1.26e-002  3.16e-008  5.12e-001  2.48e-001  7.60e-003  2.20e-001  3.52e-015  3.98e-009  5.11e-022  3.14e-015  
3.70376e+016 6.09e-015  1.82e-002  1.25e-008  5.08e-001  2.32e-001  7.75e-003  2.35e-001  1.16e-015  4.06e-009  2.74e-021  3.20e-015  
3.71087e+016 6.17e-015  2.90e-002  5.04e-009  5.07e-001  2.17e-001  7.88e-003  2.38e-001  3.79e-016  4.12e-009  1.55e-020  3.26e-015  
3.71826e+016 6.35e-015  4.78e-002  2.09e-009  5.04e-001  2.05e-001  7.92e-003  2.36e-001  1.24e-016  4.11e-009  9.16e-020  3.27e-015  
3.72589e+016 6.69e-015  7.93e-002  9.49e-010  4.93e-001  1.96e-001  7.78e-003  2.24e-001  4.12e-017  4.02e-009  5.47e-019  3.21e-015  
3.73370e+016 7.22e-015  1.30e-001  4.97e-010  4.71e-001  1.90e-001  7.47e-003  2.02e-001  1.36e-017  3.82e-009  3.27e-018  3.09e-015  
3.74165e+016 8.05e-015  2.05e-001  3.29e-010  4.34e-001  1.89e-001  6.87e-003  1.65e-001  4.13e-018  3.44e-009  1.98e-017  2.83e-015  
3.74829e+016 9.03e-015  2.94e-001  3.05e-010  3.87e-001  1.88e-001  6.15e-003  1.25e-001  1.43e-018  3.00e-009  9.45e-017  2.54e-015  
3.75505e+016 1.04e-014  4.08e-001  4.22e-010  3.23e-001  1.86e-001  5.16e-003  7.76e-002  6.15e-019  2.40e-009  5.43e-016  2.13e-015  
3.76194e+016 1.24e-014  5.45e-001  1.19e-009  2.40e-001  1.78e-001  3.88e-003  3.37e-002  4.76e-019  1.66e-009  4.88e-015  1.60e-015  
3.76839e+016 1.52e-014  6.72e-001  1.39e-008  1.53e-001  1.65e-001  2.40e-003  7.51e-003  1.30e-018  8.77e-010  1.02e-013  9.89e-016  
3.76854e+016 1.52e-014  6.73e-001  1.53e-008  1.52e-001  1.66e-001  2.38e-003  7.19e-003  1.37e-018  8.64e-010  1.12e-013  9.83e-016  
3.76877e+016 1.53e-014  6.79e-001  1.77e-008  1.48e-001  1.64e-001  2.31e-003  6.65e-003  1.49e-018  8.35e-010  1.30e-013  9.53e-016  
3.76917e+016 1.55e-014  6.84e-001  2.32e-008  1.43e-001  1.65e-001  2.22e-003  5.76e-003  1.75e-018  7.87e-010  1.70e-013  9.17e-016  
3.76980e+016 1.59e-014  6.96e-001  3.71e-008  1.34e-001  1.63e-001  2.04e-003  4.45e-003  2.31e-018  7.09e-010  2.68e-013  8.40e-016  
3.77083e+016 1.66e-014  7.12e-001  9.24e-008  1.21e-001  1.62e-001  1.77e-003  2.77e-003  4.07e-018  5.84e-010  6.28e-013  7.30e-016  
3.77248e+016 1.76e-014  7.34e-001  6.94e-007  1.01e-001  1.63e-001  1.33e-003  1.02e-003  1.55e-017  3.93e-010  3.70e-012  5.49e-016  
3.77450e+016 1.89e-014  7.69e-001  5.21e-005  7.11e-002  1.59e-001  7.48e-004  1.10e-004  3.35e-016  1.75e-010  1.33e-010  3.08e-016  
3.77655e+016 1.69e-014  9.40e-001  9.28e-004  2.16e-002  3.75e-002  1.09e-004  5.06e-007  1.90e-015  1.05e-011  2.40e-010  4.49e-017  
3.77936e+016 1.60e-014  9.85e-001  3.97e-004  1.33e-002  1.68e-003  8.41e-007  4.80e-007  8.23e-016  1.53e-014  1.61e-013  3.46e-019  
3.78016e+016 1.60e-014  9.86e-001  3.45e-004  1.28e-002  6.30e-004  1.85e-007  4.83e-007  7.24e-016  6.30e-015  1.94e-014  7.62e-020  
3.78111e+016 1.59e-014  9.87e-001  2.99e-004  1.24e-002  1.89e-004  2.83e-008  4.89e-007  6.35e-016  5.12e-015  1.68e-015  1.17e-020  
3.78273e+016 1.58e-014  9.88e-001  2.36e-004  1.18e-002  2.19e-005  1.00e-009  4.93e-007  5.15e-016  4.79e-015  3.57e-016  4.14e-022  
3.78530e+016 1.57e-014  9.89e-001  1.60e-004  1.07e-002  5.41e-007  3.18e-011  4.92e-007  3.64e-016  4.42e-015  3.99e-016  1.31e-023  
3.78818e+016 1.55e-014  9.90e-001  1.05e-004  9.52e-003  1.44e-008  2.66e-011  4.91e-007  2.46e-016  3.99e-015  4.64e-016  1.10e-023  
3.79076e+016 1.55e-014  9.92e-001  7.08e-005  8.18e-003  6.83e-009  2.47e-011  4.54e-007  1.73e-016  3.63e-015  5.05e-016  1.02e-023  
3.79253e+016 1.54e-014  9.92e-001  5.88e-005  7.65e-003  5.56e-009  2.37e-011  4.27e-007  1.40e-016  3.44e-015  5.51e-016  9.79e-024  
3.79502e+016 1.54e-014  9.93e-001  4.49e-005  6.82e-003  4.17e-009  2.21e-011  3.84e-007  1.03e-016  3.16e-015  6.16e-016  9.09e-024  
3.79755e+016 1.54e-014  9.94e-001  3.52e-005  6.18e-003  3.21e-009  2.07e-011  3.44e-007  7.86e-017  2.92e-015  6.82e-016  8.57e-024  
3.79897e+016 1.54e-014  9.94e-001  3.11e-005  5.85e-003  2.79e-009  2.01e-011  3.23e-007  6.76e-017  2.79e-015  7.28e-016  8.32e-024  
3.79918e+016 1.54e-014  9.94e-001  3.05e-005  5.80e-003  2.73e-009  1.99e-011  3.20e-007  6.63e-017  2.77e-015  7.34e-016  8.25e-024  
3.79956e+016 1.54e-014  9.94e-001  2.95e-005  5.72e-003  2.63e-009  1.98e-011  3.15e-007  6.40e-017  2.74e-015  7.47e-016  8.19e-024  
3.80017e+016 1.55e-014  9.94e-001  2.78e-005  5.56e-003  2.46e-009  1.94e-011  3.03e-007  5.99e-017  2.67e-015  7.62e-016  8.01e-024  
3.80129e+016 1.55e-014  9.95e-001  2.54e-005  5.34e-003  2.21e-009  1.89e-011  2.88e-007  5.38e-017  2.58e-015  8.01e-016  7.81e-024  
3.80319e+016 1.55e-014  9.95e-001  2.18e-005  5.03e-003  1.85e-009  1.82e-011  2.64e-007  4.51e-017  2.44e-015  8.85e-016  7.49e-024  
3.80578e+016 1.56e-014  9.95e-001  1.82e-005  4.67e-003  1.46e-009  1.71e-011  2.36e-007  3.63e-017  2.26e-015  1.00e-015  7.06e-024  
3.80629e+016 1.56e-014  9.95e-001  1.77e-005  4.61e-003  1.40e-009  1.70e-011  2.31e-007  3.51e-017  2.23e-015  1.03e-015  7.00e-024  
3.80713e+016 1.57e-014  9.95e-001  1.68e-005  4.51e-003  1.30e-009  1.66e-011  2.22e-007  3.29e-017  2.16e-015  1.07e-015  6.83e-024  
3.80859e+016 1.58e-014  9.96e-001  1.54e-005  4.36e-003  1.15e-009  1.60e-011  2.10e-007  2.96e-017  2.08e-015  1.15e-015  6.66e-024  
3.81083e+016 1.59e-014  9.96e-001  1.36e-005  4.14e-003  9.64e-010  1.53e-011  1.94e-007  2.53e-017  1.95e-015  1.28e-015  6.30e-024  
3.81265e+016 1.61e-014  9.96e-001  1.22e-005  3.94e-003  8.34e-010  1.47e-011  1.82e-007  2.20e-017  1.86e-015  1.39e-015  6.07e-024  
3.81480e+016 1.63e-014  9.96e-001  1.06e-005  3.68e-003  7.07e-010  1.41e-011  1.72e-007  1.86e-017  1.75e-015  1.50e-015  5.80e-024  
3.81769e+016 1.66e-014  9.97e-001  8.64e-006  3.26e-003  5.75e-010  1.32e-011  1.66e-007  1.45e-017  1.63e-015  1.58e-015  5.47e-024  
3.81836e+016 1.67e-014  9.97e-001  8.17e-006  3.13e-003  5.48e-010  1.30e-011  1.65e-007  1.36e-017  1.60e-015  1.57e-015  5.39e-024  
3.81952e+016 1.67e-014  9.97e-001  7.40e-006  2.93e-003  5.07e-010  1.28e-011  1.65e-007  1.21e-017  1.56e-015  1.57e-015  5.30e-024  
3.82149e+016 1.70e-014  9.98e-001  5.99e-006  2.49e-003  4.36e-010  1.23e-011  1.66e-007  9.45e-018  1.48e-015  1.49e-015  5.06e-024  
3.82433e+016 1.74e-014  9.98e-001  4.05e-006  1.84e-003  3.46e-010  1.16e-011  1.77e-007  6.20e-018  1.39e-015  1.28e-015  4.80e-024  
3.82740e+016 1.78e-014  9.99e-001  2.33e-006  1.14e-003  2.58e-010  1.10e-011  2.05e-007  3.44e-018  1.30e-015  9.48e-016  4.54e-024  
3.83054e+016 1.82e-014  9.99e-001  1.13e-006  5.93e-004  1.75e-010  1.04e-011  2.65e-007  1.62e-018  1.21e-015  5.77e-016  4.31e-024  
3.83376e+016 1.85e-014  1.00e+000  4.77e-007  2.60e-004  1.00e-010  9.84e-012  3.56e-007  6.65e-019  1.13e-015  2.99e-016  4.06e-024  
3.83751e+016 1.89e-014  1.00e+000  1.88e-007  1.05e-004  3.67e-011  9.10e-012  4.94e-007  2.56e-019  1.07e-015  1.53e-016  3.75e-024  
3.84132e+016 1.93e-014  1.00e+000  1.45e-007  8.13e-005  8.39e-012  8.08e-012  6.79e-007  1.92e-019  1.01e-015  1.57e-016  3.34e-024  
3.84531e+016 1.97e-014  1.00e+000  1.98e-007  1.12e-004  2.38e-012  6.60e-012  9.29e-007  2.56e-019  9.49e-016  2.98e-016  2.73e-024  
3.84962e+016 2.02e-014  1.00e+000  2.72e-007  1.54e-004  1.92e-012  4.43e-012  1.17e-006  3.42e-019  8.66e-016  5.89e-016  1.83e-024  
3.85449e+016 2.09e-014  1.00e+000  2.73e-007  1.53e-004  1.66e-012  1.88e-012  1.31e-006  3.31e-019  7.42e-016  8.75e-016  7.80e-025  
3.85990e+016 2.16e-014  1.00e+000  1.54e-007  8.52e-005  1.29e-012  3.32e-013  1.40e-006  1.80e-019  5.83e-016  6.62e-016  1.37e-025  
3.86597e+016 2.24e-014  1.00e+000  6.74e-008  3.57e-005  8.84e-013  1.26e-014  1.58e-006  7.50e-020  3.77e-016  3.03e-016  5.22e-027  
3.87288e+016 2.34e-014  1.00e+000  7.01e-008  3.52e-005  5.30e-013  2.04e-015  2.00e-006  7.35e-020  1.76e-016  2.34e-016  8.42e-028  
3.88139e+016 2.46e-014  1.00e+000  1.12e-007  5.24e-005  2.92e-013  3.56e-015  2.93e-006  1.07e-019  4.15e-017  1.43e-016  1.47e-027  
3.89093e+016 2.61e-014  1.00e+000  2.03e-007  8.58e-005  1.81e-013  6.63e-015  4.18e-006  1.68e-019  3.95e-018  3.78e-017  2.73e-027  
3.90068e+016 2.77e-014  1.00e+000  3.72e-007  1.41e-004  1.49e-013  1.08e-014  5.20e-006  2.55e-019  4.44e-019  4.51e-018  4.48e-027  
3.91088e+016 2.96e-014  1.00e+000  6.82e-007  2.26e-004  1.54e-013  1.56e-014  5.71e-006  3.65e-019  4.05e-019  3.20e-018  6.45e-027  
3.92181e+016 3.17e-014  1.00e+000  1.26e-006  3.53e-004  1.89e-013  2.06e-014  5.71e-006  5.05e-019  5.99e-019  6.72e-018  8.51e-027  
3.93325e+016 3.42e-014  9.99e-001  2.22e-006  5.26e-004  2.57e-013  2.50e-014  5.44e-006  6.55e-019  1.06e-018  1.26e-017  1.03e-026  
3.94519e+016 3.69e-014  9.99e-001  3.76e-006  7.31e-004  3.71e-013  2.87e-014  5.12e-006  8.07e-019  2.16e-018  2.11e-017  1.19e-026  
3.95803e+016 4.02e-014  9.99e-001  5.99e-006  9.49e-004  5.44e-013  3.16e-014  4.90e-006  9.47e-019  4.75e-018  3.11e-017  1.31e-026  
3.97190e+016 4.42e-014  9.99e-001  8.92e-006  1.15e-003  7.95e-013  3.37e-014  4.87e-006  1.06e-018  1.03e-017  3.99e-017  1.40e-026  
3.98699e+016 4.89e-014  9.99e-001  1.23e-005  1.31e-003  1.14e-012  3.52e-014  5.12e-006  1.13e-018  2.03e-017  4.40e-017  1.46e-026  
4.00514e+016 5.52e-014  9.99e-001  1.61e-005  1.41e-003  1.63e-012  3.62e-014  5.82e-006  1.17e-018  3.61e-017  4.10e-017  1.50e-026  
4.02549e+016 6.34e-014  9.99e-001  1.94e-005  1.42e-003  2.26e-012  3.61e-014  7.19e-006  1.16e-018  5.33e-017  3.17e-017  1.50e-026  
4.04761e+016 7.36e-014  9.99e-001  2.19e-005  1.37e-003  3.04e-012  3.53e-014  9.67e-006  1.12e-018  6.56e-017  2.11e-017  1.47e-026  
4.07070e+016 8.60e-014  9.99e-001  2.35e-005  1.28e-003  3.99e-012  3.36e-014  1.37e-005  1.09e-018  6.91e-017  1.27e-017  1.40e-026  
4.09451e+016 1.01e-013  9.99e-001  2.48e-005  1.18e-003  5.19e-012  3.12e-014  2.05e-005  1.08e-018  6.36e-017  7.22e-018  1.30e-026  
4.11988e+016 1.20e-013  9.99e-001  2.63e-005  1.07e-003  6.82e-012  2.84e-014  3.13e-005  1.11e-018  5.29e-017  3.92e-018  1.17e-026  
4.14624e+016 1.44e-013  9.99e-001  2.87e-005  9.71e-004  9.02e-012  2.54e-014  4.64e-005  1.19e-018  4.16e-017  2.10e-018  1.05e-026  
4.17462e+016 1.75e-013  9.99e-001  3.35e-005  8.96e-004  1.23e-011  2.24e-014  6.51e-005  1.41e-018  3.33e-017  1.08e-018  9.31e-027  
4.20512e+016 2.17e-013  9.99e-001  4.27e-005  8.38e-004  1.72e-011  1.92e-014  7.87e-005  1.87e-018  2.92e-017  5.06e-019  7.96e-027  
4.23867e+016 2.77e-013  9.99e-001  6.06e-005  7.97e-004  2.47e-011  1.48e-014  7.36e-005  2.81e-018  2.99e-017  1.93e-019  6.17e-027  
4.27356e+016 3.57e-013  9.99e-001  9.54e-005  7.78e-004  3.86e-011  9.88e-015  5.01e-005  4.76e-018  3.58e-017  5.90e-020  4.11e-027  
4.30994e+016 4.68e-013  9.99e-001  1.63e-004  7.64e-004  6.85e-011  5.53e-015  2.67e-005  8.88e-018  4.85e-017  1.50e-020  2.31e-027  
4.34671e+016 6.19e-013  9.99e-001  3.41e-004  7.37e-004  1.70e-010  2.39e-015  1.07e-005  1.75e-017  7.16e-017  4.12e-021  9.96e-028  
4.38104e+016 8.08e-013  9.99e-001  5.81e-004  5.41e-004  9.15e-010  7.58e-016  3.85e-006  2.60e-017  1.07e-016  1.82e-021  3.14e-028  
4.41007e+016 1.01e-012  9.99e-001  7.55e-004  3.32e-004  7.61e-009  2.29e-016  1.19e-006  3.00e-017  1.43e-016  1.22e-021  9.54e-029  
4.42181e+016 1.11e-012  9.99e-001  8.05e-004  2.61e-004  1.91e-008  1.38e-016  6.55e-007  3.05e-017  1.61e-016  1.06e-021  5.74e-029  
4.42811e+016 1.17e-012  9.99e-001  8.36e-004  2.30e-004  3.09e-008  1.07e-016  4.66e-007  3.09e-017  1.71e-016  9.99e-022  4.43e-029  
4.43809e+016 1.27e-012  9.99e-001  9.36e-004  1.95e-004  6.77e-008  7.53e-017  2.62e-007  3.33e-017  1.87e-016  9.36e-022  3.12e-029  
4.45030e+016 1.40e-012  9.99e-001  1.01e-003  1.54e-004  1.65e-007  5.37e-017  1.30e-007  3.49e-017  2.09e-016  8.42e-022  2.23e-029  
4.45401e+016 1.44e-012  9.99e-001  9.92e-004  1.36e-004  2.16e-007  4.96e-017  1.04e-007  3.38e-017  2.16e-016  7.77e-022  2.06e-029  
4.45998e+016 1.51e-012  9.99e-001  9.99e-004  1.17e-004  3.22e-007  4.92e-017  7.41e-008  3.35e-017  2.26e-016  7.14e-022  2.04e-029  
4.46779e+016 1.61e-012  9.99e-001  1.05e-003  1.02e-004  5.24e-007  5.86e-017  4.80e-008  3.51e-017  2.39e-016  6.64e-022  2.43e-029  
4.48006e+016 1.77e-012  9.99e-001  1.07e-003  7.79e-005  1.02e-006  1.03e-016  2.56e-008  3.60e-017  2.62e-016  5.56e-022  4.29e-029  
4.48529e+016 1.85e-012  9.99e-001  9.77e-004  6.32e-005  1.31e-006  1.43e-016  1.94e-008  3.35e-017  2.71e-016  4.65e-022  5.94e-029  
4.48834e+016 1.89e-012  9.99e-001  9.30e-004  5.66e-005  1.51e-006  1.75e-016  1.68e-008  3.25e-017  2.76e-016  4.22e-022  7.29e-029  
4.49346e+016 1.98e-012  9.99e-001  9.49e-004  5.20e-005  1.83e-006  2.40e-016  1.35e-008  3.41e-017  2.82e-016  3.95e-022  9.94e-029  
4.49870e+016 2.06e-012  9.99e-001  9.65e-004  4.82e-005  2.21e-006  3.35e-016  1.10e-008  3.59e-017  2.91e-016  3.69e-022  1.39e-028  
4.50684e+016 2.21e-012  9.99e-001  9.40e-004  4.13e-005  2.82e-006  5.51e-016  8.23e-009  3.76e-017  3.05e-016  3.16e-022  2.29e-028  
4.51867e+016 2.43e-012  9.99e-001  8.76e-004  3.29e-005  3.75e-006  1.09e-015  5.76e-009  4.04e-017  3.24e-016  2.41e-022  4.52e-028  
4.51946e+016 2.44e-012  9.99e-001  8.07e-004  2.96e-005  3.87e-006  1.17e-015  5.49e-009  3.79e-017  3.28e-016  2.14e-022  4.87e-028  
4.52061e+016 2.46e-012  9.99e-001  7.35e-004  2.65e-005  3.98e-006  1.30e-015  5.28e-009  3.52e-017  3.32e-016  1.92e-022  5.40e-028  
4.52265e+016 2.50e-012  9.99e-001  7.31e-004  2.58e-005  4.12e-006  1.44e-015  5.00e-009  3.60e-017  3.34e-016  1.84e-022  6.00e-028  
4.52632e+016 2.58e-012  9.99e-001  7.36e-004  2.49e-005  4.38e-006  1.74e-015  4.57e-009  3.83e-017  3.38e-016  1.73e-022  7.20e-028  
4.53239e+016 2.72e-012  9.99e-001  7.38e-004  2.37e-005  4.81e-006  2.35e-015  4.04e-009  4.22e-017  3.46e-016  1.57e-022  9.77e-028  
4.54167e+016 2.93e-012  9.99e-001  7.06e-004  2.12e-005  5.46e-006  3.72e-015  3.41e-009  4.74e-017  3.65e-016  1.29e-022  1.54e-027  
4.55446e+016 3.26e-012  9.99e-001  6.31e-004  1.73e-005  6.22e-006  6.87e-015  2.75e-009  5.52e-017  3.89e-016  8.98e-023  2.85e-027  
4.55658e+016 3.31e-012  9.99e-001  6.19e-004  1.66e-005  6.37e-006  7.64e-015  2.65e-009  5.65e-017  3.96e-016  8.36e-023  3.17e-027  
4.55697e+016 3.32e-012  9.99e-001  5.72e-004  1.52e-005  6.41e-006  7.83e-015  2.59e-009  5.33e-017  3.97e-016  7.50e-023  3.25e-027  
4.55761e+016 3.33e-012  9.99e-001  5.13e-004  1.36e-005  6.48e-006  8.22e-015  2.55e-009  4.86e-017  3.99e-016  6.63e-023  3.42e-027  
4.55871e+016 3.36e-012  9.99e-001  4.94e-004  1.29e-005  6.54e-006  8.72e-015  2.50e-009  4.76e-017  4.02e-016  6.25e-023  3.63e-027  
4.56066e+016 3.42e-012  9.99e-001  4.91e-004  1.27e-005  6.63e-006  9.50e-015  2.43e-009  4.94e-017  4.03e-016  6.02e-023  3.95e-027  
4.56410e+016 3.52e-012  9.99e-001  4.91e-004  1.26e-005  6.79e-006  1.10e-014  2.33e-009  5.31e-017  4.09e-016  5.68e-023  4.57e-027  
4.56849e+016 3.65e-012  9.99e-001  4.93e-004  1.25e-005  7.01e-006  1.34e-014  2.23e-009  5.81e-017  4.19e-016  5.34e-023  5.59e-027  
4.57241e+016 3.77e-012  9.99e-001  4.90e-004  1.21e-005  7.21e-006  1.59e-014  2.14e-009  6.31e-017  4.27e-016  4.90e-023  6.63e-027  
4.57850e+016 3.97e-012  1.00e+000  4.71e-004  1.14e-005  7.48e-006  2.05e-014  2.01e-009  7.00e-017  4.38e-016  4.13e-023  8.51e-027  
4.58802e+016 4.30e-012  1.00e+000  4.30e-004  1.00e-005  7.86e-006  3.09e-014  1.84e-009  7.97e-017  4.60e-016  3.11e-023  1.28e-026  
4.59720e+016 4.64e-012  1.00e+000  3.86e-004  8.72e-006  8.21e-006  4.57e-014  1.70e-009  8.90e-017  4.80e-016  2.33e-023  1.90e-026  
4.59734e+016 4.64e-012  1.00e+000  3.83e-004  8.60e-006  8.23e-006  4.61e-014  1.69e-009  8.90e-017  4.80e-016  2.26e-023  1.91e-026  
4.59759e+016 4.63e-012  1.00e+000  3.61e-004  8.01e-006  8.27e-006  4.69e-014  1.67e-009  8.57e-017  4.84e-016  2.05e-023  1.95e-026  
4.59802e+016 4.65e-012  1.00e+000  3.22e-004  7.14e-006  8.28e-006  4.84e-014  1.65e-009  7.78e-017  4.86e-016  1.81e-023  2.01e-026  
4.59873e+016 4.67e-012  1.00e+000  2.98e-004  6.53e-006  8.33e-006  5.09e-014  1.64e-009  7.28e-017  4.88e-016  1.65e-023  2.11e-026  
4.59993e+016 4.72e-012  1.00e+000  2.88e-004  6.31e-006  8.34e-006  5.42e-014  1.61e-009  7.26e-017  4.89e-016  1.56e-023  2.25e-026  
4.60196e+016 4.80e-012  1.00e+000  2.87e-004  6.25e-006  8.41e-006  5.89e-014  1.58e-009  7.60e-017  4.94e-016  1.48e-023  2.44e-026  
4.60580e+016 4.96e-012  1.00e+000  2.86e-004  6.19e-006  8.55e-006  6.85e-014  1.53e-009  8.36e-017  5.00e-016  1.37e-023  2.84e-026  
4.61139e+016 5.20e-012  1.00e+000  2.86e-004  6.09e-006  8.73e-006  8.54e-014  1.48e-009  9.55e-017  5.09e-016  1.21e-023  3.54e-026  
4.61801e+016 5.50e-012  1.00e+000  2.78e-004  5.82e-006  8.91e-006  1.11e-013  1.43e-009  1.08e-016  5.22e-016  1.02e-023  4.62e-026  
4.62829e+016 6.00e-012  1.00e+000  2.50e-004  5.08e-006  9.18e-006  1.70e-013  1.36e-009  1.26e-016  5.42e-016  7.18e-024  7.03e-026  
4.63958e+016 6.59e-012  1.00e+000  2.15e-004  4.22e-006  9.47e-006  2.64e-013  1.29e-009  1.45e-016  5.58e-016  4.60e-024  1.10e-025  
4.64165e+016 6.70e-012  1.00e+000  2.09e-004  4.07e-006  9.52e-006  2.87e-013  1.28e-009  1.49e-016  5.63e-016  4.21e-024  1.19e-025  
4.64187e+016 6.69e-012  1.00e+000  2.02e-004  3.90e-006  9.55e-006  2.91e-013  1.27e-009  1.47e-016  5.65e-016  3.92e-024  1.21e-025  
4.64224e+016 6.70e-012  1.00e+000  1.82e-004  3.48e-006  9.55e-006  2.97e-013  1.25e-009  1.35e-016  5.66e-016  3.40e-024  1.24e-025  
4.64286e+016 6.73e-012  1.00e+000  1.57e-004  3.02e-006  9.57e-006  3.09e-013  1.25e-009  1.19e-016  5.66e-016  2.93e-024  1.28e-025  
4.64396e+016 6.79e-012  1.00e+000  1.45e-004  2.77e-006  9.59e-006  3.28e-013  1.24e-009  1.13e-016  5.68e-016  2.64e-024  1.36e-025  
4.64596e+016 6.91e-012  1.00e+000  1.42e-004  2.71e-006  9.64e-006  3.60e-013  1.22e-009  1.16e-016  5.70e-016  2.47e-024  1.49e-025  
4.64933e+016 7.11e-012  1.00e+000  1.42e-004  2.70e-006  9.70e-006  4.13e-013  1.20e-009  1.25e-016  5.74e-016  2.29e-024  1.72e-025  
4.65501e+016 7.46e-012  1.00e+000  1.42e-004  2.65e-006  9.81e-006  5.07e-013  1.18e-009  1.45e-016  5.79e-016  1.96e-024  2.10e-025  
4.66259e+016 7.96e-012  1.00e+000  1.38e-004  2.54e-006  9.95e-006  6.68e-013  1.17e-009  1.68e-016  5.85e-016  1.54e-024  2.78e-025  
4.67450e+016 8.79e-012  1.00e+000  1.21e-004  2.16e-006  1.01e-005  1.04e-012  1.15e-009  1.95e-016  5.93e-016  9.69e-025  4.31e-025  
4.68726e+016 9.78e-012  1.00e+000  9.99e-005  1.73e-006  1.03e-005  1.69e-012  1.15e-009  2.16e-016  5.98e-016  5.36e-025  7.02e-025  
4.69009e+016 1.00e-011  1.00e+000  9.56e-005  1.64e-006  1.04e-005  1.89e-012  1.14e-009  2.19e-016  5.99e-016  4.68e-025  7.85e-025  
4.69024e+016 1.00e-011  1.00e+000  9.51e-005  1.62e-006  1.04e-005  1.90e-012  1.14e-009  2.19e-016  6.00e-016  4.59e-025  7.90e-025  
4.69048e+016 1.00e-011  1.00e+000  9.22e-005  1.56e-006  1.04e-005  1.92e-012  1.13e-009  2.15e-016  6.00e-016  4.29e-025  7.99e-025  
4.69090e+016 1.00e-011  1.00e+000  8.46e-005  1.41e-006  1.04e-005  1.96e-012  1.12e-009  2.01e-016  6.00e-016  3.76e-025  8.15e-025  
4.69160e+016 1.01e-011  1.00e+000  7.23e-005  1.20e-006  1.04e-005  2.01e-012  1.11e-009  1.76e-016  5.96e-016  3.08e-025  8.37e-025  
4.69279e+016 1.02e-011  1.00e+000  6.27e-005  1.04e-006  1.04e-005  2.13e-012  1.11e-009  1.57e-016  5.95e-016  2.59e-025  8.82e-025  
4.69476e+016 1.03e-011  1.00e+000  6.03e-005  1.00e-006  1.05e-005  2.32e-012  1.11e-009  1.56e-016  5.99e-016  2.35e-025  9.65e-025  
4.69806e+016 1.06e-011  1.00e+000  6.00e-005  9.90e-007  1.05e-005  2.63e-012  1.10e-009  1.65e-016  5.98e-016  2.13e-025  1.09e-024  
4.70337e+016 1.11e-011  1.00e+000  6.02e-005  9.82e-007  1.05e-005  3.18e-012  1.10e-009  1.82e-016  5.96e-016  1.83e-025  1.32e-024  
4.70622e+016 1.14e-011  1.00e+000  6.01e-005  9.74e-007  1.05e-005  3.52e-012  1.10e-009  1.90e-016  5.95e-016  1.67e-025  1.46e-024  
4.71061e+016 1.18e-011  1.00e+000  5.92e-005  9.49e-007  1.07e-005  4.08e-012  1.10e-009  2.02e-016  5.93e-016  1.42e-025  1.69e-024  
4.71746e+016 1.25e-011  1.00e+000  5.58e-005  9.20e-007  1.07e-005  5.09e-012  1.14e-009  2.06e-016  5.89e-016  1.22e-025  2.11e-024  
4.72860e+016 1.37e-011  1.00e+000  4.86e-005  8.47e-007  1.08e-005  7.37e-012  1.20e-009  2.01e-016  5.81e-016  8.90e-026  3.06e-024  
4.74240e+016 1.54e-011  1.00e+000  4.02e-005  7.40e-007  1.08e-005  1.17e-011  1.29e-009  1.89e-016  5.66e-016  5.81e-026  4.84e-024  
4.74305e+016 1.55e-011  1.00e+000  3.98e-005  7.35e-007  1.08e-005  1.19e-011  1.30e-009  1.88e-016  5.64e-016  5.68e-026  4.94e-024  
4.74313e+016 1.55e-011  1.00e+000  3.97e-005  7.35e-007  1.08e-005  1.19e-011  1.30e-009  1.88e-016  5.64e-016  5.67e-026  4.96e-024  
4.74348e+016 1.55e-011  1.00e+000  3.96e-005  7.29e-007  1.09e-005  1.21e-011  1.30e-009  1.88e-016  5.66e-016  5.57e-026  5.03e-024  
4.74406e+016 1.56e-011  1.00e+000  3.85e-005  7.05e-007  1.09e-005  1.23e-011  1.29e-009  1.85e-016  5.63e-016  5.24e-026  5.12e-024  
4.74503e+016 1.56e-011  1.00e+000  3.59e-005  6.60e-007  1.10e-005  1.28e-011  1.30e-009  1.75e-016  5.65e-016  4.67e-026  5.33e-024  
4.74676e+016 1.58e-011  1.00e+000  3.18e-005  5.81e-007  1.09e-005  1.37e-011  1.30e-009  1.58e-016  5.61e-016  3.88e-026  5.68e-024  
4.74972e+016 1.62e-011  1.00e+000  2.86e-005  5.28e-007  1.09e-005  1.52e-011  1.31e-009  1.46e-016  5.56e-016  3.25e-026  6.30e-024  
4.75283e+016 1.66e-011  1.00e+000  2.81e-005  5.26e-007  1.10e-005  1.70e-011  1.33e-009  1.48e-016  5.54e-016  3.03e-026  7.05e-024  
4.75365e+016 1.67e-011  1.00e+000  2.81e-005  5.29e-007  1.10e-005  1.74e-011  1.34e-009  1.48e-016  5.53e-016  3.00e-026  7.25e-024  
4.75556e+016 1.70e-011  1.00e+000  2.82e-005  5.35e-007  1.09e-005  1.85e-011  1.35e-009  1.51e-016  5.50e-016  2.92e-026  7.71e-024  
4.75856e+016 1.74e-011  1.00e+000  2.86e-005  5.49e-007  1.10e-005  2.05e-011  1.37e-009  1.56e-016  5.48e-016  2.81e-026  8.51e-024  
4.76342e+016 1.82e-011  1.00e+000  2.86e-005  5.66e-007  1.10e-005  2.37e-011  1.40e-009  1.62e-016  5.40e-016  2.60e-026  9.83e-024  
4.77120e+016 1.94e-011  1.00e+000  2.83e-005  5.88e-007  1.10e-005  3.01e-011  1.47e-009  1.69e-016  5.31e-016  2.27e-026  1.25e-023  
4.78339e+016 2.14e-011  1.00e+000  2.78e-005  5.98e-007  1.11e-005  4.32e-011  1.55e-009  1.79e-016  5.14e-016  1.70e-026  1.79e-023  
4.79819e+016 2.41e-011  1.00e+000  2.76e-005  6.31e-007  1.12e-005  6.60e-011  1.66e-009  1.95e-016  4.94e-016  1.21e-026  2.73e-023  
4.80101e+016 2.47e-011  1.00e+000  2.76e-005  6.36e-007  1.11e-005  7.13e-011  1.67e-009  1.98e-016  4.90e-016  1.14e-026  2.95e-023  
4.80156e+016 2.48e-011  1.00e+000  2.77e-005  6.41e-007  1.12e-005  7.22e-011  1.67e-009  1.99e-016  4.88e-016  1.12e-026  3.00e-023  
4.80288e+016 2.50e-011  1.00e+000  2.78e-005  6.44e-007  1.12e-005  7.52e-011  1.68e-009  2.01e-016  4.88e-016  1.10e-026  3.12e-023  
4.80511e+016 2.55e-011  1.00e+000  2.78e-005  6.51e-007  1.12e-005  7.96e-011  1.69e-009  2.04e-016  4.82e-016  1.04e-026  3.31e-023  
4.80875e+016 2.62e-011  1.00e+000  2.80e-005  6.68e-007  1.12e-005  8.85e-011  1.72e-009  2.10e-016  4.77e-016  9.62e-027  3.67e-023  
4.81463e+016 2.74e-011  1.00e+000  2.86e-005  6.97e-007  1.12e-005  1.04e-010  1.75e-009  2.22e-016  4.71e-016  8.39e-027  4.34e-023  
4.82445e+016 2.96e-011  1.00e+000  3.02e-005  7.57e-007  1.12e-005  1.36e-010  1.79e-009  2.46e-016  4.56e-016  6.86e-027  5.68e-023  
4.83636e+016 3.26e-011  1.00e+000  3.22e-005  8.56e-007  1.12e-005  1.87e-010  1.84e-009  2.79e-016  4.39e-016  5.52e-027  7.76e-023  
4.84912e+016 3.59e-011  1.00e+000  3.54e-005  9.86e-007  1.13e-005  2.60e-010  1.87e-009  3.23e-016  4.23e-016  4.37e-027  1.08e-022  
4.86294e+016 4.00e-011  1.00e+000  3.87e-005  1.15e-006  1.13e-005  3.70e-010  1.85e-009  3.80e-016  4.02e-016  3.30e-027  1.53e-022  
4.87591e+016 4.41e-011  1.00e+000  4.29e-005  1.34e-006  1.13e-005  5.12e-010  1.82e-009  4.44e-016  3.88e-016  2.61e-027  2.13e-022  
4.88968e+016 4.89e-011  1.00e+000  4.76e-005  1.56e-006  1.13e-005  7.20e-010  1.72e-009  5.26e-016  3.72e-016  1.92e-027  2.99e-022  
4.90444e+016 5.45e-011  1.00e+000  5.36e-005  1.87e-006  1.13e-005  1.03e-009  1.59e-009  6.29e-016  3.56e-016  1.41e-027  4.29e-022  
4.91980e+016 6.08e-011  1.00e+000  6.07e-005  2.24e-006  1.13e-005  1.50e-009  1.41e-009  7.65e-016  3.40e-016  9.90e-028  6.25e-022  
4.93317e+016 6.68e-011  1.00e+000  6.77e-005  2.60e-006  1.13e-005  2.08e-009  1.25e-009  9.06e-016  3.28e-016  7.27e-028  8.65e-022  
4.94239e+016 7.12e-011  1.00e+000  7.30e-005  2.92e-006  1.13e-005  2.61e-009  1.14e-009  1.02e-015  3.20e-016  5.90e-028  1.08e-021  
4.95192e+016 7.60e-011  1.00e+000  7.95e-005  3.24e-006  1.13e-005  3.29e-009  1.02e-009  1.16e-015  3.12e-016  4.57e-028  1.37e-021  
4.96202e+016 8.12e-011  1.00e+000  8.71e-005  3.62e-006  1.13e-005  4.19e-009  9.08e-010  1.27e-015  3.04e-016  3.53e-028  1.74e-021  
4.97297e+016 8.73e-011  1.00e+000  9.61e-005  4.08e-006  1.13e-005  5.43e-009  7.93e-010  1.41e-015  2.97e-016  2.67e-028  2.26e-021  
4.98461e+016 9.40e-011  1.00e+000  1.07e-004  4.56e-006  1.13e-005  7.12e-009  6.75e-010  1.57e-015  2.89e-016  1.89e-028  2.96e-021  
4.99670e+016 1.01e-010  1.00e+000  1.21e-004  5.15e-006  1.14e-005  9.38e-009  5.75e-010  1.78e-015  2.83e-016  1.36e-028  3.90e-021  
5.00936e+016 1.09e-010  1.00e+000  1.37e-004  5.69e-006  1.14e-005  1.24e-008  4.78e-010  2.03e-015  2.76e-016  9.04e-029  5.15e-021  
5.02240e+016 1.18e-010  1.00e+000  1.54e-004  6.20e-006  1.13e-005  1.63e-008  3.93e-010  2.30e-015  2.69e-016  5.85e-029  6.75e-021  
5.03584e+016 1.27e-010  1.00e+000  1.75e-004  6.66e-006  1.13e-005  2.13e-008  3.21e-010  2.62e-015  2.63e-016  3.64e-029  8.90e-021  
5.05026e+016 1.36e-010  1.00e+000  2.00e-004  7.01e-006  1.13e-005  2.84e-008  2.60e-010  3.04e-015  2.60e-016  2.12e-029  1.18e-020  
5.05959e+016 1.43e-010  1.00e+000  2.16e-004  7.20e-006  1.13e-005  3.35e-008  2.28e-010  3.30e-015  2.57e-016  1.54e-029  1.39e-020  
5.06957e+016 1.51e-010  1.00e+000  2.34e-004  7.22e-006  1.13e-005  3.96e-008  1.97e-010  3.60e-015  2.54e-016  1.03e-029  1.64e-020  
5.07988e+016 1.60e-010  1.00e+000  2.52e-004  7.19e-006  1.12e-005  4.65e-008  1.69e-010  3.91e-015  2.50e-016  6.87e-030  1.93e-020  
5.09058e+016 1.69e-010  1.00e+000  2.73e-004  7.22e-006  1.12e-005  5.46e-008  1.47e-010  4.26e-015  2.48e-016  4.69e-030  2.27e-020  
5.10237e+016 1.79e-010  1.00e+000  2.98e-004  7.04e-006  1.13e-005  6.48e-008  1.25e-010  4.69e-015  2.46e-016  2.90e-030  2.69e-020  
5.11496e+016 1.91e-010  1.00e+000  3.22e-004  6.80e-006  1.13e-005  7.64e-008  1.06e-010  5.13e-015  2.44e-016  1.76e-030  3.17e-020  
5.12843e+016 2.04e-010  1.00e+000  3.50e-004  6.62e-006  1.13e-005  9.02e-008  8.97e-011  5.64e-015  2.43e-016  1.05e-030  3.74e-020  
5.14296e+016 2.18e-010  1.00e+000  3.81e-004  6.28e-006  1.13e-005  1.07e-007  7.47e-011  6.24e-015  2.42e-016  5.82e-031  4.45e-020  
5.15425e+016 2.30e-010  1.00e+000  4.05e-004  6.13e-006  1.13e-005  1.21e-007  6.56e-011  6.74e-015  2.42e-016  3.84e-031  5.04e-020  
5.16792e+016 2.45e-010  1.00e+000  4.32e-004  5.83e-006  1.13e-005  1.40e-007  5.59e-011  7.34e-015  2.42e-016  2.26e-031  5.83e-020  
5.18319e+016 2.63e-010  1.00e+000  4.64e-004  5.47e-006  1.13e-005  1.63e-007  4.71e-011  8.06e-015  2.42e-016  1.24e-031  6.76e-020  
5.19950e+016 2.82e-010  9.99e-001  5.00e-004  5.10e-006  1.13e-005  1.91e-007  3.97e-011  8.90e-015  2.43e-016  6.63e-032  7.94e-020  
5.21655e+016 3.03e-010  9.99e-001  5.41e-004  4.65e-006  1.14e-005  2.22e-007  3.29e-011  9.86e-015  2.46e-016  3.33e-032  9.24e-020  
5.23457e+016 3.26e-010  9.99e-001  5.79e-004  4.23e-006  1.14e-005  2.58e-007  2.75e-011  1.09e-014  2.49e-016  1.65e-032  1.07e-019  
5.25384e+016 3.52e-010  9.99e-001  6.22e-004  3.78e-006  1.15e-005  3.01e-007  2.27e-011  1.21e-014  2.52e-016  7.69e-033  1.25e-019  
5.27451e+016 3.81e-010  9.99e-001  6.66e-004  3.30e-006  1.15e-005  3.46e-007  1.87e-011  1.35e-014  2.57e-016  3.46e-033  1.44e-019  
5.29668e+016 4.13e-010  9.99e-001  7.16e-004  2.83e-006  1.16e-005  4.02e-007  1.53e-011  1.50e-014  2.64e-016  1.46e-033  1.67e-019  
5.31993e+016 4.47e-010  9.99e-001  7.67e-004  2.41e-006  1.17e-005  4.63e-007  1.25e-011  1.68e-014  2.73e-016  6.06e-034  1.92e-019  
5.34440e+016 4.83e-010  9.99e-001  8.21e-004  2.03e-006  1.18e-005  5.34e-007  1.03e-011  1.89e-014  2.81e-016  2.40e-034  2.21e-019  
5.36995e+016 5.22e-010  9.99e-001  8.75e-004  1.69e-006  1.19e-005  6.09e-007  8.42e-012  2.11e-014  2.93e-016  9.44e-035  2.53e-019  
5.39765e+016 5.65e-010  9.99e-001  9.32e-004  1.37e-006  1.21e-005  6.94e-007  6.86e-012  2.37e-014  3.08e-016  3.44e-035  2.89e-019  
5.42627e+016 6.08e-010  9.99e-001  9.89e-004  1.13e-006  1.23e-005  7.88e-007  5.66e-012  2.67e-014  3.24e-016  1.30e-035  3.28e-019  
5.45738e+016 6.53e-010  9.99e-001  1.05e-003  8.89e-007  1.26e-005  8.98e-007  4.58e-012  3.00e-014  3.45e-016  4.35e-036  3.72e-019  
5.49079e+016 7.00e-010  9.99e-001  1.11e-003  7.09e-007  1.29e-005  1.02e-006  3.79e-012  3.39e-014  3.69e-016  1.50e-036  4.24e-019  
5.52575e+016 7.45e-010  9.99e-001  1.16e-003  5.57e-007  1.32e-005  1.16e-006  3.11e-012  3.81e-014  3.97e-016  5.02e-037  4.82e-019  
5.56155e+016 7.86e-010  9.99e-001  1.22e-003  4.40e-007  1.36e-005  1.31e-006  2.61e-012  4.27e-014  4.29e-016  1.72e-037  5.46e-019  
5.59918e+016 8.23e-010  9.99e-001  1.26e-003  3.51e-007  1.41e-005  1.49e-006  2.22e-012  4.80e-014  4.68e-016  6.09e-038  6.18e-019  
5.63913e+016 8.56e-010  9.99e-001  1.31e-003  2.78e-007  1.46e-005  1.69e-006  1.90e-012  5.36e-014  5.14e-016  2.15e-038  7.03e-019  
5.68226e+016 8.81e-010  9.99e-001  1.34e-003  2.21e-007  1.53e-005  1.94e-006  1.66e-012  6.00e-014  5.71e-016  7.56e-039  8.03e-019  
5.72780e+016 8.97e-010  9.99e-001  1.37e-003  1.75e-007  1.59e-005  2.23e-006  1.46e-012  6.70e-014  6.40e-016  2.67e-039  9.22e-019  
5.77650e+016 9.03e-010  9.99e-001  1.38e-003  1.42e-007  1.67e-005  2.57e-006  1.31e-012  7.46e-014  7.23e-016  1.01e-039  1.06e-018  
5.82707e+016 8.98e-010  9.99e-001  1.40e-003  1.16e-007  1.76e-005  2.97e-006  1.20e-012  8.28e-014  8.23e-016  4.05e-040  1.24e-018  
5.88124e+016 8.80e-010  9.99e-001  1.41e-003  9.59e-008  1.85e-005  3.46e-006  1.12e-012  9.19e-014  9.47e-016  1.65e-040  1.43e-018  
5.93801e+016 8.52e-010  9.99e-001  1.41e-003  8.17e-008  1.95e-005  4.06e-006  1.07e-012  1.02e-013  1.10e-015  7.40e-041  1.68e-018  
5.99878e+016 8.13e-010  9.99e-001  1.41e-003  7.05e-008  2.05e-005  4.78e-006  1.04e-012  1.14e-013  1.28e-015  3.46e-041  1.98e-018  
6.06254e+016 7.66e-010  9.99e-001  1.44e-003  6.29e-008  2.15e-005  5.68e-006  1.04e-012  1.28e-013  1.51e-015  1.78e-041  2.35e-018  
6.12860e+016 7.14e-010  9.99e-001  1.47e-003  5.87e-008  2.27e-005  6.74e-006  1.06e-012  1.46e-013  1.79e-015  1.03e-041  2.79e-018  
6.19772e+016 6.59e-010  9.98e-001  1.52e-003  5.60e-008  2.40e-005  8.00e-006  1.10e-012  1.67e-013  2.15e-015  6.28e-042  3.31e-018  
6.27006e+016 6.03e-010  9.98e-001  1.59e-003  5.52e-008  2.52e-005  9.54e-006  1.15e-012  1.94e-013  2.59e-015  4.15e-042  3.95e-018  
6.34752e+016 5.46e-010  9.98e-001  1.69e-003  5.68e-008  2.66e-005  1.14e-005  1.24e-012  2.31e-013  3.15e-015  2.99e-042  4.73e-018  
6.43223e+016 4.89e-010  9.98e-001  1.83e-003  6.10e-008  2.82e-005  1.37e-005  1.38e-012  2.80e-013  3.93e-015  2.33e-042  5.69e-018  
6.52408e+016 4.33e-010  9.98e-001  2.02e-003  6.81e-008  3.00e-005  1.67e-005  1.58e-012  3.49e-013  4.97e-015  1.98e-042  6.91e-018  
6.62440e+016 3.81e-010  9.98e-001  2.26e-003  7.85e-008  3.20e-005  2.03e-005  1.85e-012  4.46e-013  6.41e-015  1.76e-042  8.38e-018  
6.73219e+016 3.34e-010  9.97e-001  2.54e-003  9.32e-008  3.41e-005  2.46e-005  2.21e-012  5.78e-013  8.42e-015  1.66e-042  1.02e-017  
6.84641e+016 2.92e-010  9.97e-001  2.90e-003  1.14e-007  3.70e-005  2.97e-005  2.74e-012  7.64e-013  1.12e-014  1.67e-042  1.23e-017  
6.96945e+016 2.55e-010  9.97e-001  3.31e-003  1.44e-007  3.96e-005  3.58e-005  3.50e-012  1.02e-012  1.53e-014  1.78e-042  1.48e-017  
7.10391e+016 2.22e-010  9.96e-001  3.82e-003  1.88e-007  4.32e-005  4.30e-005  4.69e-012  1.41e-012  2.15e-014  2.02e-042  1.78e-017  
7.25155e+016 1.94e-010  9.96e-001  4.40e-003  2.53e-007  4.71e-005  5.13e-005  6.55e-012  1.97e-012  3.10e-014  2.38e-042  2.12e-017  
7.42223e+016 1.68e-010  9.95e-001  5.15e-003  3.59e-007  5.25e-005  6.14e-005  9.89e-012  2.89e-012  4.77e-014  3.01e-042  2.54e-017  
7.63108e+016 1.45e-010  9.94e-001  6.07e-003  5.46e-007  5.95e-005  7.38e-005  1.66e-011  4.51e-012  8.01e-014  4.08e-042  3.05e-017  
7.86896e+016 1.25e-010  9.93e-001  7.20e-003  8.81e-007  6.92e-005  8.81e-005  3.11e-011  7.39e-012  1.46e-013  5.95e-042  3.65e-017  
8.18150e+016 1.07e-010  9.91e-001  8.68e-003  1.61e-006  8.43e-005  1.07e-004  7.21e-011  1.37e-011  3.18e-013  9.82e-042  4.39e-017  
8.55776e+016 9.02e-011  9.89e-001  1.07e-002  3.33e-006  1.09e-004  1.29e-004  2.03e-010  2.81e-011  8.13e-013  1.86e-041  5.31e-017  
9.00548e+016 7.57e-011  9.86e-001  1.32e-002  7.70e-006  1.47e-004  1.56e-004  6.81e-010  6.40e-011  2.40e-012  4.00e-041  6.43e-017  
9.53916e+016 6.26e-011  9.83e-001  1.66e-002  2.05e-005  2.06e-004  1.90e-004  2.70e-009  1.66e-010  8.12e-012  1.01e-040  7.86e-017  
1.01535e+017 5.09e-011  9.78e-001  2.12e-002  5.99e-005  3.01e-004  2.36e-004  1.17e-008  4.75e-010  2.95e-011  2.93e-040  9.72e-017  
1.09249e+017 3.99e-011  9.71e-001  2.83e-002  2.07e-004  4.74e-004  3.01e-004  5.77e-008  1.60e-009  1.18e-010  1.04e-039  1.24e-016  
1.19176e+017 2.96e-011  9.59e-001  3.88e-002  7.67e-004  8.11e-004  4.05e-004  2.80e-007  5.74e-009  4.76e-010  4.05e-039  1.68e-016  
1.32448e+017 2.04e-011  9.36e-001  5.93e-002  2.46e-003  1.62e-003  5.93e-004  9.80e-007  1.77e-008  1.59e-009  1.28e-038  2.44e-016  
