! 0       CH3CO + H -> CH2CO + H2
! 1       OH + C2H2 -> CH2CO + H
! 2       CH3CO+ + e- -> CH2CO + H
! 3       O + C2H3 -> CH2CO + H
! 4       *CH2CO + He -> CH2CO + He
! 5       O + CH2CCH2 -> CH2 + CH2CO
! 6       CH3CHO+ + e- -> CH2CO + H + H
! 7       *CH2CO + H2 -> CH2CO + H2
! 8       CH3CO + O -> CH2CO + OH
! 9       CH3CO + OH -> CH2CO + H2O
! 10      HOCO + CH3 -> H2O + CH2CO
! 11      CH3CO+ + GRAIN -> CH2CO + H + GRAIN
! 12      HCOOCH3 + H2 -> CH2CO + H2O + H2
! 13      O + C2H4 -> CH2CO + H2
!            tot_rate   0          1          2          3          4          5          6          7          8          9          10         11         12         13         
1.58188e+013 2.04e-017  4.15e-004  0.00e+000  5.28e-001  4.62e-001  0.00e+000  6.07e-029  7.05e-003  0.00e+000  1.67e-004  7.58e-007  7.49e-005  1.15e-003  0.00e+000  2.16e-008  
3.50727e+014 2.04e-017  4.15e-004  0.00e+000  5.28e-001  4.62e-001  0.00e+000  6.07e-029  7.05e-003  0.00e+000  1.67e-004  7.58e-007  7.49e-005  1.15e-003  0.00e+000  2.16e-008  
5.21628e+015 2.04e-017  4.15e-004  0.00e+000  5.29e-001  4.62e-001  0.00e+000  6.07e-029  7.00e-003  0.00e+000  1.67e-004  7.59e-007  7.49e-005  1.14e-003  0.00e+000  2.16e-008  
2.67137e+016 1.48e-017  5.81e-004  0.00e+000  3.63e-001  6.29e-001  0.00e+000  9.07e-029  5.61e-003  0.00e+000  2.34e-004  1.06e-006  1.07e-004  6.74e-004  0.00e+000  3.02e-008  
3.33598e+016 1.07e-017  8.16e-004  0.00e+000  1.75e-001  8.18e-001  0.00e+000  5.95e-028  3.22e-003  0.00e+000  3.29e-004  1.49e-006  1.60e-004  6.88e-004  0.00e+000  5.21e-008  
3.42055e+016 1.04e-017  8.45e-004  0.00e+000  1.59e-001  8.35e-001  0.00e+000  2.60e-027  3.12e-003  0.00e+000  3.40e-004  1.55e-006  1.70e-004  7.54e-004  0.00e+000  6.61e-008  
3.44017e+016 1.03e-017  8.51e-004  0.00e+000  1.55e-001  8.38e-001  0.00e+000  4.52e-027  3.09e-003  0.00e+000  3.43e-004  1.56e-006  1.72e-004  7.78e-004  0.00e+000  7.21e-008  
3.46353e+016 1.02e-017  8.60e-004  0.00e+000  1.50e-001  8.44e-001  0.00e+000  1.04e-026  3.06e-003  0.00e+000  3.46e-004  1.58e-006  1.76e-004  8.18e-004  0.00e+000  8.21e-008  
3.48860e+016 1.01e-017  8.69e-004  0.00e+000  1.44e-001  8.49e-001  0.00e+000  3.34e-026  3.01e-003  0.00e+000  3.50e-004  1.59e-006  1.80e-004  8.70e-004  0.00e+000  9.82e-008  
3.51370e+016 1.00e-017  8.78e-004  0.00e+000  1.38e-001  8.55e-001  0.00e+000  1.62e-025  2.94e-003  0.00e+000  3.54e-004  1.61e-006  1.85e-004  9.44e-004  0.00e+000  1.25e-007  
3.53250e+016 9.94e-018  8.85e-004  0.00e+000  1.35e-001  8.58e-001  5.01e-077  7.56e-025  2.85e-003  0.00e+000  3.56e-004  1.62e-006  1.88e-004  1.03e-003  0.00e+000  1.58e-007  
3.55515e+016 9.95e-018  8.84e-004  0.00e+000  1.39e-001  8.54e-001  1.80e-053  8.42e-024  2.63e-003  0.00e+000  3.56e-004  1.62e-006  1.91e-004  1.18e-003  0.00e+000  2.26e-007  
3.57182e+016 1.01e-017  8.74e-004  0.00e+000  1.51e-001  8.42e-001  3.25e-036  8.24e-023  2.39e-003  0.00e+000  3.52e-004  1.60e-006  1.91e-004  1.35e-003  0.00e+000  3.15e-007  
3.58524e+016 1.02e-017  8.63e-004  0.00e+000  1.63e-001  8.30e-001  6.95e-027  7.71e-022  2.17e-003  0.00e+000  3.47e-004  1.58e-006  1.90e-004  1.52e-003  0.00e+000  4.39e-007  
3.60047e+016 1.04e-017  8.50e-004  0.00e+000  1.78e-001  8.15e-001  2.26e-015  1.64e-020  1.90e-003  0.00e+000  3.42e-004  1.56e-006  1.90e-004  1.76e-003  0.00e+000  6.93e-007  
3.61718e+016 1.06e-017  8.34e-004  0.00e+000  1.95e-001  7.98e-001  5.07e-008  1.00e-018  1.61e-003  4.23e-071  3.35e-004  1.53e-006  1.89e-004  2.07e-003  0.00e+000  1.30e-006  
3.62899e+016 1.07e-017  8.21e-004  0.00e+000  2.08e-001  7.85e-001  3.96e-005  3.11e-017  1.43e-003  7.08e-059  3.30e-004  1.50e-006  1.88e-004  2.31e-003  0.00e+000  2.23e-006  
3.63893e+016 1.09e-017  8.10e-004  0.00e+000  2.19e-001  7.73e-001  3.65e-004  7.91e-016  1.30e-003  9.30e-040  3.26e-004  1.48e-006  1.88e-004  2.57e-003  0.00e+000  3.76e-006  
3.64972e+016 1.11e-017  7.95e-004  0.00e+000  2.32e-001  7.58e-001  2.38e-003  3.68e-014  1.30e-003  4.94e-021  3.20e-004  1.45e-006  1.87e-004  2.86e-003  0.00e+000  7.12e-006  
3.66124e+016 1.14e-017  7.73e-004  1.96e-077  2.47e-001  7.36e-001  8.07e-003  2.96e-012  1.33e-003  8.96e-013  3.11e-004  1.41e-006  1.85e-004  3.23e-003  0.00e+000  1.52e-005  
3.67348e+016 1.19e-017  7.41e-004  4.11e-064  2.61e-001  7.06e-001  2.42e-002  3.68e-010  1.35e-003  1.42e-007  2.98e-004  1.36e-006  1.82e-004  3.68e-003  0.00e+000  3.65e-005  
3.68621e+016 1.28e-017  6.88e-004  1.91e-050  2.72e-001  6.55e-001  6.20e-002  5.01e-008  1.35e-003  7.04e-004  2.76e-004  1.26e-006  1.73e-004  4.16e-003  0.00e+000  9.53e-005  
3.69700e+016 1.44e-017  6.14e-004  1.37e-039  2.71e-001  5.86e-001  1.25e-001  2.37e-006  1.30e-003  7.52e-003  2.47e-004  1.12e-006  1.59e-004  4.46e-003  0.00e+000  2.15e-004  
3.70376e+016 1.61e-017  5.49e-004  2.27e-033  2.62e-001  5.25e-001  1.83e-001  2.07e-005  1.23e-003  1.88e-002  2.21e-004  1.00e-006  1.45e-004  4.52e-003  0.00e+000  3.47e-004  
3.71087e+016 1.89e-017  4.67e-004  1.89e-027  2.43e-001  4.49e-001  2.56e-001  1.56e-004  1.11e-003  3.97e-002  1.88e-004  8.53e-007  1.26e-004  4.42e-003  0.00e+000  5.56e-004  
3.71826e+016 2.38e-017  3.71e-004  4.33e-022  2.14e-001  3.59e-001  3.43e-001  9.08e-004  9.46e-004  6.98e-002  1.49e-004  6.77e-007  1.03e-004  4.11e-003  2.87e-074  8.57e-004  
3.72589e+016 3.25e-017  2.72e-004  1.64e-017  1.77e-001  2.66e-001  4.31e-001  3.73e-003  7.52e-004  1.08e-001  1.09e-004  4.96e-007  7.76e-005  3.60e-003  3.30e-058  1.23e-003  
3.73370e+016 4.79e-017  1.85e-004  7.39e-014  1.38e-001  1.85e-001  5.03e-001  1.05e-002  5.60e-004  1.49e-001  7.43e-005  3.36e-007  5.43e-005  2.99e-003  3.53e-045  1.61e-003  
3.74165e+016 7.54e-017  1.17e-004  3.95e-011  1.03e-001  1.22e-001  5.48e-001  2.08e-002  3.94e-004  1.91e-001  4.73e-005  2.15e-007  3.57e-005  2.36e-003  3.42e-035  1.90e-003  
3.74829e+016 1.14e-016  7.81e-005  1.82e-009  7.97e-002  8.45e-002  5.74e-001  2.99e-002  2.85e-004  2.16e-001  3.14e-005  1.42e-007  2.43e-005  1.90e-003  7.07e-029  2.01e-003  
3.75505e+016 1.72e-016  5.22e-005  3.46e-008  6.21e-002  5.98e-002  5.77e-001  4.02e-002  2.08e-004  2.45e-001  2.10e-005  9.52e-008  1.65e-005  1.55e-003  8.12e-024  2.08e-003  
3.76194e+016 2.54e-016  3.61e-005  3.68e-007  5.05e-002  4.41e-002  5.75e-001  5.48e-002  1.56e-004  2.59e-001  1.45e-005  6.54e-008  1.16e-005  1.32e-003  1.28e-019  2.18e-003  
3.76839e+016 3.46e-016  2.73e-005  2.39e-006  4.36e-002  3.61e-002  5.51e-001  7.91e-002  1.26e-004  2.74e-001  1.10e-005  4.94e-008  8.75e-006  1.19e-003  3.23e-016  2.42e-003  
3.76854e+016 3.49e-016  2.72e-005  2.49e-006  4.36e-002  3.59e-002  5.51e-001  7.98e-002  1.26e-004  2.74e-001  1.09e-005  4.91e-008  8.69e-006  1.19e-003  3.82e-016  2.42e-003  
3.76877e+016 3.52e-016  2.70e-005  2.66e-006  4.35e-002  3.58e-002  5.49e-001  8.11e-002  1.25e-004  2.75e-001  1.09e-005  4.89e-008  8.65e-006  1.19e-003  5.01e-016  2.44e-003  
3.76917e+016 3.58e-016  2.66e-005  2.96e-006  4.31e-002  3.55e-002  5.48e-001  8.33e-002  1.24e-004  2.74e-001  1.07e-005  4.81e-008  8.50e-006  1.18e-003  7.80e-016  2.46e-003  
3.76980e+016 3.68e-016  2.60e-005  3.47e-006  4.26e-002  3.47e-002  5.46e-001  8.69e-002  1.21e-004  2.74e-001  1.04e-005  4.70e-008  8.28e-006  1.17e-003  1.59e-015  2.49e-003  
3.77083e+016 3.83e-016  2.51e-005  4.57e-006  4.20e-002  3.42e-002  5.40e-001  9.39e-002  1.18e-004  2.74e-001  1.01e-005  4.54e-008  8.01e-006  1.16e-003  4.98e-015  2.56e-003  
3.77248e+016 4.07e-016  2.40e-005  6.98e-006  4.13e-002  3.32e-002  5.31e-001  1.08e-001  1.14e-004  2.70e-001  9.66e-006  4.35e-008  7.62e-006  1.16e-003  3.02e-014  2.70e-003  
3.77450e+016 4.25e-016  2.34e-005  1.18e-005  4.16e-002  3.29e-002  5.08e-001  1.36e-001  1.13e-004  2.66e-001  9.41e-006  4.28e-008  7.36e-006  1.18e-003  2.70e-013  2.94e-003  
3.77655e+016 1.93e-016  5.29e-005  4.42e-005  9.64e-002  7.62e-002  2.46e-001  4.31e-001  2.57e-004  1.33e-001  2.11e-005  9.75e-008  1.64e-005  2.77e-003  5.91e-012  7.41e-003  
3.77936e+016 1.37e-016  7.61e-005  1.03e-004  1.46e-001  1.14e-001  5.18e-004  7.20e-001  3.78e-004  2.88e-004  3.06e-005  1.47e-007  2.36e-005  4.28e-003  5.36e-011  1.19e-002  
3.78016e+016 1.40e-016  7.50e-005  1.16e-004  1.46e-001  1.14e-001  2.14e-004  7.21e-001  3.74e-004  1.20e-004  3.01e-005  1.46e-007  2.31e-005  4.29e-003  8.29e-011  1.20e-002  
3.78111e+016 1.43e-016  7.42e-005  1.36e-004  1.46e-001  1.13e-001  1.74e-004  7.21e-001  3.72e-004  9.81e-005  2.96e-005  1.48e-007  2.28e-005  4.34e-003  1.39e-010  1.23e-002  
3.78273e+016 1.48e-016  7.21e-005  1.77e-004  1.46e-001  1.13e-001  1.62e-004  7.21e-001  3.67e-004  9.23e-005  2.87e-005  1.50e-007  2.22e-005  4.38e-003  3.24e-010  1.27e-002  
3.78530e+016 1.57e-016  6.80e-005  2.74e-004  1.47e-001  1.14e-001  1.50e-004  7.18e-001  3.60e-004  8.65e-005  2.70e-005  1.55e-007  2.14e-005  4.49e-003  1.20e-009  1.35e-002  
3.78818e+016 1.67e-016  6.19e-005  4.64e-004  1.48e-001  1.15e-001  1.37e-004  7.15e-001  3.55e-004  8.11e-005  2.45e-005  1.65e-007  2.09e-005  4.63e-003  4.91e-009  1.47e-002  
3.79076e+016 1.76e-016  5.41e-005  7.51e-004  1.50e-001  1.16e-001  1.25e-004  7.11e-001  3.49e-004  7.62e-005  2.12e-005  1.71e-007  2.07e-005  4.74e-003  1.60e-008  1.56e-002  
3.79253e+016 1.81e-016  4.76e-005  1.07e-003  1.51e-001  1.17e-001  1.18e-004  7.07e-001  3.48e-004  7.35e-005  1.85e-005  1.73e-007  2.08e-005  4.85e-003  3.51e-008  1.65e-002  
3.79502e+016 1.88e-016  3.67e-005  1.75e-003  1.54e-001  1.18e-001  1.11e-004  7.02e-001  3.46e-004  6.96e-005  1.40e-005  1.65e-007  2.14e-005  5.02e-003  9.94e-008  1.77e-002  
3.79755e+016 1.90e-016  2.56e-005  2.98e-003  1.61e-001  1.23e-001  1.07e-004  6.86e-001  3.55e-004  6.80e-005  9.60e-006  1.46e-007  2.30e-005  5.33e-003  2.79e-007  1.96e-002  
3.79897e+016 1.90e-016  1.99e-005  4.02e-003  1.66e-001  1.26e-001  1.05e-004  6.75e-001  3.61e-004  6.75e-005  7.28e-006  1.30e-007  2.43e-005  5.59e-003  4.85e-007  2.06e-002  
3.79918e+016 1.89e-016  1.91e-005  4.23e-003  1.68e-001  1.27e-001  1.05e-004  6.72e-001  3.64e-004  6.78e-005  6.99e-006  1.27e-007  2.47e-005  5.61e-003  5.29e-007  2.09e-002  
3.79956e+016 1.89e-016  1.77e-005  4.55e-003  1.68e-001  1.27e-001  1.05e-004  6.71e-001  3.64e-004  6.76e-005  6.44e-006  1.22e-007  2.50e-005  5.65e-003  6.07e-007  2.11e-002  
3.80017e+016 1.89e-016  1.56e-005  5.15e-003  1.71e-001  1.28e-001  1.04e-004  6.66e-001  3.68e-004  6.76e-005  5.60e-006  1.14e-007  2.57e-005  5.76e-003  7.61e-007  2.16e-002  
3.80129e+016 1.89e-016  1.23e-005  6.46e-003  1.75e-001  1.30e-001  1.02e-004  6.57e-001  3.73e-004  6.78e-005  4.35e-006  9.96e-008  2.72e-005  5.99e-003  1.13e-006  2.25e-002  
3.80319e+016 1.86e-016  8.32e-006  9.39e-003  1.85e-001  1.34e-001  1.01e-004  6.39e-001  3.88e-004  6.82e-005  2.83e-006  7.94e-008  3.04e-005  6.39e-003  2.22e-006  2.41e-002  
3.80578e+016 1.83e-016  5.48e-006  1.53e-002  1.99e-001  1.37e-001  1.01e-004  6.13e-001  4.07e-004  6.84e-005  1.73e-006  6.46e-008  3.55e-005  6.95e-003  5.34e-006  2.62e-002  
3.80629e+016 1.81e-016  5.17e-006  1.68e-002  2.02e-001  1.38e-001  1.02e-004  6.07e-001  4.13e-004  6.90e-005  1.61e-006  6.34e-008  3.67e-005  7.12e-003  6.29e-006  2.66e-002  
3.80713e+016 1.79e-016  4.76e-006  1.95e-002  2.08e-001  1.38e-001  1.02e-004  5.97e-001  4.21e-004  6.98e-005  1.43e-006  6.19e-008  3.86e-005  7.37e-003  8.15e-006  2.73e-002  
3.80859e+016 1.76e-016  4.25e-006  2.47e-002  2.18e-001  1.39e-001  1.03e-004  5.80e-001  4.36e-004  7.05e-005  1.21e-006  6.08e-008  4.15e-005  7.79e-003  1.26e-005  2.81e-002  
3.81083e+016 1.68e-016  3.78e-006  3.55e-002  2.38e-001  1.39e-001  1.06e-004  5.46e-001  4.68e-004  7.39e-005  9.54e-007  6.08e-008  4.51e-005  8.71e-003  2.49e-005  2.96e-002  
3.81265e+016 1.60e-016  3.53e-006  4.64e-002  2.58e-001  1.38e-001  1.09e-004  5.15e-001  5.00e-004  7.75e-005  7.94e-007  6.06e-008  4.55e-005  9.57e-003  4.24e-005  3.04e-002  
3.81480e+016 1.49e-016  3.39e-006  6.10e-002  2.86e-001  1.35e-001  1.15e-004  4.73e-001  5.46e-004  8.30e-005  6.44e-007  6.07e-008  4.14e-005  1.08e-002  7.50e-005  3.06e-002  
3.81769e+016 1.34e-016  3.28e-006  8.41e-002  3.33e-001  1.35e-001  1.27e-004  4.01e-001  6.21e-004  9.15e-005  4.67e-007  5.81e-008  2.73e-005  1.29e-002  1.66e-004  2.95e-002  
3.81836e+016 1.31e-016  3.27e-006  8.87e-002  3.46e-001  1.37e-001  1.30e-004  3.82e-001  6.41e-004  9.40e-005  4.30e-007  5.71e-008  2.32e-005  1.35e-002  1.96e-004  2.89e-002  
3.81952e+016 1.25e-016  3.26e-006  9.67e-002  3.68e-001  1.41e-001  1.35e-004  3.47e-001  6.77e-004  9.83e-005  3.68e-007  5.48e-008  1.61e-005  1.45e-002  2.61e-004  2.74e-002  
3.82149e+016 1.16e-016  3.21e-006  1.08e-001  4.08e-001  1.57e-001  1.45e-004  2.83e-001  7.39e-004  1.07e-004  2.70e-007  4.85e-008  6.52e-006  1.63e-002  4.19e-004  2.37e-002  
3.82433e+016 1.06e-016  2.94e-006  1.12e-001  4.66e-001  1.94e-001  1.56e-004  1.87e-001  8.27e-004  1.18e-004  1.46e-007  3.47e-008  7.35e-007  1.89e-002  7.90e-004  1.59e-002  
3.82740e+016 9.62e-017  2.04e-006  1.02e-001  5.34e-001  2.28e-001  1.70e-004  1.01e-001  9.26e-004  1.30e-004  4.91e-008  1.60e-008  7.72e-008  2.21e-002  1.48e-003  5.88e-003  
3.83054e+016 8.50e-017  7.16e-007  7.97e-002  6.27e-001  2.12e-001  1.91e-004  4.46e-002  1.06e-003  1.46e-004  6.64e-009  3.10e-009  6.54e-008  2.66e-002  2.74e-003  5.80e-004  
3.83376e+016 7.32e-017  4.49e-008  5.13e-002  7.54e-001  1.35e-001  2.17e-004  1.50e-002  1.24e-003  1.71e-004  1.20e-010  9.01e-011  4.87e-008  3.28e-002  5.00e-003  3.81e-006  
3.83751e+016 6.57e-017  1.78e-009  3.06e-002  8.71e-001  4.05e-002  2.40e-004  2.68e-003  1.39e-003  1.92e-004  7.52e-013  1.54e-012  2.63e-008  3.90e-002  8.92e-003  1.37e-007  
3.84132e+016 6.54e-017  1.47e-009  2.87e-002  9.02e-001  6.69e-003  2.42e-004  3.38e-004  1.39e-003  1.94e-004  7.76e-014  1.06e-012  1.94e-008  4.16e-002  1.36e-002  7.28e-009  
3.84531e+016 6.85e-017  1.21e-009  4.63e-002  8.84e-001  2.26e-003  2.28e-004  1.16e-004  1.30e-003  1.87e-004  2.28e-014  1.26e-012  2.48e-008  4.22e-002  1.91e-002  1.06e-009  
3.84962e+016 7.26e-017  1.00e-009  7.27e-002  8.52e-001  1.37e-003  2.08e-004  1.00e-004  1.19e-003  1.72e-004  1.69e-014  1.49e-012  3.62e-008  4.21e-002  2.59e-002  4.52e-010  
3.85449e+016 7.54e-017  8.63e-010  8.14e-002  8.34e-001  6.18e-004  1.84e-004  9.73e-005  1.10e-003  1.54e-004  1.45e-014  1.34e-012  4.28e-008  4.32e-002  3.54e-002  2.47e-010  
3.85990e+016 7.47e-017  7.95e-010  5.07e-002  8.48e-001  1.97e-004  1.55e-004  1.06e-004  1.04e-003  1.31e-004  1.40e-014  7.08e-013  2.85e-008  4.63e-002  4.95e-002  1.58e-010  
3.86597e+016 7.41e-017  7.48e-010  2.35e-002  8.55e-001  5.06e-005  1.08e-004  1.36e-004  9.71e-004  9.38e-005  1.65e-014  2.92e-013  1.47e-008  4.94e-002  6.74e-002  1.35e-010  
3.87288e+016 7.47e-017  7.26e-010  2.50e-002  8.31e-001  2.02e-005  5.39e-005  2.23e-004  8.63e-004  4.74e-005  2.50e-014  2.88e-013  1.94e-008  5.12e-002  8.79e-002  1.82e-010  
3.88139e+016 7.55e-017  7.47e-010  3.93e-002  7.89e-001  2.54e-005  1.38e-005  3.96e-004  7.34e-004  1.21e-005  4.25e-014  4.24e-013  3.80e-008  5.27e-002  1.13e-001  2.91e-010  
3.89093e+016 7.60e-017  8.73e-010  6.77e-002  7.33e-001  6.16e-005  1.42e-006  6.88e-004  6.00e-004  1.27e-006  7.62e-014  7.21e-013  7.17e-008  5.37e-002  1.41e-001  4.16e-010  
3.90068e+016 7.71e-017  1.15e-009  1.14e-001  6.62e-001  1.93e-004  1.71e-007  1.09e-003  4.74e-004  1.56e-007  1.34e-013  1.25e-012  1.13e-007  5.35e-002  1.65e-001  4.83e-010  
3.91088e+016 8.04e-017  1.65e-009  1.88e-001  5.73e-001  5.48e-004  1.63e-007  1.57e-003  3.53e-004  1.49e-007  2.26e-013  2.11e-012  1.47e-007  5.12e-002  1.82e-001  4.66e-010  
3.92181e+016 8.84e-017  2.53e-009  2.95e-001  4.67e-001  1.19e-003  2.39e-007  1.99e-003  2.40e-004  2.19e-007  3.62e-013  3.44e-012  1.59e-007  4.67e-002  1.84e-001  3.87e-010  
3.93325e+016 1.05e-016  3.84e-009  4.27e-001  3.57e-001  1.85e-003  3.90e-007  2.20e-003  1.47e-004  3.58e-007  5.19e-013  5.07e-012  1.44e-007  4.00e-002  1.69e-001  2.81e-010  
3.94519e+016 1.31e-016  5.57e-009  5.56e-001  2.61e-001  2.22e-003  6.89e-007  2.13e-003  8.31e-005  6.30e-007  6.62e-013  6.73e-012  1.14e-007  3.30e-002  1.43e-001  1.90e-010  
3.95803e+016 1.70e-016  7.82e-009  6.65e-001  1.88e-001  2.21e-003  1.28e-006  1.88e-003  4.35e-005  1.16e-006  7.65e-013  8.23e-012  8.17e-008  2.70e-002  1.14e-001  1.25e-010  
3.97190e+016 2.21e-016  1.06e-008  7.46e-001  1.38e-001  1.93e-003  2.32e-006  1.54e-003  2.19e-005  2.12e-006  8.14e-013  9.41e-012  5.70e-008  2.25e-002  8.73e-002  8.37e-011  
3.98699e+016 2.80e-016  1.40e-008  8.04e-001  1.05e-001  1.55e-003  3.93e-006  1.21e-003  1.09e-005  3.57e-006  8.04e-013  1.03e-011  4.00e-008  1.96e-002  6.68e-002  6.00e-011  
4.00514e+016 3.50e-016  1.83e-008  8.47e-001  8.07e-002  1.13e-003  6.19e-006  8.96e-004  4.96e-006  5.59e-006  7.30e-013  1.08e-011  2.77e-008  1.76e-002  4.94e-002  4.51e-011  
4.02549e+016 4.21e-016  2.31e-008  8.79e-001  6.41e-002  7.65e-004  8.53e-006  6.39e-004  2.21e-006  7.53e-006  6.11e-013  1.08e-011  2.00e-008  1.63e-002  3.59e-002  3.73e-011  
4.04761e+016 4.86e-016  2.76e-008  9.02e-001  5.25e-002  4.90e-004  1.01e-005  4.47e-004  9.72e-007  8.75e-006  4.69e-013  1.02e-011  1.51e-008  1.54e-002  2.57e-002  3.38e-011  
4.07070e+016 5.41e-016  3.09e-008  9.19e-001  4.40e-002  2.98e-004  1.06e-005  3.11e-004  4.33e-007  8.87e-006  3.38e-013  9.28e-012  1.20e-008  1.47e-002  1.81e-002  3.29e-011  
4.09451e+016 5.85e-016  3.30e-008  9.32e-001  3.76e-002  1.73e-004  9.99e-006  2.17e-004  1.93e-007  8.12e-006  2.33e-013  8.19e-012  9.85e-009  1.39e-002  1.24e-002  3.39e-011  
4.11988e+016 6.21e-016  3.35e-008  9.42e-001  3.25e-002  9.13e-005  8.55e-006  1.52e-004  8.38e-008  6.75e-006  1.52e-013  6.96e-012  8.36e-009  1.31e-002  7.99e-003  3.69e-011  
4.14624e+016 6.51e-016  3.25e-008  9.52e-001  2.81e-002  4.33e-005  7.03e-006  1.08e-004  3.50e-008  5.30e-006  9.55e-014  5.77e-012  7.43e-009  1.21e-002  4.84e-003  4.22e-011  
4.17462e+016 6.86e-016  2.97e-008  9.60e-001  2.39e-002  1.73e-005  5.80e-006  7.85e-005  1.34e-008  4.14e-006  5.80e-014  4.60e-012  6.86e-009  1.08e-002  2.61e-003  5.04e-011  
4.20512e+016 7.35e-016  2.50e-008  9.68e-001  1.95e-002  5.73e-006  5.13e-006  5.96e-005  4.50e-009  3.51e-006  3.48e-014  3.52e-012  6.64e-009  8.96e-003  1.22e-003  6.33e-011  
4.23867e+016 8.12e-016  1.91e-008  9.77e-001  1.47e-002  1.52e-006  5.12e-006  4.82e-005  1.26e-009  3.28e-006  2.04e-014  2.51e-012  6.69e-009  6.80e-003  4.53e-004  8.40e-011  
4.27356e+016 9.22e-016  1.31e-008  9.84e-001  1.06e-002  4.42e-007  5.71e-006  4.28e-005  3.01e-010  3.42e-006  1.23e-014  1.67e-012  6.95e-009  4.87e-003  1.37e-004  1.20e-010  
4.30994e+016 1.07e-015  8.10e-009  9.88e-001  7.85e-003  2.78e-007  6.91e-006  4.86e-005  6.34e-011  3.83e-006  8.50e-015  1.02e-012  7.51e-009  3.45e-003  3.17e-005  2.30e-010  
4.34671e+016 1.26e-015  4.53e-009  9.91e-001  6.25e-003  3.43e-007  8.88e-006  6.43e-005  1.33e-011  4.53e-006  6.31e-015  5.63e-013  8.64e-009  2.61e-003  5.71e-006  6.16e-010  
4.38104e+016 1.19e-015  3.16e-009  9.90e-001  6.73e-003  5.10e-007  1.40e-005  8.56e-005  5.34e-012  6.63e-006  4.77e-015  3.15e-013  1.06e-008  2.65e-003  1.11e-006  2.02e-009  
4.41007e+016 9.77e-016  3.38e-009  9.88e-001  8.66e-003  7.71e-007  2.27e-005  1.13e-004  8.36e-012  9.91e-006  4.81e-015  2.41e-013  1.28e-008  3.22e-003  2.61e-007  6.99e-009  
4.42181e+016 8.92e-016  4.34e-009  9.86e-001  9.75e-003  9.22e-007  2.76e-005  1.27e-004  1.26e-011  1.17e-005  6.03e-015  2.67e-013  1.39e-008  3.55e-003  1.36e-007  1.07e-008  
4.42811e+016 8.62e-016  5.62e-009  9.86e-001  1.02e-002  1.07e-006  3.00e-005  1.38e-004  1.65e-011  1.26e-005  8.01e-015  3.25e-013  1.48e-008  3.69e-003  8.89e-008  1.46e-008  
4.43809e+016 8.42e-016  7.05e-009  9.85e-001  1.08e-002  1.20e-006  3.35e-005  1.46e-004  3.94e-011  1.38e-005  9.85e-015  3.86e-013  1.52e-008  3.79e-003  4.97e-008  1.83e-008  
4.45030e+016 7.76e-016  1.19e-008  9.83e-001  1.21e-002  1.35e-006  4.01e-005  1.56e-004  4.81e-011  1.57e-005  1.55e-014  5.99e-013  1.66e-008  4.14e-003  2.47e-008  2.65e-008  
4.45401e+016 6.98e-016  2.05e-008  9.81e-001  1.36e-002  1.48e-006  4.56e-005  1.68e-004  5.94e-011  1.78e-005  2.54e-014  9.64e-013  1.92e-008  4.61e-003  1.93e-008  3.78e-008  
4.45998e+016 6.50e-016  3.11e-008  9.80e-001  1.49e-002  1.68e-006  5.07e-005  1.74e-004  8.70e-011  1.94e-005  3.61e-014  1.37e-012  2.06e-008  4.97e-003  1.44e-008  4.81e-008  
4.46779e+016 6.50e-016  3.66e-008  9.79e-001  1.53e-002  1.83e-006  5.34e-005  1.77e-004  1.15e-010  1.97e-005  4.17e-014  1.59e-012  1.99e-008  5.02e-003  9.98e-009  5.37e-008  
4.48006e+016 5.96e-016  6.96e-008  9.77e-001  1.73e-002  2.05e-006  6.21e-005  1.90e-004  1.88e-010  2.21e-005  7.38e-014  2.77e-012  2.15e-008  5.54e-003  5.49e-009  7.97e-008  
4.48529e+016 4.90e-016  1.78e-007  9.71e-001  2.14e-002  2.39e-006  7.75e-005  2.20e-004  2.86e-010  2.67e-005  1.76e-013  6.26e-012  2.94e-008  6.75e-003  3.82e-009  1.49e-007  
4.48834e+016 4.56e-016  2.85e-007  9.69e-001  2.32e-002  2.37e-006  8.39e-005  2.19e-004  4.16e-010  2.87e-005  2.56e-013  9.36e-012  3.07e-008  7.25e-003  3.48e-009  1.86e-007  
4.49346e+016 4.65e-016  2.88e-007  9.69e-001  2.30e-002  2.62e-006  8.34e-005  2.19e-004  5.72e-010  2.86e-005  2.60e-013  9.46e-012  2.90e-008  7.16e-003  2.90e-009  1.88e-007  
4.49870e+016 4.69e-016  3.09e-007  9.69e-001  2.33e-002  2.86e-006  8.41e-005  2.22e-004  6.98e-010  2.86e-005  2.77e-013  1.01e-011  2.86e-008  7.13e-003  2.39e-009  1.98e-007  
4.50684e+016 4.47e-016  4.52e-007  9.67e-001  2.51e-002  3.09e-006  9.06e-005  2.33e-004  9.58e-010  3.00e-005  3.87e-013  1.39e-011  3.04e-008  7.54e-003  1.71e-009  2.51e-007  
4.51867e+016 3.98e-016  9.59e-007  9.62e-001  2.91e-002  3.44e-006  1.06e-004  2.54e-004  1.67e-009  3.31e-005  7.53e-013  2.66e-011  3.67e-008  8.56e-003  1.06e-009  4.04e-007  
4.51946e+016 3.30e-016  1.47e-006  9.54e-001  3.51e-002  4.03e-006  1.27e-004  2.99e-004  2.09e-009  3.97e-005  1.13e-012  3.75e-011  5.33e-008  1.04e-002  8.57e-010  5.06e-007  
4.52061e+016 2.97e-016  2.29e-006  9.48e-001  3.93e-002  3.93e-006  1.41e-004  3.04e-004  2.54e-009  4.37e-005  1.60e-012  5.31e-011  5.78e-008  1.15e-002  8.64e-010  6.49e-007  
4.52265e+016 2.97e-016  2.99e-006  9.48e-001  3.98e-002  3.68e-006  1.42e-004  2.93e-004  3.10e-009  4.35e-005  2.00e-012  6.85e-011  5.73e-008  1.15e-002  8.26e-010  7.79e-007  
4.52632e+016 3.02e-016  3.48e-006  9.48e-001  3.95e-002  3.75e-006  1.41e-004  2.93e-004  4.21e-009  4.24e-005  2.30e-012  7.92e-011  5.64e-008  1.14e-002  7.49e-010  8.85e-007  
4.53239e+016 3.09e-016  3.66e-006  9.49e-001  3.92e-002  4.08e-006  1.40e-004  2.94e-004  5.73e-009  4.08e-005  2.43e-012  8.35e-011  5.57e-008  1.11e-002  6.31e-010  9.33e-007  
4.54167e+016 2.94e-016  4.93e-006  9.45e-001  4.25e-002  4.52e-006  1.51e-004  3.09e-004  8.19e-009  4.25e-005  3.12e-012  1.06e-010  6.32e-008  1.18e-002  4.66e-010  1.12e-006  
4.55446e+016 2.56e-016  9.74e-006  9.34e-001  5.08e-002  5.00e-006  1.78e-004  3.42e-004  1.49e-008  4.81e-005  5.59e-012  1.85e-010  8.45e-008  1.37e-002  3.04e-010  1.72e-006  
4.55658e+016 2.42e-016  1.15e-005  9.30e-001  5.42e-002  5.25e-006  1.89e-004  3.58e-004  1.68e-008  5.04e-005  6.45e-012  2.12e-010  9.39e-008  1.45e-002  2.65e-010  1.87e-006  
4.55697e+016 2.05e-016  1.52e-005  9.18e-001  6.39e-002  6.10e-006  2.23e-004  4.19e-004  2.01e-008  5.76e-005  8.44e-012  2.60e-010  1.35e-007  1.72e-002  2.17e-010  2.09e-006  
4.55761e+016 1.80e-016  1.91e-005  9.06e-001  7.28e-002  6.50e-006  2.54e-004  4.54e-004  2.35e-008  6.50e-005  1.01e-011  2.91e-010  1.64e-007  1.96e-002  2.21e-010  2.33e-006  
4.55871e+016 1.74e-016  2.20e-005  9.03e-001  7.59e-002  6.09e-006  2.63e-004  4.33e-004  2.54e-008  6.67e-005  1.07e-011  3.22e-010  1.62e-007  2.02e-002  2.25e-010  2.39e-006  
4.56066e+016 1.75e-016  2.54e-005  9.03e-001  7.60e-002  5.71e-006  2.62e-004  4.15e-004  2.79e-008  6.63e-005  1.18e-011  3.70e-010  1.61e-007  2.01e-002  2.17e-010  2.56e-006  
4.56410e+016 1.77e-016  3.03e-005  9.03e-001  7.56e-002  5.62e-006  2.59e-004  4.14e-004  3.31e-008  6.55e-005  1.39e-011  4.40e-010  1.62e-007  1.99e-002  2.04e-010  3.00e-006  
4.56849e+016 1.81e-016  3.45e-005  9.04e-001  7.50e-002  5.62e-006  2.53e-004  4.13e-004  4.00e-008  6.40e-005  1.59e-011  5.02e-010  1.62e-007  1.95e-002  1.87e-010  3.50e-006  
4.57241e+016 1.82e-016  3.82e-005  9.03e-001  7.60e-002  5.78e-006  2.54e-004  4.19e-004  4.68e-008  6.33e-005  1.75e-011  5.51e-010  1.67e-007  1.96e-002  1.71e-010  3.94e-006  
4.57850e+016 1.75e-016  4.61e-005  8.98e-001  8.01e-002  6.06e-006  2.68e-004  4.35e-004  5.89e-008  6.41e-005  2.04e-011  6.35e-010  1.87e-007  2.04e-002  1.46e-010  4.65e-006  
4.58802e+016 1.58e-016  6.51e-005  8.85e-001  9.10e-002  6.51e-006  3.00e-004  4.67e-004  8.28e-008  6.70e-005  2.69e-011  8.15e-010  2.40e-007  2.27e-002  1.12e-010  5.89e-006  
4.59720e+016 1.40e-016  9.45e-005  8.66e-001  1.07e-001  7.09e-006  3.41e-004  5.07e-004  1.15e-007  7.23e-005  3.56e-011  1.05e-009  3.23e-007  2.58e-002  8.59e-011  7.30e-006  
4.59734e+016 1.33e-016  1.02e-004  8.59e-001  1.12e-001  7.45e-006  3.58e-004  5.34e-004  1.21e-007  7.45e-005  3.87e-011  1.14e-009  3.47e-007  2.72e-002  7.61e-011  7.49e-006  
4.59759e+016 1.14e-016  1.30e-004  8.36e-001  1.30e-001  8.65e-006  4.11e-004  6.18e-004  1.41e-007  8.54e-005  4.93e-011  1.36e-009  4.60e-007  3.17e-002  6.05e-011  8.17e-006  
4.59802e+016 1.00e-016  1.59e-004  8.13e-001  1.49e-001  9.75e-006  4.68e-004  6.93e-004  1.63e-007  9.65e-005  5.86e-011  1.47e-009  6.17e-007  3.63e-002  5.86e-011  8.97e-006  
4.59873e+016 9.32e-017  1.75e-004  7.99e-001  1.60e-001  1.00e-005  5.03e-004  7.03e-004  1.78e-007  1.03e-004  6.07e-011  1.48e-009  6.89e-007  3.88e-002  6.21e-011  9.20e-006  
4.59993e+016 9.14e-017  1.85e-004  7.94e-001  1.64e-001  9.59e-006  5.13e-004  6.64e-004  1.86e-007  1.04e-004  5.92e-011  1.52e-009  6.86e-007  3.95e-002  6.27e-011  8.88e-006  
4.60196e+016 9.20e-017  1.95e-004  7.94e-001  1.64e-001  9.27e-006  5.11e-004  6.30e-004  1.93e-007  1.02e-004  5.89e-011  1.59e-009  6.80e-007  3.93e-002  6.13e-011  8.74e-006  
4.60580e+016 9.35e-017  2.10e-004  7.97e-001  1.63e-001  9.28e-006  5.03e-004  6.22e-004  2.08e-007  9.73e-005  6.23e-011  1.71e-009  6.86e-007  3.88e-002  5.85e-011  9.20e-006  
4.61139e+016 9.56e-017  2.27e-004  7.98e-001  1.62e-001  9.33e-006  4.90e-004  6.24e-004  2.30e-007  9.32e-005  6.74e-011  1.85e-009  6.98e-007  3.82e-002  5.43e-011  1.01e-005  
4.61801e+016 9.37e-017  2.60e-004  7.90e-001  1.69e-001  9.61e-006  4.96e-004  6.46e-004  2.66e-007  9.26e-005  7.60e-011  2.05e-009  7.77e-007  3.92e-002  4.77e-011  1.13e-005  
4.62829e+016 8.44e-017  3.51e-004  7.61e-001  1.93e-001  1.05e-005  5.40e-004  7.01e-004  3.42e-007  9.56e-005  9.48e-011  2.46e-009  1.04e-006  4.38e-002  3.73e-011  1.34e-005  
4.63958e+016 7.26e-017  5.05e-004  7.13e-001  2.33e-001  1.20e-005  6.14e-004  7.78e-004  4.56e-007  9.81e-005  1.24e-010  3.03e-009  1.54e-006  5.11e-002  2.75e-011  1.58e-005  
4.64165e+016 6.98e-017  5.50e-004  7.01e-001  2.44e-001  1.24e-005  6.33e-004  8.02e-004  4.86e-007  9.87e-005  1.32e-010  3.18e-009  1.69e-006  5.31e-002  2.51e-011  1.63e-005  
4.64187e+016 6.26e-017  6.66e-004  6.66e-001  2.71e-001  1.39e-005  6.96e-004  8.94e-004  5.41e-007  1.08e-004  1.60e-010  3.72e-009  1.95e-006  5.96e-002  1.92e-011  1.71e-005  
4.64224e+016 5.43e-017  8.58e-004  6.15e-001  3.13e-001  1.61e-005  8.00e-004  1.03e-003  6.26e-007  1.19e-004  2.06e-010  4.27e-009  2.52e-006  6.88e-002  1.50e-011  1.86e-005  
4.64286e+016 4.90e-017  9.97e-004  5.71e-001  3.49e-001  1.77e-005  8.85e-004  1.12e-003  7.00e-007  1.29e-004  2.35e-010  4.28e-009  3.18e-006  7.61e-002  1.50e-011  2.00e-005  
4.64396e+016 4.66e-017  1.07e-003  5.49e-001  3.67e-001  1.80e-005  9.25e-004  1.11e-003  7.46e-007  1.35e-004  2.36e-010  4.20e-009  3.71e-006  7.98e-002  1.56e-011  2.00e-005  
4.64596e+016 4.64e-017  1.11e-003  5.45e-001  3.71e-001  1.74e-005  9.20e-004  1.04e-003  7.71e-007  1.33e-004  2.26e-010  4.27e-009  3.96e-006  8.01e-002  1.56e-011  1.91e-005  
4.64933e+016 4.70e-017  1.15e-003  5.47e-001  3.70e-001  1.70e-005  8.97e-004  9.97e-004  7.97e-007  1.28e-004  2.23e-010  4.42e-009  4.13e-006  7.93e-002  1.52e-011  1.87e-005  
4.65501e+016 4.81e-017  1.21e-003  5.50e-001  3.68e-001  1.70e-005  8.66e-004  9.87e-004  8.37e-007  1.17e-004  2.31e-010  4.63e-009  4.22e-006  7.79e-002  1.47e-011  1.93e-005  
4.66259e+016 4.79e-017  1.35e-003  5.39e-001  3.78e-001  1.74e-005  8.48e-004  1.02e-003  9.17e-007  1.05e-004  2.55e-010  4.97e-009  4.62e-006  7.90e-002  1.31e-011  2.07e-005  
4.67450e+016 4.38e-017  1.80e-003  4.82e-001  4.27e-001  1.89e-005  8.70e-004  1.12e-003  1.12e-006  1.01e-004  3.22e-010  5.71e-009  6.44e-006  8.70e-002  9.72e-012  2.33e-005  
4.68726e+016 3.90e-017  2.59e-003  3.98e-001  4.98e-001  2.10e-005  8.88e-004  1.26e-003  1.41e-006  9.27e-005  4.34e-010  6.57e-009  9.99e-006  9.83e-002  6.39e-012  2.64e-005  
4.69009e+016 3.80e-017  2.82e-003  3.77e-001  5.16e-001  2.15e-005  8.90e-004  1.29e-003  1.49e-006  8.96e-005  4.66e-010  6.80e-009  1.11e-005  1.01e-001  5.74e-012  2.71e-005  
4.69024e+016 3.75e-017  2.91e-003  3.68e-001  5.23e-001  2.18e-005  8.99e-004  1.31e-003  1.51e-006  8.91e-005  4.80e-010  6.94e-009  1.13e-005  1.02e-001  5.31e-012  2.70e-005  
4.69048e+016 3.58e-017  3.24e-003  3.38e-001  5.48e-001  2.29e-005  9.45e-004  1.37e-003  1.58e-006  9.05e-005  5.39e-010  7.46e-009  1.20e-005  1.08e-001  4.08e-012  2.73e-005  
4.69090e+016 3.34e-017  3.89e-003  2.91e-001  5.86e-001  2.48e-005  1.01e-003  1.48e-003  1.70e-006  9.06e-005  6.49e-010  8.08e-009  1.33e-005  1.15e-001  2.92e-012  2.80e-005  
4.69160e+016 3.10e-017  4.71e-003  2.35e-001  6.32e-001  2.72e-005  1.06e-003  1.62e-003  1.85e-006  8.93e-005  7.99e-010  8.15e-009  1.53e-005  1.24e-001  2.18e-012  2.93e-005  
4.69279e+016 2.98e-017  5.16e-003  2.02e-001  6.61e-001  2.89e-005  1.10e-003  1.71e-003  1.96e-006  9.05e-005  8.85e-010  7.54e-009  1.74e-005  1.29e-001  2.07e-012  3.07e-005  
4.69476e+016 2.96e-017  5.40e-003  1.92e-001  6.69e-001  2.94e-005  1.09e-003  1.74e-003  2.03e-006  8.95e-005  9.19e-010  7.36e-009  1.96e-005  1.30e-001  2.09e-012  3.14e-005  
4.69806e+016 2.99e-017  5.59e-003  1.92e-001  6.69e-001  2.93e-005  1.05e-003  1.73e-003  2.12e-006  8.57e-005  9.47e-010  7.60e-009  2.23e-005  1.29e-001  2.07e-012  3.18e-005  
4.70337e+016 3.03e-017  5.92e-003  1.95e-001  6.68e-001  2.90e-005  9.88e-004  1.74e-003  2.24e-006  7.93e-005  9.88e-010  8.03e-009  2.61e-005  1.28e-001  2.13e-012  3.26e-005  
4.70622e+016 3.05e-017  6.06e-003  1.94e-001  6.69e-001  2.87e-005  9.54e-004  1.74e-003  2.30e-006  7.54e-005  1.01e-009  8.23e-009  2.78e-005  1.27e-001  2.09e-012  3.31e-005  
4.71061e+016 3.07e-017  6.42e-003  1.88e-001  6.75e-001  2.87e-005  9.23e-004  1.76e-003  2.40e-006  6.94e-005  1.07e-009  8.44e-009  3.04e-005  1.27e-001  1.94e-012  3.39e-005  
4.71746e+016 3.04e-017  7.30e-003  1.70e-001  6.91e-001  2.93e-005  8.81e-004  1.85e-003  2.60e-006  6.05e-005  1.22e-009  8.81e-009  3.58e-005  1.28e-001  1.61e-012  3.55e-005  
4.72860e+016 2.99e-017  9.30e-003  1.30e-001  7.26e-001  3.12e-005  8.03e-004  2.07e-003  2.95e-006  4.68e-005  1.61e-009  9.20e-009  4.82e-005  1.31e-001  1.03e-012  3.92e-005  
4.74240e+016 2.94e-017  1.31e-002  8.26e-002  7.65e-001  3.50e-005  6.90e-004  2.48e-003  3.47e-006  3.40e-005  2.51e-009  9.49e-009  7.21e-005  1.35e-001  5.13e-013  4.52e-005  
4.74305e+016 2.95e-017  1.33e-002  8.08e-002  7.67e-001  3.53e-005  6.86e-004  2.50e-003  3.50e-006  3.34e-005  2.56e-009  9.47e-009  7.33e-005  1.35e-001  4.92e-013  4.55e-005  
4.74313e+016 2.95e-017  1.34e-002  8.05e-002  7.67e-001  3.53e-005  6.82e-004  2.50e-003  3.50e-006  3.33e-005  2.57e-009  9.47e-009  7.33e-005  1.35e-001  4.89e-013  4.55e-005  
4.74348e+016 2.94e-017  1.36e-002  7.76e-002  7.69e-001  3.54e-005  6.84e-004  2.51e-003  3.54e-006  3.28e-005  2.63e-009  9.53e-009  7.42e-005  1.35e-001  4.49e-013  4.56e-005  
4.74406e+016 2.91e-017  1.45e-002  6.93e-002  7.75e-001  3.60e-005  6.79e-004  2.53e-003  3.57e-006  3.12e-005  2.83e-009  9.71e-009  7.58e-005  1.37e-001  3.50e-013  4.53e-005  
4.74503e+016 2.88e-017  1.66e-002  5.38e-002  7.87e-001  3.75e-005  6.69e-004  2.59e-003  3.68e-006  2.76e-005  3.33e-009  9.71e-009  7.87e-005  1.38e-001  2.24e-013  4.51e-005  
4.74676e+016 2.85e-017  2.00e-002  3.61e-002  8.00e-001  4.04e-005  6.53e-004  2.75e-003  3.86e-006  2.55e-005  4.28e-009  9.12e-009  8.39e-005  1.39e-001  6.21e-014  4.63e-005  
4.74972e+016 2.84e-017  2.36e-002  2.55e-002  8.06e-001  4.54e-005  6.27e-004  3.08e-003  4.12e-006  2.29e-005  5.63e-009  8.38e-009  9.16e-005  1.40e-001  2.30e-014  5.07e-005  
4.75283e+016 2.86e-017  2.54e-002  2.30e-002  8.08e-001  4.93e-005  5.98e-004  3.38e-003  4.41e-006  2.05e-005  6.64e-009  8.32e-009  9.90e-005  1.39e-001  2.11e-014  5.59e-005  
4.75365e+016 2.86e-017  2.58e-002  2.29e-002  8.07e-001  5.03e-005  5.94e-004  3.46e-003  4.51e-006  2.00e-005  6.89e-009  8.39e-009  1.01e-004  1.39e-001  2.10e-014  5.73e-005  
4.75556e+016 2.87e-017  2.65e-002  2.27e-002  8.07e-001  5.19e-005  5.78e-004  3.62e-003  4.66e-006  1.91e-005  7.34e-009  8.53e-009  1.06e-004  1.38e-001  2.08e-014  5.99e-005  
4.75856e+016 2.90e-017  2.75e-002  2.26e-002  8.07e-001  5.35e-005  5.52e-004  3.79e-003  4.86e-006  1.80e-005  7.93e-009  8.80e-009  1.13e-004  1.37e-001  2.08e-014  6.35e-005  
4.76342e+016 2.94e-017  2.95e-002  2.16e-002  8.07e-001  5.55e-005  5.08e-004  4.02e-003  5.21e-006  1.61e-005  8.96e-009  9.16e-009  1.27e-004  1.36e-001  1.91e-014  6.78e-005  
4.77120e+016 2.99e-017  3.37e-002  1.83e-002  8.09e-001  5.78e-005  4.38e-004  4.31e-003  5.75e-006  1.26e-005  1.10e-008  9.52e-009  1.52e-004  1.34e-001  1.47e-014  7.28e-005  
4.78339e+016 3.10e-017  4.39e-002  1.20e-002  8.08e-001  6.30e-005  3.59e-004  4.85e-003  6.62e-006  8.30e-006  1.61e-008  9.66e-009  1.97e-004  1.30e-001  7.62e-015  8.14e-005  
4.79819e+016 3.24e-017  6.26e-002  6.32e-003  7.99e-001  7.34e-005  2.67e-004  5.80e-003  8.02e-006  4.16e-006  2.81e-008  9.71e-009  2.62e-004  1.25e-001  2.70e-015  9.56e-005  
4.80101e+016 3.27e-017  6.73e-002  5.57e-003  7.95e-001  7.59e-005  2.53e-004  6.03e-003  8.35e-006  3.70e-006  3.15e-008  9.76e-009  2.77e-004  1.24e-001  2.17e-015  9.91e-005  
4.80156e+016 3.28e-017  6.80e-002  5.39e-003  7.95e-001  7.65e-005  2.49e-004  6.06e-003  8.38e-006  3.60e-006  3.23e-008  9.72e-009  2.79e-004  1.24e-001  2.07e-015  9.94e-005  
4.80288e+016 3.30e-017  7.03e-002  5.03e-003  7.94e-001  7.76e-005  2.42e-004  6.18e-003  8.55e-006  3.39e-006  3.39e-008  9.76e-009  2.85e-004  1.23e-001  1.81e-015  1.01e-004  
4.80511e+016 3.33e-017  7.52e-002  4.39e-003  7.91e-001  8.00e-005  2.30e-004  6.34e-003  8.81e-006  3.04e-006  3.76e-008  9.77e-009  2.97e-004  1.22e-001  1.33e-015  1.03e-004  
4.80875e+016 3.38e-017  8.35e-002  3.46e-003  7.85e-001  8.41e-005  2.09e-004  6.69e-003  9.33e-006  2.47e-006  4.50e-008  9.80e-009  3.17e-004  1.20e-001  8.71e-016  1.07e-004  
4.81463e+016 3.47e-017  9.78e-002  2.49e-003  7.74e-001  9.15e-005  1.79e-004  7.28e-003  1.02e-005  1.74e-006  5.90e-008  9.96e-009  3.48e-004  1.17e-001  4.60e-016  1.15e-004  
4.82445e+016 3.64e-017  1.21e-001  1.65e-003  7.55e-001  1.06e-004  1.40e-004  8.46e-003  1.20e-005  1.11e-006  8.87e-008  1.08e-008  4.09e-004  1.12e-001  1.88e-016  1.31e-004  
4.83636e+016 3.86e-017  1.49e-001  1.10e-003  7.32e-001  1.23e-004  1.00e-004  9.96e-003  1.41e-005  5.88e-007  1.35e-007  1.23e-008  4.97e-004  1.06e-001  6.68e-017  1.51e-004  
4.84912e+016 4.11e-017  1.78e-001  7.42e-004  7.08e-001  1.43e-004  6.77e-005  1.16e-002  1.63e-005  2.75e-007  2.00e-007  1.47e-008  6.13e-004  9.96e-002  1.94e-017  1.73e-004  
4.86294e+016 4.36e-017  2.03e-001  5.00e-004  6.88e-001  1.69e-004  4.34e-005  1.36e-002  1.86e-005  1.21e-007  2.87e-007  1.83e-008  7.82e-004  9.29e-002  4.24e-018  1.98e-004  
4.87591e+016 4.56e-017  2.16e-001  3.51e-004  6.77e-001  1.98e-004  2.83e-005  1.56e-002  2.04e-005  4.93e-008  3.73e-007  2.26e-008  9.91e-004  8.90e-002  8.81e-019  2.24e-004  
4.88968e+016 4.70e-017  2.19e-001  2.42e-004  6.74e-001  2.36e-004  1.75e-005  1.80e-002  2.21e-005  1.70e-008  4.64e-007  2.83e-008  1.30e-003  8.59e-002  1.42e-019  2.53e-004  
4.90444e+016 4.78e-017  2.11e-001  1.57e-004  6.82e-001  2.84e-004  1.01e-005  2.06e-002  2.30e-005  4.89e-009  5.46e-007  3.55e-008  1.77e-003  8.34e-002  1.55e-020  2.84e-004  
4.91980e+016 4.80e-017  1.93e-001  9.47e-005  6.97e-001  3.41e-004  5.31e-006  2.31e-002  2.37e-005  1.18e-009  6.08e-007  4.45e-008  2.48e-003  8.24e-002  1.15e-021  3.19e-004  
4.93317e+016 4.80e-017  1.73e-001  5.62e-005  7.15e-001  3.98e-004  2.81e-006  2.50e-002  2.42e-005  2.85e-010  6.31e-007  5.35e-008  3.33e-003  8.25e-002  8.56e-023  3.44e-004  
4.94239e+016 4.78e-017  1.58e-001  3.71e-005  7.29e-001  4.40e-004  1.68e-006  2.58e-002  2.47e-005  8.29e-011  6.32e-007  6.01e-008  4.10e-003  8.21e-002  1.16e-023  3.58e-004  
4.95192e+016 4.74e-017  1.41e-001  2.28e-005  7.44e-001  4.85e-004  9.70e-007  2.64e-002  2.53e-005  2.30e-011  6.20e-007  6.71e-008  5.08e-003  8.16e-002  1.20e-024  3.69e-004  
4.96202e+016 4.70e-017  1.23e-001  1.28e-005  7.62e-001  5.38e-004  5.83e-007  2.66e-002  2.64e-005  7.08e-012  5.89e-007  7.36e-008  6.36e-003  8.10e-002  8.87e-026  3.79e-004  
4.97297e+016 4.66e-017  1.04e-001  6.27e-006  7.80e-001  5.97e-004  3.05e-007  2.60e-002  2.77e-005  1.38e-012  5.43e-007  7.93e-008  8.12e-003  8.08e-002  4.00e-027  3.87e-004  
4.98461e+016 4.60e-017  8.32e-002  2.56e-006  7.99e-001  6.65e-004  1.37e-007  2.50e-002  2.98e-005  1.87e-013  4.76e-007  8.19e-008  1.05e-002  8.03e-002  9.79e-029  3.87e-004  
4.99670e+016 4.56e-017  6.40e-002  8.79e-007  8.18e-001  7.37e-004  5.28e-008  2.32e-002  3.24e-005  1.80e-014  3.97e-007  8.02e-008  1.35e-002  7.96e-002  1.35e-030  3.81e-004  
5.00936e+016 4.52e-017  4.63e-002  2.35e-007  8.35e-001  8.17e-004  1.55e-008  2.06e-002  3.59e-005  1.24e-015  3.10e-007  7.33e-008  1.75e-002  7.84e-002  8.24e-033  3.70e-004  
5.02240e+016 4.60e-017  3.04e-002  4.61e-008  8.54e-001  8.91e-004  3.07e-009  1.71e-002  3.89e-005  3.43e-017  2.20e-007  6.00e-008  2.20e-002  7.39e-002  2.06e-035  3.43e-004  
5.03584e+016 4.61e-017  1.91e-002  6.89e-009  8.69e-001  9.97e-004  5.94e-010  1.37e-002  4.36e-005  1.53e-018  1.48e-007  4.59e-008  2.80e-002  6.78e-002  2.09e-038  3.19e-004  
5.05026e+016 4.51e-017  1.10e-002  6.36e-010  8.77e-001  1.15e-003  1.31e-010  1.04e-002  5.01e-005  2.90e-020  9.19e-008  3.19e-008  3.61e-002  6.27e-002  3.99e-042  2.92e-004  
5.05959e+016 4.46e-017  7.72e-003  1.28e-010  8.77e-001  1.24e-003  3.88e-011  8.64e-003  5.50e-005  1.06e-021  6.73e-008  2.49e-008  4.24e-002  6.10e-002  1.32e-044  2.78e-004  
5.06957e+016 4.40e-017  5.34e-003  2.09e-011  8.76e-001  1.35e-003  7.88e-012  6.92e-003  6.11e-005  2.19e-023  4.86e-008  1.92e-008  4.95e-002  5.90e-002  2.16e-047  2.63e-004  
5.07988e+016 4.34e-017  3.75e-003  2.90e-012  8.73e-001  1.47e-003  1.18e-012  5.41e-003  6.84e-005  7.74e-025  3.55e-008  1.49e-008  5.78e-002  5.69e-002  2.06e-050  2.49e-004  
5.09058e+016 4.27e-017  2.79e-003  3.84e-013  8.67e-001  1.61e-003  1.35e-013  4.22e-003  7.73e-005  1.16e-026  2.77e-008  1.23e-008  6.77e-002  5.48e-002  1.69e-053  2.34e-004  
5.10237e+016 4.16e-017  2.23e-003  3.68e-014  8.58e-001  1.79e-003  1.06e-014  3.15e-003  8.92e-005  8.34e-029  2.31e-008  1.08e-008  8.01e-002  5.27e-002  4.40e-057  2.23e-004  
5.11496e+016 4.01e-017  2.01e-003  2.84e-015  8.46e-001  2.01e-003  5.94e-016  2.31e-003  1.05e-004  3.17e-031  2.17e-008  1.07e-008  9.58e-002  5.04e-002  5.54e-061  2.13e-004  
5.12843e+016 3.81e-017  2.07e-003  1.86e-016  8.29e-001  2.29e-003  4.22e-017  1.66e-003  1.27e-004  5.72e-034  2.33e-008  1.21e-008  1.16e-001  4.75e-002  3.72e-065  2.06e-004  
5.14296e+016 3.56e-017  2.37e-003  8.43e-018  8.04e-001  2.68e-003  3.23e-018  1.15e-003  1.59e-004  9.25e-036  2.79e-008  1.53e-008  1.43e-001  4.47e-002  6.86e-070  2.00e-004  
5.15425e+016 3.34e-017  2.77e-003  8.52e-019  7.80e-001  3.05e-003  8.64e-019  8.85e-004  1.90e-004  1.80e-037  3.35e-008  1.92e-008  1.68e-001  4.25e-002  2.08e-073  1.99e-004  
5.16792e+016 3.10e-017  3.46e-003  5.39e-020  7.46e-001  3.55e-003  2.60e-020  6.46e-004  2.37e-004  1.28e-040  4.33e-008  2.57e-008  2.04e-001  3.94e-002  1.21e-077  2.00e-004  
5.18319e+016 2.84e-017  4.44e-003  2.15e-021  7.01e-001  4.23e-003  3.95e-022  4.41e-004  3.03e-004  3.35e-044  5.82e-008  3.63e-008  2.50e-001  3.59e-002  0.00e+000  1.99e-004  
5.19950e+016 2.61e-017  5.82e-003  4.37e-023  6.48e-001  5.02e-003  3.57e-024  2.71e-004  3.87e-004  3.49e-048  7.89e-008  5.17e-008  3.05e-001  3.21e-002  0.00e+000  1.92e-004  
5.21655e+016 2.44e-017  7.61e-003  1.01e-024  5.89e-001  5.89e-003  1.49e-026  1.67e-004  4.87e-004  1.56e-052  1.06e-007  7.29e-008  3.63e-001  2.84e-002  0.00e+000  1.85e-004  
5.23457e+016 2.36e-017  9.76e-003  1.61e-026  5.35e-001  6.70e-003  2.92e-028  9.42e-005  5.98e-004  3.78e-054  1.41e-007  1.01e-007  4.18e-001  2.49e-002  0.00e+000  1.71e-004  
5.25384e+016 2.34e-017  1.23e-002  2.96e-028  4.87e-001  7.43e-003  4.27e-031  5.34e-005  7.13e-004  4.48e-058  1.84e-007  1.38e-007  4.65e-001  2.20e-002  0.00e+000  1.57e-004  
5.27451e+016 2.39e-017  1.53e-002  3.17e-030  4.48e-001  8.08e-003  5.65e-034  2.69e-005  8.33e-004  2.93e-063  2.35e-007  1.87e-007  5.03e-001  1.96e-002  0.00e+000  1.38e-004  
5.29668e+016 2.48e-017  1.89e-002  4.60e-032  4.20e-001  8.63e-003  3.09e-037  1.40e-005  9.60e-004  3.14e-069  2.98e-007  2.50e-007  5.28e-001  1.77e-002  0.00e+000  1.21e-004  
5.31993e+016 2.59e-017  2.32e-002  3.73e-034  3.97e-001  9.10e-003  5.63e-041  6.63e-006  1.10e-003  5.05e-077  3.76e-007  3.32e-007  5.47e-001  1.62e-002  0.00e+000  1.04e-004  
5.34440e+016 2.71e-017  2.85e-002  5.75e-036  3.79e-001  9.58e-003  4.72e-042  3.44e-006  1.25e-003  9.43e-078  4.72e-007  4.38e-007  5.60e-001  1.51e-002  0.00e+000  9.21e-005  
5.36995e+016 2.84e-017  3.49e-002  4.26e-038  3.66e-001  1.00e-002  1.55e-047  1.59e-006  1.43e-003  0.00e+000  5.92e-007  5.81e-007  5.67e-001  1.40e-002  0.00e+000  7.92e-005  
5.39765e+016 2.97e-017  4.30e-002  6.32e-040  3.53e-001  1.05e-002  3.90e-052  8.14e-007  1.63e-003  0.00e+000  7.43e-007  7.70e-007  5.72e-001  1.32e-002  0.00e+000  7.06e-005  
5.42627e+016 3.08e-017  5.32e-002  6.16e-042  3.44e-001  1.10e-002  2.23e-053  3.92e-007  1.87e-003  0.00e+000  9.31e-007  1.02e-006  5.71e-001  1.24e-002  0.00e+000  6.23e-005  
5.45738e+016 3.20e-017  6.60e-002  4.19e-044  3.35e-001  1.15e-002  7.54e-060  1.77e-007  2.16e-003  0.00e+000  1.16e-006  1.35e-006  5.66e-001  1.17e-002  0.00e+000  5.48e-005  
5.49079e+016 3.29e-017  8.18e-002  4.68e-046  3.28e-001  1.21e-002  4.35e-061  8.69e-008  2.50e-003  0.00e+000  1.46e-006  1.78e-006  5.56e-001  1.12e-002  0.00e+000  4.92e-005  
5.52575e+016 3.38e-017  1.01e-001  3.79e-048  3.23e-001  1.26e-002  2.91e-068  4.03e-008  2.89e-003  0.00e+000  1.80e-006  2.31e-006  5.42e-001  1.06e-002  0.00e+000  4.41e-005  
5.56155e+016 3.44e-017  1.23e-001  2.01e-050  3.19e-001  1.30e-002  5.72e-070  1.75e-008  3.34e-003  0.00e+000  2.20e-006  2.93e-006  5.23e-001  1.02e-002  0.00e+000  3.89e-005  
5.59918e+016 3.48e-017  1.48e-001  2.55e-052  3.16e-001  1.35e-002  2.49e-077  8.76e-009  3.88e-003  0.00e+000  2.66e-006  3.70e-006  4.99e-001  9.82e-003  0.00e+000  3.59e-005  
5.63913e+016 3.52e-017  1.77e-001  2.50e-054  3.13e-001  1.39e-002  2.96e-080  4.21e-009  4.49e-003  0.00e+000  3.19e-006  4.55e-006  4.72e-001  9.53e-003  0.00e+000  3.30e-005  
5.68226e+016 3.54e-017  2.10e-001  1.54e-056  3.10e-001  1.43e-002  0.00e+000  1.86e-009  5.22e-003  0.00e+000  3.78e-006  5.50e-006  4.40e-001  9.23e-003  0.00e+000  2.96e-005  
5.72780e+016 3.56e-017  2.45e-001  5.20e-059  3.09e-001  1.45e-002  0.00e+000  7.51e-010  6.07e-003  0.00e+000  4.41e-006  6.47e-006  4.05e-001  9.03e-003  0.00e+000  2.66e-005  
5.77650e+016 3.56e-017  2.84e-001  4.61e-061  3.09e-001  1.47e-002  0.00e+000  3.54e-010  7.11e-003  0.00e+000  5.14e-006  7.42e-006  3.65e-001  8.85e-003  0.00e+000  2.46e-005  
5.82707e+016 3.56e-017  3.21e-001  3.40e-063  3.09e-001  1.48e-002  0.00e+000  1.62e-010  8.27e-003  0.00e+000  5.88e-006  8.27e-006  3.26e-001  8.66e-003  0.00e+000  2.28e-005  
5.88124e+016 3.52e-017  3.58e-001  1.52e-065  3.10e-001  1.50e-002  0.00e+000  6.90e-011  9.68e-003  0.00e+000  6.70e-006  9.03e-006  2.87e-001  8.63e-003  0.00e+000  2.10e-005  
5.93801e+016 3.50e-017  3.94e-001  3.91e-068  3.11e-001  1.50e-002  0.00e+000  2.69e-011  1.13e-002  0.00e+000  7.53e-006  9.56e-006  2.48e-001  8.50e-003  0.00e+000  1.90e-005  
5.99878e+016 3.67e-017  4.06e-001  2.45e-070  3.46e-001  1.41e-002  0.00e+000  1.16e-011  1.26e-002  0.00e+000  8.04e-006  9.43e-006  2.00e-001  9.43e-003  0.00e+000  1.69e-005  
6.06254e+016 3.90e-017  4.10e-001  9.76e-073  3.84e-001  1.31e-002  0.00e+000  4.56e-012  1.38e-002  0.00e+000  8.46e-006  9.07e-006  1.57e-001  1.04e-002  0.00e+000  1.47e-005  
6.12860e+016 4.18e-017  4.07e-001  3.85e-075  4.23e-001  1.20e-002  0.00e+000  1.80e-012  1.50e-002  0.00e+000  8.83e-006  8.64e-006  1.21e-001  1.14e-002  0.00e+000  1.27e-005  
6.19772e+016 4.54e-017  3.99e-001  1.40e-077  4.61e-001  1.09e-002  0.00e+000  6.92e-013  1.61e-002  0.00e+000  9.19e-006  8.16e-006  9.10e-002  1.24e-002  0.00e+000  1.08e-005  
6.27006e+016 4.98e-017  3.90e-001  4.54e-080  4.94e-001  9.76e-003  0.00e+000  2.59e-013  1.71e-002  0.00e+000  9.60e-006  7.75e-006  6.75e-002  1.33e-002  0.00e+000  9.18e-006  
6.34752e+016 5.55e-017  3.78e-001  0.00e+000  5.24e-001  8.63e-003  0.00e+000  9.19e-014  1.79e-002  0.00e+000  1.01e-005  7.42e-006  4.90e-002  1.42e-002  0.00e+000  7.67e-006  
6.43223e+016 6.29e-017  3.67e-001  0.00e+000  5.50e-001  7.54e-003  0.00e+000  3.02e-014  1.86e-002  0.00e+000  1.08e-005  7.25e-006  3.47e-002  1.50e-002  0.00e+000  6.30e-006  
6.52408e+016 7.23e-017  3.58e-001  0.00e+000  5.70e-001  6.55e-003  0.00e+000  9.26e-015  1.94e-002  0.00e+000  1.17e-005  7.29e-006  2.42e-002  1.56e-002  0.00e+000  5.11e-006  
6.62440e+016 8.44e-017  3.53e-001  0.00e+000  5.84e-001  5.63e-003  0.00e+000  2.62e-015  1.99e-002  0.00e+000  1.31e-005  7.58e-006  1.67e-002  1.61e-002  0.00e+000  4.07e-006  
6.73219e+016 9.96e-017  3.52e-001  0.00e+000  5.90e-001  4.85e-003  0.00e+000  7.00e-016  2.04e-002  0.00e+000  1.51e-005  8.19e-006  1.16e-002  1.67e-002  0.00e+000  3.23e-006  
6.84641e+016 1.18e-016  3.57e-001  0.00e+000  5.90e-001  4.21e-003  0.00e+000  1.80e-016  2.10e-002  0.00e+000  1.78e-005  9.22e-006  8.26e-003  1.69e-002  0.00e+000  2.56e-006  
6.96945e+016 1.41e-016  3.67e-001  0.00e+000  5.83e-001  3.69e-003  0.00e+000  4.35e-017  2.16e-002  0.00e+000  2.16e-005  1.08e-005  6.06e-003  1.69e-002  0.00e+000  2.02e-006  
7.10391e+016 1.70e-016  3.82e-001  0.00e+000  5.68e-001  3.30e-003  0.00e+000  1.04e-017  2.22e-002  0.00e+000  2.71e-005  1.32e-005  4.61e-003  1.68e-002  0.00e+000  1.61e-006  
7.25155e+016 2.05e-016  4.06e-001  0.00e+000  5.46e-001  3.01e-003  0.00e+000  2.13e-018  2.30e-002  0.00e+000  3.55e-005  1.70e-005  3.70e-003  1.64e-002  0.00e+000  1.26e-006  
7.42223e+016 2.53e-016  4.39e-001  0.00e+000  5.14e-001  2.80e-003  0.00e+000  3.69e-019  2.38e-002  0.00e+000  4.90e-005  2.33e-005  3.08e-003  1.58e-002  0.00e+000  9.69e-007  
7.63108e+016 3.20e-016  4.82e-001  0.00e+000  4.72e-001  2.72e-003  0.00e+000  4.47e-020  2.46e-002  0.00e+000  7.29e-005  3.47e-005  2.70e-003  1.47e-002  0.00e+000  7.13e-007  
7.86896e+016 4.06e-016  5.29e-001  0.00e+000  4.26e-001  2.78e-003  0.00e+000  4.70e-021  2.53e-002  0.00e+000  1.13e-004  5.49e-005  2.53e-003  1.34e-002  0.00e+000  5.17e-007  
8.18150e+016 5.39e-016  5.86e-001  0.00e+000  3.69e-001  3.12e-003  0.00e+000  2.78e-022  2.58e-002  0.00e+000  1.97e-004  9.69e-005  2.52e-003  1.17e-002  0.00e+000  3.47e-007  
8.55776e+016 7.20e-016  6.39e-001  0.00e+000  3.17e-001  3.89e-003  0.00e+000  1.20e-023  2.57e-002  0.00e+000  3.63e-004  1.83e-004  2.77e-003  1.01e-002  0.00e+000  2.22e-007  
9.00548e+016 9.56e-016  6.80e-001  0.00e+000  2.75e-001  5.48e-003  0.00e+000  3.90e-025  2.54e-002  0.00e+000  7.09e-004  3.72e-004  3.30e-003  8.89e-003  0.00e+000  1.37e-007  
9.53916e+016 1.25e-015  7.02e-001  0.00e+000  2.48e-001  8.72e-003  0.00e+000  1.00e-026  2.51e-002  0.00e+000  1.47e-003  8.00e-004  4.37e-003  8.08e-003  0.00e+000  8.08e-008  
1.01535e+017 1.57e-015  7.00e-001  0.00e+000  2.39e-001  1.53e-002  0.00e+000  2.52e-028  2.57e-002  0.00e+000  3.13e-003  1.80e-003  6.35e-003  7.76e-003  0.00e+000  4.81e-008  
1.09249e+017 1.93e-015  6.63e-001  0.00e+000  2.46e-001  3.01e-002  0.00e+000  5.23e-030  2.91e-002  0.00e+000  6.88e-003  4.28e-003  1.01e-002  7.92e-003  0.00e+000  2.82e-008  
1.19176e+017 2.27e-015  5.64e-001  0.00e+000  2.82e-001  6.30e-002  0.00e+000  1.06e-031  3.90e-002  0.00e+000  1.39e-002  9.83e-003  1.58e-002  9.04e-003  0.00e+000  1.69e-008  
1.32448e+017 2.51e-015  4.02e-001  0.00e+000  3.57e-001  1.22e-001  0.00e+000  2.67e-033  5.26e-002  0.00e+000  1.89e-002  1.74e-002  1.71e-002  1.08e-002  0.00e+000  1.06e-008  
