! 0       CH3OCH3 + C+ -> C + CH3OCH3+
! 1       CH3OCH3 + H3+ -> H2 + CH3OCH4+
! 2      CH3OCH3 + He+ -> H2CO + He + H + CH3+
! 3       CH3OCH3 + H+ -> H + CH3OCH3+
! 4       CH3OCH3 + HCO+ -> CO + CH3OCH4+
! 5       CH3OCH3 + H3O+ -> H2O + CH3OCH4+
! 6       CH3OCH3 + CRPhoton -> H2CO + CH4
! 7       CH3OCH3 + CRPhoton -> CH3OCH3+ + e-
! 8       CH3OCH3 + GRAIN -> *CH3OCH3 + GRAIN
! 9       CH3OCH3 + OH -> CH3OCH2 + H2O
!            tot_rate   0          1          2          3          4          5          6          7          8          9          
1.00000e+00  1.92e-22   9.99e-01   1.01e-05   1.83e-04   2.54e-05   8.69e-09   1.51e-08   1.89e-04   1.23e-04   4.35e-06   9.63e-10   
1.15478e+00  1.36e-22   9.99e-01   1.01e-05   2.11e-04   2.92e-05   9.33e-09   1.52e-08   1.89e-04   1.23e-04   4.35e-06   1.03e-09   
1.33352e+00  8.91e-23   9.99e-01   1.02e-05   2.45e-04   3.38e-05   1.01e-08   1.54e-08   1.90e-04   1.24e-04   4.37e-06   1.10e-09   
1.53993e+00  5.36e-23   9.99e-01   1.02e-05   2.82e-04   3.92e-05   1.09e-08   1.55e-08   1.90e-04   1.24e-04   4.38e-06   1.17e-09   
1.77828e+00  2.93e-23   9.99e-01   1.03e-05   3.26e-04   4.54e-05   1.18e-08   1.57e-08   1.91e-04   1.25e-04   4.40e-06   1.23e-09   
2.05353e+00  1.43e-23   9.99e-01   1.04e-05   3.78e-04   5.25e-05   1.29e-08   1.59e-08   1.93e-04   1.26e-04   4.44e-06   1.29e-09   
2.37137e+00  6.24e-24   9.99e-01   1.05e-05   4.36e-04   6.06e-05   1.39e-08   1.60e-08   1.92e-04   1.26e-04   4.44e-06   1.35e-09   
2.73842e+00  2.41e-24   9.99e-01   1.06e-05   5.06e-04   7.01e-05   1.50e-08   1.64e-08   1.94e-04   1.26e-04   4.48e-06   1.40e-09   
3.16228e+00  9.18e-25   9.99e-01   1.07e-05   5.82e-04   8.13e-05   1.62e-08   1.67e-08   1.95e-04   1.27e-04   4.50e-06   1.45e-09   
3.65174e+00  5.07e-25   9.99e-01   1.09e-05   6.73e-04   9.42e-05   1.76e-08   1.71e-08   1.97e-04   1.28e-04   4.54e-06   1.51e-09   
4.21697e+00  5.68e-25   9.99e-01   1.11e-05   7.79e-04   1.09e-04   1.90e-08   1.75e-08   1.97e-04   1.29e-04   4.58e-06   1.56e-09   
4.86968e+00  8.83e-25   9.99e-01   1.13e-05   9.00e-04   1.27e-04   2.04e-08   1.81e-08   2.00e-04   1.30e-04   4.63e-06   1.62e-09   
5.62341e+00  1.45e-24   9.98e-01   1.16e-05   1.04e-03   1.47e-04   2.18e-08   1.87e-08   2.02e-04   1.32e-04   4.68e-06   1.68e-09   
6.49382e+00  2.39e-24   9.98e-01   1.19e-05   1.20e-03   1.71e-04   2.34e-08   1.95e-08   2.05e-04   1.34e-04   4.76e-06   1.75e-09   
7.49894e+00  3.94e-24   9.98e-01   1.22e-05   1.39e-03   1.99e-04   2.51e-08   2.05e-08   2.08e-04   1.36e-04   4.83e-06   1.84e-09   
8.65964e+00  6.48e-24   9.98e-01   1.26e-05   1.62e-03   2.31e-04   2.67e-08   2.16e-08   2.11e-04   1.38e-04   4.92e-06   1.94e-09   
1.00000e+01  1.06e-23   9.97e-01   1.31e-05   1.86e-03   2.69e-04   2.86e-08   2.30e-08   2.15e-04   1.41e-04   5.03e-06   2.07e-09   
1.15478e+01  1.73e-23   9.97e-01   1.37e-05   2.16e-03   3.14e-04   3.07e-08   2.46e-08   2.21e-04   1.44e-04   5.15e-06   2.21e-09   
1.33352e+01  2.81e-23   9.97e-01   1.44e-05   2.50e-03   3.67e-04   3.31e-08   2.66e-08   2.26e-04   1.48e-04   5.30e-06   2.39e-09   
1.53993e+01  4.53e-23   9.96e-01   1.52e-05   2.87e-03   4.29e-04   3.58e-08   2.89e-08   2.32e-04   1.52e-04   5.48e-06   2.61e-09   
1.77828e+01  7.26e-23   9.96e-01   1.63e-05   3.32e-03   5.01e-04   3.91e-08   3.21e-08   2.41e-04   1.57e-04   5.67e-06   2.88e-09   
2.05353e+01  1.17e-22   9.95e-01   1.73e-05   3.82e-03   5.88e-04   4.32e-08   3.59e-08   2.50e-04   1.63e-04   5.90e-06   3.21e-09   
2.37137e+01  1.87e-22   9.94e-01   1.88e-05   4.38e-03   6.90e-04   4.82e-08   4.08e-08   2.60e-04   1.69e-04   6.20e-06   3.64e-09   
2.73842e+01  3.01e-22   9.94e-01   2.06e-05   5.02e-03   8.14e-04   5.45e-08   4.72e-08   2.73e-04   1.78e-04   6.51e-06   4.19e-09   
3.16228e+01  4.88e-22   9.93e-01   2.28e-05   5.72e-03   9.64e-04   6.28e-08   5.54e-08   2.87e-04   1.88e-04   6.91e-06   4.92e-09   
3.65174e+01  7.96e-22   9.92e-01   2.56e-05   6.50e-03   1.14e-03   7.35e-08   6.65e-08   3.05e-04   2.00e-04   7.40e-06   5.87e-09   
4.21697e+01  1.31e-21   9.91e-01   2.91e-05   7.34e-03   1.36e-03   8.76e-08   8.15e-08   3.28e-04   2.13e-04   8.00e-06   7.17e-09   
4.86968e+01  2.21e-21   9.90e-01   3.34e-05   8.18e-03   1.61e-03   1.07e-07   1.02e-07   3.52e-04   2.30e-04   8.68e-06   8.90e-09   
5.62341e+01  3.81e-21   9.88e-01   3.91e-05   9.02e-03   1.92e-03   1.32e-07   1.31e-07   3.83e-04   2.50e-04   9.52e-06   1.14e-08   
6.49382e+01  6.81e-21   9.87e-01   4.66e-05   9.87e-03   2.29e-03   1.69e-07   1.73e-07   4.20e-04   2.75e-04   1.06e-05   1.50e-08   
7.49894e+01  1.28e-20   9.86e-01   5.64e-05   1.06e-02   2.74e-03   2.22e-07   2.36e-07   4.66e-04   3.04e-04   1.19e-05   2.01e-08   
8.65964e+01  2.52e-20   9.84e-01   7.03e-05   1.14e-02   3.27e-03   3.02e-07   3.35e-07   5.24e-04   3.43e-04   1.36e-05   2.81e-08   
1.00000e+02  4.29e-20   9.83e-01   8.92e-05   1.20e-02   3.89e-03   4.26e-07   4.91e-07   5.99e-04   3.91e-04   1.57e-05   4.08e-08   
1.15478e+02  1.22e-18   9.81e-01   1.16e-04   1.26e-02   4.65e-03   6.22e-07   7.53e-07   6.92e-04   4.51e-04   1.85e-05   6.08e-08   
1.33352e+02  1.68e-18   9.80e-01   1.57e-04   1.34e-02   5.54e-03   9.56e-07   1.21e-06   8.13e-04   5.32e-04   2.22e-05   9.56e-08   
1.53993e+02  2.37e-18   9.77e-01   2.20e-04   1.44e-02   6.70e-03   1.56e-06   2.07e-06   9.81e-04   6.40e-04   2.73e-05   1.58e-07   
1.77828e+02  3.67e-18   9.74e-01   3.16e-04   1.57e-02   8.05e-03   2.66e-06   3.68e-06   1.20e-03   7.83e-04   3.41e-05   2.69e-07   
2.05353e+02  6.58e-18   9.69e-01   4.73e-04   1.76e-02   9.92e-03   4.76e-06   6.88e-06   1.49e-03   9.74e-04   4.33e-05   4.79e-07   
2.37137e+02  1.17e-17   9.64e-01   7.16e-04   2.01e-02   1.24e-02   8.78e-06   1.33e-05   1.88e-03   1.23e-03   5.58e-05   8.70e-07   
2.73842e+02  1.73e-17   9.55e-01   1.11e-03   2.35e-02   1.58e-02   1.67e-05   2.66e-05   2.41e-03   1.58e-03   7.30e-05   1.62e-06   
3.16228e+02  2.22e-17   9.45e-01   1.72e-03   2.77e-02   2.04e-02   3.19e-05   5.35e-05   3.10e-03   2.02e-03   9.67e-05   3.00e-06   
3.65174e+02  2.48e-17   9.32e-01   2.65e-03   3.25e-02   2.62e-02   6.05e-05   1.07e-04   4.01e-03   2.62e-03   1.28e-04   5.44e-06   
4.21697e+02  2.24e-17   9.16e-01   4.01e-03   3.78e-02   3.29e-02   1.12e-04   2.09e-04   5.14e-03   3.37e-03   1.69e-04   9.61e-06   
4.86968e+02  1.43e-17   9.00e-01   5.89e-03   4.28e-02   3.97e-02   2.00e-04   3.89e-04   6.57e-03   4.29e-03   2.23e-04   1.61e-05   
5.62341e+02  5.47e-18   8.84e-01   8.32e-03   4.72e-02   4.59e-02   3.42e-04   6.84e-04   8.25e-03   5.38e-03   2.89e-04   2.56e-05   
6.49382e+02  1.55e-18   8.70e-01   1.11e-02   4.99e-02   5.06e-02   5.55e-04   1.10e-03   1.01e-02   6.57e-03   3.67e-04   3.79e-05   
7.49894e+02  1.06e-18   8.58e-01   1.42e-02   5.10e-02   5.38e-02   8.47e-04   1.64e-03   1.20e-02   7.86e-03   4.55e-04   5.25e-05   
8.65964e+02  9.90e-19   8.49e-01   1.73e-02   5.04e-02   5.58e-02   1.22e-03   2.23e-03   1.39e-02   9.12e-03   5.50e-04   6.87e-05   
1.00000e+03  9.22e-19   8.41e-01   2.03e-02   4.88e-02   5.76e-02   1.69e-03   2.88e-03   1.59e-02   1.04e-02   6.54e-04   8.57e-05   
1.15478e+03  8.89e-19   8.34e-01   2.36e-02   4.71e-02   5.86e-02   2.33e-03   3.67e-03   1.80e-02   1.18e-02   7.76e-04   1.06e-04   
1.33352e+03  8.78e-19   8.21e-01   2.84e-02   4.65e-02   5.94e-02   3.38e-03   4.90e-03   2.10e-02   1.37e-02   9.43e-04   1.37e-04   
1.53993e+03  9.15e-19   7.97e-01   3.73e-02   4.85e-02   5.97e-02   5.67e-03   7.55e-03   2.59e-02   1.69e-02   1.22e-03   1.94e-04   
1.77828e+03  1.06e-18   7.34e-01   5.78e-02   5.68e-02   5.93e-02   1.27e-02   1.56e-02   3.66e-02   2.38e-02   1.80e-03   3.35e-04   
2.05353e+03  1.47e-18   5.88e-01   1.02e-01   7.26e-02   5.53e-02   3.74e-02   4.25e-02   5.80e-02   3.79e-02   2.98e-03   6.85e-04   
2.37137e+03  2.29e-18   4.06e-01   1.53e-01   8.17e-02   4.67e-02   8.43e-02   8.56e-02   8.08e-02   5.29e-02   4.30e-03   1.25e-03   
2.73842e+03  2.96e-18   3.09e-01   1.81e-01   8.18e-02   4.12e-02   1.18e-01   1.07e-01   9.16e-02   5.98e-02   5.00e-03   1.78e-03   
3.16228e+03  3.07e-18   2.71e-01   1.95e-01   7.99e-02   3.82e-02   1.35e-01   1.10e-01   9.59e-02   6.26e-02   5.35e-03   2.13e-03   
3.65174e+03  2.87e-18   2.54e-01   2.03e-01   7.81e-02   3.70e-02   1.44e-01   1.08e-01   9.84e-02   6.42e-02   5.58e-03   2.39e-03   
4.21697e+03  2.59e-18   2.47e-01   2.08e-01   7.64e-02   3.68e-02   1.49e-01   1.04e-01   9.96e-02   6.48e-02   5.67e-03   2.59e-03   
4.86968e+03  2.35e-18   2.45e-01   2.11e-01   7.54e-02   3.73e-02   1.52e-01   9.97e-02   9.97e-02   6.52e-02   5.75e-03   2.76e-03   
5.62341e+03  2.17e-18   2.48e-01   2.13e-01   7.48e-02   3.83e-02   1.52e-01   9.47e-02   9.93e-02   6.46e-02   5.77e-03   2.87e-03   
6.49382e+03  2.04e-18   2.55e-01   2.14e-01   7.50e-02   3.98e-02   1.50e-01   8.92e-02   9.85e-02   6.42e-02   5.73e-03   2.91e-03   
7.49894e+03  1.95e-18   2.65e-01   2.14e-01   7.48e-02   4.19e-02   1.46e-01   8.36e-02   9.69e-02   6.31e-02   5.69e-03   2.91e-03   
8.65964e+03  1.90e-18   2.77e-01   2.14e-01   7.49e-02   4.42e-02   1.41e-01   7.80e-02   9.49e-02   6.22e-02   5.59e-03   2.85e-03   
1.00000e+04  1.87e-18   2.90e-01   2.13e-01   7.53e-02   4.68e-02   1.35e-01   7.21e-02   9.30e-02   6.09e-02   5.50e-03   2.78e-03   
1.15478e+04  1.88e-18   3.02e-01   2.13e-01   7.64e-02   4.94e-02   1.29e-01   6.69e-02   9.13e-02   5.94e-02   5.36e-03   2.69e-03   
1.33352e+04  1.94e-18   3.12e-01   2.14e-01   7.75e-02   5.22e-02   1.22e-01   6.20e-02   8.94e-02   5.84e-02   5.27e-03   2.62e-03   
1.53993e+04  2.04e-18   3.16e-01   2.18e-01   7.95e-02   5.40e-02   1.17e-01   5.79e-02   8.78e-02   5.74e-02   5.20e-03   2.57e-03   
1.77828e+04  2.20e-18   3.15e-01   2.25e-01   8.20e-02   5.56e-02   1.13e-01   5.47e-02   8.70e-02   5.69e-02   5.19e-03   2.55e-03   
2.05353e+04  2.41e-18   3.07e-01   2.34e-01   8.58e-02   5.68e-02   1.09e-01   5.26e-02   8.70e-02   5.68e-02   5.18e-03   2.57e-03   
2.37137e+04  2.68e-18   2.93e-01   2.47e-01   9.07e-02   5.71e-02   1.06e-01   5.08e-02   8.73e-02   5.67e-02   5.22e-03   2.62e-03   
2.73842e+04  2.97e-18   2.78e-01   2.63e-01   9.59e-02   5.76e-02   1.01e-01   4.92e-02   8.75e-02   5.72e-02   5.25e-03   2.69e-03   
3.16228e+04  3.26e-18   2.62e-01   2.79e-01   1.02e-01   5.80e-02   9.58e-02   4.70e-02   8.75e-02   5.71e-02   5.28e-03   2.74e-03   
3.65174e+04  3.51e-18   2.48e-01   2.97e-01   1.09e-01   5.90e-02   8.90e-02   4.42e-02   8.70e-02   5.68e-02   5.28e-03   2.76e-03   
4.21697e+04  3.68e-18   2.33e-01   3.15e-01   1.17e-01   6.03e-02   8.06e-02   4.10e-02   8.63e-02   5.65e-02   5.27e-03   2.74e-03   
4.86968e+04  3.73e-18   2.20e-01   3.32e-01   1.26e-01   6.24e-02   7.12e-02   3.75e-02   8.54e-02   5.57e-02   5.25e-03   2.67e-03   
5.62341e+04  3.63e-18   2.06e-01   3.49e-01   1.37e-01   6.58e-02   6.05e-02   3.36e-02   8.36e-02   5.47e-02   5.20e-03   2.55e-03   
6.49382e+04  3.35e-18   1.94e-01   3.64e-01   1.49e-01   7.01e-02   4.95e-02   2.94e-02   8.18e-02   5.34e-02   5.13e-03   2.38e-03   
7.49894e+04  2.90e-18   1.83e-01   3.75e-01   1.63e-01   7.68e-02   3.82e-02   2.50e-02   7.92e-02   5.17e-02   5.03e-03   2.15e-03   
8.65964e+04  2.35e-18   1.73e-01   3.81e-01   1.79e-01   8.66e-02   2.78e-02   2.05e-02   7.59e-02   4.95e-02   4.90e-03   1.85e-03   
1.00000e+05  1.74e-18   1.67e-01   3.75e-01   1.97e-01   1.01e-01   1.87e-02   1.60e-02   7.16e-02   4.69e-02   4.70e-03   1.51e-03   
1.15478e+05  1.20e-18   1.66e-01   3.54e-01   2.16e-01   1.24e-01   1.16e-02   1.17e-02   6.69e-02   4.37e-02   4.45e-03   1.15e-03   
1.33352e+05  7.82e-19   1.73e-01   3.15e-01   2.34e-01   1.57e-01   6.63e-03   8.07e-03   6.09e-02   3.98e-02   4.11e-03   8.10e-04   
1.53993e+05  4.87e-19   1.88e-01   2.59e-01   2.46e-01   2.04e-01   3.47e-03   5.19e-03   5.36e-02   3.51e-02   3.65e-03   5.28e-04   
1.77828e+05  2.91e-19   2.11e-01   1.87e-01   2.48e-01   2.72e-01   1.60e-03   3.09e-03   4.47e-02   2.92e-02   3.06e-03   3.12e-04   
2.05353e+05  1.23e-19   2.41e-01   8.64e-02   2.14e-01   4.05e-01   4.04e-04   1.23e-03   2.97e-02   1.94e-02   2.04e-03   1.21e-04   
2.37137e+05  1.66e-20   2.17e-01   1.66e-02   1.20e-01   6.25e-01   4.11e-05   2.78e-04   1.27e-02   8.29e-03   8.65e-04   2.60e-05   
2.73842e+05  1.47e-20   2.17e-01   1.60e-02   1.17e-01   6.28e-01   3.79e-05   2.57e-04   1.25e-02   8.18e-03   8.52e-04   2.41e-05   
3.16228e+05  1.37e-20   2.23e-01   1.56e-02   1.16e-01   6.24e-01   3.67e-05   2.42e-04   1.23e-02   8.05e-03   8.42e-04   2.27e-05   
3.65174e+05  1.28e-20   2.30e-01   1.53e-02   1.15e-01   6.19e-01   3.60e-05   2.31e-04   1.23e-02   7.96e-03   8.35e-04   2.17e-05   
4.21697e+05  1.21e-20   2.36e-01   1.51e-02   1.14e-01   6.14e-01   3.57e-05   2.21e-04   1.22e-02   7.94e-03   8.28e-04   2.09e-05   
4.86968e+05  1.15e-20   2.42e-01   1.51e-02   1.14e-01   6.08e-01   3.55e-05   2.14e-04   1.21e-02   7.93e-03   8.27e-04   2.03e-05   
5.62341e+05  1.10e-20   2.48e-01   1.52e-02   1.14e-01   6.01e-01   3.59e-05   2.09e-04   1.22e-02   7.98e-03   8.31e-04   1.97e-05   
6.49382e+05  1.09e-20   2.54e-01   1.55e-02   1.15e-01   5.94e-01   3.67e-05   2.07e-04   1.23e-02   8.08e-03   8.42e-04   1.96e-05   
7.49894e+05  1.15e-20   2.59e-01   1.64e-02   1.18e-01   5.85e-01   3.89e-05   2.11e-04   1.27e-02   8.32e-03   8.68e-04   2.00e-05   
8.65964e+05  3.39e-19   1.50e-01   2.80e-01   2.57e-01   2.09e-01   2.40e-03   3.95e-03   5.61e-02   3.66e-02   3.95e-03   4.19e-04   
1.00000e+06  1.55e-19   2.24e-01   1.20e-01   2.34e-01   3.59e-01   6.23e-04   1.64e-03   3.52e-02   2.30e-02   2.43e-03   1.64e-04   
1.15478e+06  1.29e-20   2.32e-01   1.53e-02   1.15e-01   6.16e-01   3.62e-05   2.28e-04   1.22e-02   8.00e-03   8.31e-04   2.15e-05   
1.33352e+06  1.14e-20   2.49e-01   1.53e-02   1.15e-01   6.00e-01   3.63e-05   2.10e-04   1.23e-02   8.00e-03   8.34e-04   1.98e-05   
1.53993e+06  1.25e-20   2.61e-01   1.74e-02   1.21e-01   5.78e-01   4.14e-05   2.19e-04   1.31e-02   8.54e-03   8.94e-04   2.08e-05   
1.77828e+06  1.69e-20   2.23e-01   1.62e-02   1.18e-01   6.20e-01   4.06e-05   2.65e-04   1.25e-02   8.15e-03   8.51e-04   2.49e-05   
2.05353e+06  1.16e-20   2.47e-01   1.53e-02   1.15e-01   6.02e-01   3.62e-05   2.11e-04   1.23e-02   7.98e-03   8.32e-04   2.00e-05   
2.37137e+06  3.60e-19   1.53e-01   2.78e-01   2.57e-01   2.09e-01   2.51e-03   4.11e-03   5.58e-02   3.64e-02   3.92e-03   4.36e-04   
2.73842e+06  1.19e-20   2.42e-01   1.52e-02   1.15e-01   6.07e-01   3.60e-05   2.15e-04   1.22e-02   7.96e-03   8.30e-04   2.04e-05   
3.16228e+06  2.83e-19   1.84e-01   2.15e-01   2.55e-01   2.57e-01   1.66e-03   3.15e-03   4.80e-02   3.15e-02   3.35e-03   3.27e-04   
3.65174e+06  1.15e-20   2.55e-01   1.59e-02   1.16e-01   5.91e-01   3.78e-05   2.10e-04   1.25e-02   8.17e-03   8.52e-04   1.99e-05   
4.21697e+06  1.19e-20   2.43e-01   1.52e-02   1.14e-01   6.06e-01   3.61e-05   2.15e-04   1.22e-02   7.97e-03   8.31e-04   2.03e-05   
4.86968e+06  1.27e-20   2.35e-01   1.52e-02   1.15e-01   6.14e-01   3.62e-05   2.25e-04   1.22e-02   7.94e-03   8.33e-04   2.11e-05   
5.62341e+06  1.25e-20   2.37e-01   1.53e-02   1.14e-01   6.12e-01   3.61e-05   2.22e-04   1.22e-02   7.96e-03   8.31e-04   2.09e-05   
6.49382e+06  1.15e-20   2.49e-01   1.53e-02   1.14e-01   6.00e-01   3.64e-05   2.11e-04   1.23e-02   8.01e-03   8.35e-04   1.99e-05   
7.49894e+06  3.32e-19   1.51e-01   2.77e-01   2.57e-01   2.12e-01   2.33e-03   3.89e-03   5.58e-02   3.65e-02   3.92e-03   4.13e-04   
8.65964e+06  1.17e-20   2.46e-01   1.53e-02   1.14e-01   6.04e-01   3.62e-05   2.13e-04   1.22e-02   7.98e-03   8.31e-04   2.01e-05   
1.00000e+07  1.30e-20   2.32e-01   1.53e-02   1.15e-01   6.16e-01   3.63e-05   2.29e-04   1.22e-02   7.98e-03   8.28e-04   2.15e-05   
1.15478e+07  1.21e-20   2.40e-01   1.52e-02   1.14e-01   6.09e-01   3.60e-05   2.18e-04   1.22e-02   7.96e-03   8.32e-04   2.06e-05   
1.33352e+07  1.32e-20   2.63e-01   1.80e-02   1.22e-01   5.74e-01   4.32e-05   2.25e-04   1.34e-02   8.76e-03   9.13e-04   2.14e-05   
1.53993e+07  1.15e-20   2.53e-01   1.57e-02   1.16e-01   5.93e-01   3.72e-05   2.09e-04   1.24e-02   8.11e-03   8.46e-04   1.98e-05   
1.77828e+07  1.59e-19   1.95e-01   1.86e-01   2.56e-01   2.82e-01   1.07e-03   2.21e-03   4.47e-02   2.92e-02   3.10e-03   2.19e-04   
2.05353e+07  1.14e-20   2.52e-01   1.56e-02   1.15e-01   5.95e-01   3.70e-05   2.10e-04   1.24e-02   8.08e-03   8.43e-04   1.98e-05   
2.37137e+07  3.61e-19   1.52e-01   2.80e-01   2.57e-01   2.08e-01   2.52e-03   4.13e-03   5.60e-02   3.66e-02   3.94e-03   4.38e-04   
2.73842e+07  3.55e-19   1.50e-01   2.82e-01   2.57e-01   2.07e-01   2.50e-03   4.09e-03   5.64e-02   3.67e-02   3.95e-03   4.34e-04   
