! 0       *HCOOH + CRPhoton -> *HCO + *OH
! 1       *HCOOH + CRPhoton -> HCOOH
! 2       *HCOOH + ISPhoton -> *HCO + *OH
! 3       *HCOOH + ISPhoton -> HCOOH
! 4       *HCOOH + ISPhoton -> *HCO + *OH
! 5       *HCOOH + ISPhoton -> *CO2 + *H + *H
! 6       *HCOOH + CRP -> HCOOH
! 7       *HCOOH + GRAIN -> HCOOH + GRAIN
!            tot_rate   0          1          2          3          4          5          6          7          
1.00000e+00  1.19e-25   8.96e-01   1.04e-01   2.25e-06   1.86e-08   2.40e-10   2.40e-10   0.00e+00   0.00e+00   
1.15478e+00  2.90e-25   8.96e-01   1.04e-01   2.25e-06   1.86e-08   2.39e-10   2.39e-10   0.00e+00   0.00e+00   
1.33352e+00  7.06e-25   8.96e-01   1.04e-01   2.25e-06   1.85e-08   2.39e-10   2.39e-10   0.00e+00   0.00e+00   
1.53993e+00  1.72e-24   8.96e-01   1.04e-01   2.25e-06   1.85e-08   2.39e-10   2.39e-10   0.00e+00   0.00e+00   
1.77828e+00  4.18e-24   8.96e-01   1.04e-01   2.25e-06   1.85e-08   2.39e-10   2.39e-10   0.00e+00   0.00e+00   
2.05353e+00  1.02e-23   8.96e-01   1.04e-01   2.25e-06   1.85e-08   2.39e-10   2.39e-10   0.00e+00   0.00e+00   
2.37137e+00  2.50e-23   8.96e-01   1.04e-01   2.24e-06   1.85e-08   2.38e-10   2.38e-10   0.00e+00   0.00e+00   
2.73842e+00  6.09e-23   8.96e-01   1.04e-01   2.25e-06   1.85e-08   2.40e-10   2.40e-10   0.00e+00   0.00e+00   
3.16228e+00  1.49e-22   8.96e-01   1.04e-01   2.26e-06   1.86e-08   2.40e-10   2.40e-10   0.00e+00   0.00e+00   
3.65174e+00  3.63e-22   8.96e-01   1.04e-01   2.25e-06   1.86e-08   2.39e-10   2.39e-10   0.00e+00   0.00e+00   
4.21697e+00  8.81e-22   8.96e-01   1.04e-01   2.25e-06   1.85e-08   2.40e-10   2.40e-10   0.00e+00   0.00e+00   
4.86968e+00  2.12e-21   8.96e-01   1.04e-01   2.25e-06   1.86e-08   2.40e-10   2.40e-10   0.00e+00   0.00e+00   
5.62341e+00  5.07e-21   8.96e-01   1.04e-01   2.25e-06   1.85e-08   2.39e-10   2.39e-10   0.00e+00   0.00e+00   
6.49382e+00  1.18e-20   8.96e-01   1.04e-01   2.26e-06   1.86e-08   2.40e-10   2.40e-10   0.00e+00   0.00e+00   
7.49894e+00  2.71e-20   8.96e-01   1.04e-01   2.25e-06   1.86e-08   2.39e-10   2.39e-10   0.00e+00   0.00e+00   
8.65964e+00  5.98e-20   8.96e-01   1.04e-01   2.24e-06   1.86e-08   2.39e-10   2.39e-10   0.00e+00   0.00e+00   
1.00000e+01  1.26e-19   8.96e-01   1.04e-01   2.24e-06   1.86e-08   2.39e-10   2.39e-10   0.00e+00   0.00e+00   
1.15478e+01  2.51e-19   8.96e-01   1.04e-01   2.25e-06   1.86e-08   2.39e-10   2.39e-10   0.00e+00   0.00e+00   
1.33352e+01  4.74e-19   8.96e-01   1.04e-01   2.26e-06   1.86e-08   2.38e-10   2.38e-10   0.00e+00   0.00e+00   
1.53993e+01  8.49e-19   8.96e-01   1.04e-01   2.25e-06   1.85e-08   2.39e-10   2.39e-10   0.00e+00   0.00e+00   
1.77828e+01  1.45e-18   8.96e-01   1.04e-01   2.25e-06   1.86e-08   2.39e-10   2.39e-10   0.00e+00   0.00e+00   
2.05353e+01  2.41e-18   8.96e-01   1.04e-01   2.24e-06   1.85e-08   2.39e-10   2.39e-10   0.00e+00   0.00e+00   
2.37137e+01  3.88e-18   8.96e-01   1.04e-01   2.25e-06   1.86e-08   2.39e-10   2.39e-10   0.00e+00   0.00e+00   
2.73842e+01  6.16e-18   8.96e-01   1.04e-01   2.24e-06   1.85e-08   2.39e-10   2.39e-10   0.00e+00   0.00e+00   
3.16228e+01  9.64e-18   8.96e-01   1.04e-01   2.25e-06   1.86e-08   2.39e-10   2.39e-10   0.00e+00   0.00e+00   
3.65174e+01  1.50e-17   8.96e-01   1.04e-01   2.25e-06   1.85e-08   2.39e-10   2.39e-10   0.00e+00   0.00e+00   
4.21697e+01  2.30e-17   8.96e-01   1.04e-01   2.25e-06   1.85e-08   2.39e-10   2.39e-10   0.00e+00   0.00e+00   
4.86968e+01  3.52e-17   8.96e-01   1.04e-01   2.24e-06   1.85e-08   2.39e-10   2.39e-10   0.00e+00   0.00e+00   
5.62341e+01  5.35e-17   8.96e-01   1.04e-01   2.25e-06   1.85e-08   2.39e-10   2.39e-10   0.00e+00   0.00e+00   
6.49382e+01  8.11e-17   8.96e-01   1.04e-01   2.24e-06   1.85e-08   2.39e-10   2.39e-10   0.00e+00   0.00e+00   
7.49894e+01  1.23e-16   8.96e-01   1.04e-01   2.25e-06   1.86e-08   2.39e-10   2.39e-10   0.00e+00   0.00e+00   
8.65964e+01  1.86e-16   8.96e-01   1.04e-01   2.24e-06   1.85e-08   2.38e-10   2.38e-10   0.00e+00   0.00e+00   
1.00000e+02  2.80e-16   8.96e-01   1.04e-01   2.25e-06   1.86e-08   2.39e-10   2.39e-10   0.00e+00   0.00e+00   
1.15478e+02  3.23e-16   8.96e-01   1.04e-01   2.25e-06   1.85e-08   2.39e-10   2.39e-10   0.00e+00   0.00e+00   
1.33352e+02  3.23e-16   8.96e-01   1.04e-01   2.25e-06   1.86e-08   2.39e-10   2.39e-10   0.00e+00   0.00e+00   
1.53993e+02  3.24e-16   8.96e-01   1.04e-01   2.25e-06   1.85e-08   2.39e-10   2.39e-10   0.00e+00   0.00e+00   
1.77828e+02  3.25e-16   8.96e-01   1.04e-01   2.25e-06   1.85e-08   2.39e-10   2.39e-10   0.00e+00   0.00e+00   
2.05353e+02  3.25e-16   8.96e-01   1.04e-01   2.25e-06   1.86e-08   2.39e-10   2.39e-10   0.00e+00   0.00e+00   
2.37137e+02  3.26e-16   8.96e-01   1.04e-01   2.24e-06   1.85e-08   2.39e-10   2.39e-10   0.00e+00   0.00e+00   
2.73842e+02  3.26e-16   8.96e-01   1.04e-01   2.25e-06   1.85e-08   2.39e-10   2.39e-10   0.00e+00   0.00e+00   
3.16228e+02  3.26e-16   8.96e-01   1.04e-01   2.25e-06   1.86e-08   2.39e-10   2.39e-10   0.00e+00   0.00e+00   
3.65174e+02  3.26e-16   8.96e-01   1.04e-01   2.25e-06   1.86e-08   2.39e-10   2.39e-10   0.00e+00   0.00e+00   
4.21697e+02  3.26e-16   8.96e-01   1.04e-01   2.25e-06   1.86e-08   2.39e-10   2.39e-10   0.00e+00   0.00e+00   
4.86968e+02  3.26e-16   8.96e-01   1.04e-01   2.25e-06   1.86e-08   2.39e-10   2.39e-10   0.00e+00   0.00e+00   
5.62341e+02  3.26e-16   8.96e-01   1.04e-01   2.25e-06   1.86e-08   2.40e-10   2.40e-10   0.00e+00   0.00e+00   
6.49382e+02  3.26e-16   8.96e-01   1.04e-01   2.25e-06   1.86e-08   2.40e-10   2.40e-10   0.00e+00   0.00e+00   
7.49894e+02  3.23e-16   9.03e-01   9.68e-02   2.27e-06   1.73e-08   2.41e-10   2.41e-10   0.00e+00   0.00e+00   
8.65964e+02  3.18e-16   9.17e-01   8.26e-02   2.30e-06   1.48e-08   2.45e-10   2.45e-10   0.00e+00   0.00e+00   
1.00000e+03  3.14e-16   9.30e-01   7.04e-02   2.33e-06   1.26e-08   2.48e-10   2.48e-10   0.00e+00   0.00e+00   
1.15478e+03  3.10e-16   9.40e-01   6.01e-02   2.36e-06   1.07e-08   2.51e-10   2.51e-10   0.00e+00   0.00e+00   
1.33352e+03  3.07e-16   9.49e-01   5.09e-02   2.38e-06   9.13e-09   2.53e-10   2.53e-10   0.00e+00   0.00e+00   
1.53993e+03  3.04e-16   9.57e-01   4.34e-02   2.40e-06   7.76e-09   2.55e-10   2.55e-10   0.00e+00   0.00e+00   
1.77828e+03  3.01e-16   9.63e-01   3.72e-02   2.42e-06   6.67e-09   2.57e-10   2.57e-10   0.00e+00   0.00e+00   
2.05353e+03  3.00e-16   9.68e-01   3.19e-02   2.43e-06   5.71e-09   2.58e-10   2.58e-10   0.00e+00   0.00e+00   
2.37137e+03  2.97e-16   9.72e-01   2.78e-02   2.44e-06   4.98e-09   2.60e-10   2.60e-10   0.00e+00   0.00e+00   
2.73842e+03  2.96e-16   9.76e-01   2.43e-02   2.45e-06   4.36e-09   2.61e-10   2.61e-10   0.00e+00   0.00e+00   
3.16228e+03  2.94e-16   9.78e-01   2.15e-02   2.46e-06   3.84e-09   2.62e-10   2.62e-10   0.00e+00   0.00e+00   
3.65174e+03  2.94e-16   9.81e-01   1.91e-02   2.47e-06   3.41e-09   2.62e-10   2.62e-10   0.00e+00   0.00e+00   
4.21697e+03  2.93e-16   9.83e-01   1.69e-02   2.47e-06   3.03e-09   2.63e-10   2.63e-10   0.00e+00   0.00e+00   
4.86968e+03  2.92e-16   9.85e-01   1.51e-02   2.48e-06   2.71e-09   2.64e-10   2.64e-10   0.00e+00   0.00e+00   
5.62341e+03  2.93e-16   9.87e-01   1.35e-02   2.48e-06   2.41e-09   2.64e-10   2.64e-10   0.00e+00   0.00e+00   
6.49382e+03  2.94e-16   9.88e-01   1.21e-02   2.49e-06   2.16e-09   2.64e-10   2.64e-10   0.00e+00   0.00e+00   
7.49894e+03  2.94e-16   9.89e-01   1.08e-02   2.49e-06   1.94e-09   2.65e-10   2.65e-10   0.00e+00   0.00e+00   
8.65964e+03  2.96e-16   9.90e-01   9.70e-03   2.49e-06   1.74e-09   2.65e-10   2.65e-10   0.00e+00   0.00e+00   
1.00000e+04  2.98e-16   9.91e-01   8.70e-03   2.50e-06   1.56e-09   2.65e-10   2.65e-10   0.00e+00   0.00e+00   
1.15478e+04  2.99e-16   9.92e-01   7.85e-03   2.50e-06   1.41e-09   2.66e-10   2.66e-10   0.00e+00   0.00e+00   
1.33352e+04  3.01e-16   9.93e-01   7.07e-03   2.50e-06   1.27e-09   2.66e-10   2.66e-10   0.00e+00   0.00e+00   
1.53993e+04  3.02e-16   9.94e-01   6.39e-03   2.51e-06   1.15e-09   2.67e-10   2.67e-10   0.00e+00   0.00e+00   
1.77828e+04  3.03e-16   9.94e-01   5.78e-03   2.51e-06   1.04e-09   2.67e-10   2.67e-10   0.00e+00   0.00e+00   
2.05353e+04  3.03e-16   9.95e-01   5.22e-03   2.51e-06   9.42e-10   2.67e-10   2.67e-10   0.00e+00   0.00e+00   
2.37137e+04  3.01e-16   9.95e-01   4.78e-03   2.51e-06   8.56e-10   2.67e-10   2.67e-10   0.00e+00   0.00e+00   
2.73842e+04  2.99e-16   9.96e-01   4.34e-03   2.51e-06   7.82e-10   2.67e-10   2.67e-10   0.00e+00   0.00e+00   
3.16228e+04  2.96e-16   9.96e-01   3.98e-03   2.51e-06   7.16e-10   2.67e-10   2.67e-10   0.00e+00   0.00e+00   
3.65174e+04  2.91e-16   9.96e-01   3.68e-03   2.52e-06   6.60e-10   2.68e-10   2.68e-10   0.00e+00   0.00e+00   
4.21697e+04  2.85e-16   9.97e-01   3.41e-03   2.52e-06   6.14e-10   2.68e-10   2.68e-10   0.00e+00   0.00e+00   
4.86968e+04  2.77e-16   9.97e-01   3.18e-03   2.52e-06   5.71e-10   2.68e-10   2.68e-10   0.00e+00   0.00e+00   
5.62341e+04  2.68e-16   9.97e-01   2.98e-03   2.51e-06   5.38e-10   2.67e-10   2.67e-10   0.00e+00   0.00e+00   
6.49382e+04  2.56e-16   9.97e-01   2.82e-03   2.51e-06   5.08e-10   2.67e-10   2.67e-10   0.00e+00   0.00e+00   
7.49894e+04  2.41e-16   9.97e-01   2.70e-03   2.52e-06   4.86e-10   2.68e-10   2.68e-10   0.00e+00   0.00e+00   
8.65964e+04  2.25e-16   9.97e-01   2.58e-03   2.52e-06   4.63e-10   2.68e-10   2.68e-10   0.00e+00   0.00e+00   
1.00000e+05  2.06e-16   9.97e-01   2.50e-03   2.52e-06   4.49e-10   2.68e-10   2.68e-10   0.00e+00   0.00e+00   
1.15478e+05  1.85e-16   9.98e-01   2.42e-03   2.51e-06   4.36e-10   2.67e-10   2.67e-10   0.00e+00   0.00e+00   
1.33352e+05  1.63e-16   9.98e-01   2.37e-03   2.52e-06   4.27e-10   2.67e-10   2.67e-10   0.00e+00   0.00e+00   
1.53993e+05  1.40e-16   9.98e-01   2.34e-03   2.52e-06   4.20e-10   2.69e-10   2.69e-10   0.00e+00   0.00e+00   
1.77828e+05  1.18e-16   9.98e-01   2.29e-03   2.52e-06   4.13e-10   2.67e-10   2.67e-10   0.00e+00   0.00e+00   
2.05353e+05  9.63e-17   9.98e-01   2.26e-03   2.52e-06   4.07e-10   2.68e-10   2.68e-10   0.00e+00   0.00e+00   
2.37137e+05  7.57e-17   9.98e-01   2.22e-03   2.52e-06   4.00e-10   2.68e-10   2.68e-10   0.00e+00   0.00e+00   
2.73842e+05  5.73e-17   9.98e-01   2.20e-03   2.51e-06   3.96e-10   2.69e-10   2.69e-10   0.00e+00   0.00e+00   
3.16228e+05  4.17e-17   9.98e-01   2.19e-03   2.52e-06   3.93e-10   2.69e-10   2.69e-10   0.00e+00   0.00e+00   
3.65174e+05  2.91e-17   9.98e-01   2.17e-03   2.52e-06   3.89e-10   2.68e-10   2.68e-10   0.00e+00   0.00e+00   
4.21697e+05  1.93e-17   9.98e-01   2.16e-03   2.52e-06   3.89e-10   2.68e-10   2.68e-10   0.00e+00   0.00e+00   
4.86968e+05  1.24e-17   9.98e-01   2.15e-03   2.52e-06   3.86e-10   2.68e-10   2.68e-10   0.00e+00   0.00e+00   
5.62341e+05  7.79e-18   9.98e-01   2.13e-03   2.52e-06   3.84e-10   2.68e-10   2.68e-10   0.00e+00   0.00e+00   
6.49382e+05  4.94e-18   9.98e-01   2.13e-03   2.53e-06   3.83e-10   2.67e-10   2.67e-10   0.00e+00   0.00e+00   
7.49894e+05  3.37e-18   9.98e-01   2.11e-03   2.52e-06   3.80e-10   2.68e-10   2.68e-10   0.00e+00   0.00e+00   
8.65964e+05  3.17e-18   9.98e-01   2.16e-03   2.52e-06   3.88e-10   2.68e-10   2.68e-10   0.00e+00   0.00e+00   
1.00000e+06  4.73e-18   9.98e-01   2.22e-03   2.52e-06   4.02e-10   2.68e-10   2.68e-10   0.00e+00   0.00e+00   
1.15478e+06  2.92e-18   9.98e-01   2.16e-03   2.52e-06   3.87e-10   2.68e-10   2.68e-10   0.00e+00   0.00e+00   
1.33352e+06  2.22e-18   9.98e-01   2.14e-03   2.53e-06   3.84e-10   2.68e-10   2.68e-10   0.00e+00   0.00e+00   
1.53993e+06  2.09e-18   9.98e-01   2.11e-03   2.53e-06   3.80e-10   2.68e-10   2.68e-10   0.00e+00   0.00e+00   
1.77828e+06  4.26e-18   9.98e-01   2.20e-03   2.51e-06   3.97e-10   2.68e-10   2.68e-10   0.00e+00   0.00e+00   
2.05353e+06  2.25e-18   9.98e-01   2.14e-03   2.52e-06   3.85e-10   2.69e-10   2.69e-10   0.00e+00   0.00e+00   
2.37137e+06  3.22e-18   9.98e-01   2.19e-03   2.52e-06   3.95e-10   2.68e-10   2.68e-10   0.00e+00   0.00e+00   
2.73842e+06  2.39e-18   9.98e-01   2.14e-03   2.52e-06   3.86e-10   2.68e-10   2.68e-10   0.00e+00   0.00e+00   
3.16228e+06  4.23e-18   9.98e-01   2.23e-03   2.53e-06   4.02e-10   2.67e-10   2.67e-10   0.00e+00   0.00e+00   
3.65174e+06  2.12e-18   9.98e-01   2.11e-03   2.52e-06   3.81e-10   2.68e-10   2.68e-10   0.00e+00   0.00e+00   
4.21697e+06  2.38e-18   9.98e-01   2.13e-03   2.52e-06   3.84e-10   2.68e-10   2.68e-10   0.00e+00   0.00e+00   
4.86968e+06  2.72e-18   9.98e-01   2.16e-03   2.52e-06   3.87e-10   2.68e-10   2.68e-10   0.00e+00   0.00e+00   
5.62341e+06  2.63e-18   9.98e-01   2.15e-03   2.52e-06   3.88e-10   2.68e-10   2.68e-10   0.00e+00   0.00e+00   
6.49382e+06  2.22e-18   9.98e-01   2.13e-03   2.52e-06   3.83e-10   2.68e-10   2.68e-10   0.00e+00   0.00e+00   
7.49894e+06  2.59e-18   9.98e-01   2.16e-03   2.52e-06   3.87e-10   2.68e-10   2.68e-10   0.00e+00   0.00e+00   
8.65964e+06  2.30e-18   9.98e-01   2.13e-03   2.52e-06   3.84e-10   2.68e-10   2.68e-10   0.00e+00   0.00e+00   
1.00000e+07  2.86e-18   9.98e-01   2.16e-03   2.52e-06   3.89e-10   2.68e-10   2.68e-10   0.00e+00   0.00e+00   
1.15478e+07  2.47e-18   9.98e-01   2.15e-03   2.52e-06   3.87e-10   2.68e-10   2.68e-10   0.00e+00   0.00e+00   
1.33352e+07  2.09e-18   9.98e-01   2.11e-03   2.53e-06   3.80e-10   2.69e-10   2.69e-10   0.00e+00   0.00e+00   
1.53993e+07  2.14e-18   9.98e-01   2.12e-03   2.52e-06   3.81e-10   2.68e-10   2.68e-10   0.00e+00   0.00e+00   
1.77828e+07  2.13e-18   9.98e-01   2.11e-03   2.52e-06   3.79e-10   2.68e-10   2.68e-10   0.00e+00   0.00e+00   
2.05353e+07  2.15e-18   9.98e-01   2.12e-03   2.52e-06   3.82e-10   2.68e-10   2.68e-10   0.00e+00   0.00e+00   
2.37137e+07  3.14e-18   9.98e-01   2.19e-03   2.52e-06   3.92e-10   2.68e-10   2.68e-10   0.00e+00   0.00e+00   
2.73842e+07  2.88e-18   9.98e-01   2.18e-03   2.52e-06   3.93e-10   2.68e-10   2.68e-10   0.00e+00   0.00e+00   
