! 0       H2O + C+ -> H + HOC+
! 1       H2O + H3+ -> H2 + H3O+
! 2       H2O + C+ -> H + HCO+
! 3       H2O + H+ -> H + H2O+
! 4       H2O + HCO+ -> CO + H3O+
! 5       H2O + CRPhoton -> OH + H
! 6       H2O + CRPhoton -> O + H2
! 7       H2O + N2H+ -> N2 + H3O+
! 8       H2O + He+ -> He + H + OH+
! 9       H2O + He+ -> OH + He + H+
!            tot_rate   0          1          2          3          4          5          6          7          8          9          
1.00000e+00  4.74e-13   6.98e-01   1.99e-05   3.02e-01   5.84e-05   6.90e-09   1.16e-04   3.46e-05   2.59e-14   1.75e-05   1.25e-05   
1.15478e+00  4.72e-13   6.99e-01   2.00e-05   3.01e-01   6.76e-05   7.43e-09   1.16e-04   3.47e-05   2.82e-14   2.02e-05   1.44e-05   
1.33352e+00  4.72e-13   6.99e-01   2.01e-05   3.01e-01   7.82e-05   8.03e-09   1.16e-04   3.47e-05   3.07e-14   2.33e-05   1.67e-05   
1.53993e+00  4.72e-13   6.99e-01   2.02e-05   3.01e-01   9.02e-05   8.68e-09   1.17e-04   3.49e-05   3.39e-14   2.71e-05   1.93e-05   
1.77828e+00  4.72e-13   6.99e-01   2.04e-05   3.01e-01   1.05e-04   9.42e-09   1.17e-04   3.52e-05   3.83e-14   3.13e-05   2.22e-05   
2.05353e+00  4.74e-13   6.98e-01   2.05e-05   3.02e-01   1.21e-04   1.02e-08   1.17e-04   3.52e-05   4.41e-14   3.61e-05   2.57e-05   
2.37137e+00  4.75e-13   6.99e-01   2.07e-05   3.01e-01   1.40e-04   1.11e-08   1.18e-04   3.54e-05   5.26e-14   4.17e-05   2.97e-05   
2.73842e+00  4.76e-13   6.99e-01   2.10e-05   3.00e-01   1.62e-04   1.20e-08   1.19e-04   3.57e-05   6.53e-14   4.83e-05   3.44e-05   
3.16228e+00  4.78e-13   6.98e-01   2.13e-05   3.01e-01   1.88e-04   1.30e-08   1.20e-04   3.58e-05   8.47e-14   5.58e-05   3.97e-05   
3.65174e+00  4.81e-13   6.98e-01   2.14e-05   3.01e-01   2.18e-04   1.40e-08   1.20e-04   3.59e-05   1.15e-13   6.44e-05   4.59e-05   
4.21697e+00  4.83e-13   6.99e-01   2.19e-05   3.00e-01   2.52e-04   1.51e-08   1.21e-04   3.64e-05   1.64e-13   7.45e-05   5.32e-05   
4.86968e+00  4.86e-13   6.99e-01   2.24e-05   3.00e-01   2.92e-04   1.62e-08   1.23e-04   3.68e-05   2.43e-13   8.62e-05   6.15e-05   
5.62341e+00  4.89e-13   6.99e-01   2.29e-05   3.00e-01   3.39e-04   1.75e-08   1.24e-04   3.72e-05   3.74e-13   9.99e-05   7.13e-05   
6.49382e+00  4.94e-13   6.98e-01   2.35e-05   3.01e-01   3.94e-04   1.87e-08   1.26e-04   3.76e-05   5.85e-13   1.15e-04   8.23e-05   
7.49894e+00  4.99e-13   6.99e-01   2.40e-05   3.00e-01   4.58e-04   1.99e-08   1.28e-04   3.82e-05   9.33e-13   1.33e-04   9.51e-05   
8.65964e+00  5.05e-13   6.98e-01   2.50e-05   3.01e-01   5.33e-04   2.14e-08   1.30e-04   3.88e-05   1.51e-12   1.54e-04   1.10e-04   
1.00000e+01  5.12e-13   6.98e-01   2.58e-05   3.01e-01   6.22e-04   2.29e-08   1.32e-04   3.97e-05   2.46e-12   1.79e-04   1.27e-04   
1.15478e+01  5.20e-13   6.98e-01   2.69e-05   3.00e-01   7.23e-04   2.44e-08   1.35e-04   4.04e-05   4.02e-12   2.06e-04   1.47e-04   
1.33352e+01  5.29e-13   6.98e-01   2.84e-05   3.01e-01   8.45e-04   2.63e-08   1.39e-04   4.16e-05   6.58e-12   2.38e-04   1.70e-04   
1.53993e+01  5.40e-13   6.98e-01   3.00e-05   3.00e-01   9.89e-04   2.85e-08   1.43e-04   4.28e-05   1.08e-11   2.76e-04   1.96e-04   
1.77828e+01  5.53e-13   6.98e-01   3.20e-05   3.00e-01   1.16e-03   3.13e-08   1.48e-04   4.43e-05   1.77e-11   3.18e-04   2.28e-04   
2.05353e+01  5.69e-13   6.97e-01   3.44e-05   3.00e-01   1.36e-03   3.46e-08   1.53e-04   4.58e-05   2.90e-11   3.67e-04   2.62e-04   
2.37137e+01  5.90e-13   6.97e-01   3.73e-05   3.00e-01   1.60e-03   3.85e-08   1.60e-04   4.78e-05   4.73e-11   4.21e-04   3.00e-04   
2.73842e+01  6.13e-13   6.97e-01   4.08e-05   3.00e-01   1.89e-03   4.37e-08   1.68e-04   5.03e-05   7.72e-11   4.83e-04   3.44e-04   
3.16228e+01  6.42e-13   6.96e-01   4.51e-05   3.00e-01   2.23e-03   5.03e-08   1.77e-04   5.29e-05   1.25e-10   5.50e-04   3.92e-04   
3.65174e+01  6.78e-13   6.96e-01   5.06e-05   2.99e-01   2.64e-03   5.87e-08   1.87e-04   5.62e-05   2.02e-10   6.24e-04   4.46e-04   
4.21697e+01  7.21e-13   6.96e-01   5.75e-05   2.99e-01   3.13e-03   7.00e-08   2.01e-04   6.00e-05   3.24e-10   7.03e-04   5.00e-04   
4.86968e+01  7.74e-13   6.95e-01   6.62e-05   3.00e-01   3.73e-03   8.52e-08   2.17e-04   6.48e-05   5.18e-10   7.85e-04   5.60e-04   
5.62341e+01  8.41e-13   6.95e-01   7.75e-05   2.99e-01   4.45e-03   1.06e-07   2.36e-04   7.04e-05   8.20e-10   8.67e-04   6.19e-04   
6.49382e+01  9.22e-13   6.94e-01   9.22e-05   2.98e-01   5.31e-03   1.36e-07   2.58e-04   7.74e-05   1.29e-09   9.48e-04   6.77e-04   
7.49894e+01  1.02e-12   6.93e-01   1.12e-04   2.98e-01   6.35e-03   1.78e-07   2.87e-04   8.60e-05   2.02e-09   1.03e-03   7.30e-04   
8.65964e+01  1.15e-12   6.92e-01   1.39e-04   2.98e-01   7.58e-03   2.42e-07   3.23e-04   9.66e-05   3.15e-09   1.10e-03   7.80e-04   
1.00000e+02  1.31e-12   6.91e-01   1.77e-04   2.97e-01   9.02e-03   3.41e-07   3.68e-04   1.10e-04   4.92e-09   1.15e-03   8.26e-04   
1.15478e+02  1.48e-12   6.89e-01   2.31e-04   2.97e-01   1.07e-02   4.99e-07   4.26e-04   1.28e-04   7.77e-09   1.22e-03   8.65e-04   
1.33352e+02  1.72e-12   6.88e-01   3.12e-04   2.96e-01   1.29e-02   7.70e-07   5.01e-04   1.50e-04   1.25e-08   1.28e-03   9.15e-04   
1.53993e+02  2.01e-12   6.85e-01   4.36e-04   2.95e-01   1.54e-02   1.25e-06   6.01e-04   1.81e-04   2.09e-08   1.38e-03   9.83e-04   
1.77828e+02  2.40e-12   6.82e-01   6.28e-04   2.95e-01   1.87e-02   2.13e-06   7.36e-04   2.21e-04   3.60e-08   1.51e-03   1.07e-03   
2.05353e+02  2.91e-12   6.80e-01   9.34e-04   2.92e-01   2.29e-02   3.81e-06   9.16e-04   2.74e-04   6.45e-08   1.68e-03   1.20e-03   
2.37137e+02  3.55e-12   6.74e-01   1.42e-03   2.90e-01   2.88e-02   7.05e-06   1.16e-03   3.47e-04   1.19e-07   1.93e-03   1.38e-03   
2.73842e+02  4.36e-12   6.68e-01   2.19e-03   2.87e-01   3.65e-02   1.33e-05   1.48e-03   4.43e-04   2.24e-07   2.25e-03   1.60e-03   
3.16228e+02  5.35e-12   6.58e-01   3.38e-03   2.84e-01   4.69e-02   2.52e-05   1.89e-03   5.66e-04   4.24e-07   2.64e-03   1.89e-03   
3.65174e+02  6.51e-12   6.47e-01   5.20e-03   2.78e-01   5.99e-02   4.78e-05   2.44e-03   7.30e-04   8.01e-07   3.09e-03   2.21e-03   
4.21697e+02  7.84e-12   6.33e-01   7.82e-03   2.73e-01   7.49e-02   8.79e-05   3.11e-03   9.33e-04   1.48e-06   3.57e-03   2.54e-03   
4.86968e+02  9.24e-12   6.19e-01   1.15e-02   2.66e-01   9.00e-02   1.57e-04   3.95e-03   1.18e-03   2.69e-06   4.02e-03   2.87e-03   
5.62341e+02  1.06e-11   6.04e-01   1.61e-02   2.60e-01   1.03e-01   2.68e-04   4.93e-03   1.48e-03   4.74e-06   4.41e-03   3.14e-03   
6.49382e+02  1.19e-11   5.92e-01   2.14e-02   2.55e-01   1.13e-01   4.31e-04   6.01e-03   1.80e-03   7.95e-06   4.65e-03   3.31e-03   
7.49894e+02  1.30e-11   5.82e-01   2.71e-02   2.51e-01   1.20e-01   6.55e-04   7.13e-03   2.14e-03   1.26e-05   4.73e-03   3.37e-03   
8.65964e+02  1.38e-11   5.74e-01   3.28e-02   2.47e-01   1.24e-01   9.43e-04   8.27e-03   2.47e-03   1.92e-05   4.65e-03   3.32e-03   
1.00000e+03  1.44e-11   5.67e-01   3.84e-02   2.44e-01   1.27e-01   1.30e-03   9.33e-03   2.80e-03   2.81e-05   4.49e-03   3.20e-03   
1.15478e+03  1.48e-11   5.60e-01   4.46e-02   2.41e-01   1.29e-01   1.79e-03   1.06e-02   3.16e-03   4.07e-05   4.32e-03   3.08e-03   
1.33352e+03  1.52e-11   5.50e-01   5.35e-02   2.37e-01   1.31e-01   2.59e-03   1.22e-02   3.66e-03   6.23e-05   4.24e-03   3.03e-03   
1.53993e+03  1.56e-11   5.34e-01   7.05e-02   2.30e-01   1.31e-01   4.34e-03   1.51e-02   4.53e-03   1.11e-04   4.44e-03   3.17e-03   
1.77828e+03  1.62e-11   4.95e-01   1.09e-01   2.13e-01   1.31e-01   9.77e-03   2.15e-02   6.43e-03   2.67e-04   5.23e-03   3.73e-03   
2.05353e+03  1.70e-11   4.07e-01   1.99e-01   1.75e-01   1.26e-01   2.95e-02   3.49e-02   1.04e-02   8.72e-04   6.84e-03   4.87e-03   
2.37137e+03  1.84e-11   2.93e-01   3.10e-01   1.26e-01   1.10e-01   6.91e-02   5.06e-02   1.51e-02   2.29e-03   8.05e-03   5.71e-03   
2.73842e+03  1.92e-11   2.27e-01   3.73e-01   9.78e-02   9.88e-02   9.88e-02   5.82e-02   1.75e-02   3.97e-03   8.16e-03   5.82e-03   
3.16228e+03  1.88e-11   1.99e-01   4.00e-01   8.55e-02   9.19e-02   1.13e-01   6.11e-02   1.83e-02   5.74e-03   7.97e-03   5.68e-03   
3.65174e+03  1.80e-11   1.85e-01   4.14e-01   7.94e-02   8.82e-02   1.19e-01   6.22e-02   1.86e-02   7.49e-03   7.71e-03   5.51e-03   
4.21697e+03  1.73e-11   1.77e-01   4.21e-01   7.65e-02   8.70e-02   1.23e-01   6.20e-02   1.86e-02   8.93e-03   7.48e-03   5.35e-03   
4.86968e+03  1.65e-11   1.75e-01   4.24e-01   7.50e-02   8.71e-02   1.23e-01   6.17e-02   1.85e-02   9.86e-03   7.38e-03   5.24e-03   
5.62341e+03  1.60e-11   1.75e-01   4.23e-01   7.57e-02   8.88e-02   1.23e-01   6.09e-02   1.83e-02   1.03e-02   7.20e-03   5.14e-03   
6.49382e+03  1.55e-11   1.78e-01   4.21e-01   7.68e-02   9.17e-02   1.19e-01   5.98e-02   1.79e-02   1.02e-02   7.10e-03   5.08e-03   
7.49894e+03  1.50e-11   1.83e-01   4.17e-01   7.91e-02   9.50e-02   1.16e-01   5.84e-02   1.75e-02   9.84e-03   7.05e-03   5.04e-03   
8.65964e+03  1.46e-11   1.90e-01   4.11e-01   8.20e-02   9.91e-02   1.11e-01   5.67e-02   1.69e-02   9.23e-03   7.04e-03   5.00e-03   
1.00000e+04  1.42e-11   1.97e-01   4.06e-01   8.44e-02   1.04e-01   1.05e-01   5.50e-02   1.65e-02   8.51e-03   6.99e-03   4.99e-03   
1.15478e+04  1.38e-11   2.03e-01   4.03e-01   8.76e-02   1.09e-01   9.85e-02   5.32e-02   1.59e-02   7.75e-03   6.99e-03   4.98e-03   
1.33352e+04  1.34e-11   2.07e-01   4.00e-01   8.89e-02   1.14e-01   9.34e-02   5.17e-02   1.55e-02   7.09e-03   7.03e-03   5.01e-03   
1.53993e+04  1.30e-11   2.08e-01   4.03e-01   8.94e-02   1.17e-01   8.78e-02   5.03e-02   1.51e-02   6.49e-03   7.12e-03   5.08e-03   
1.77828e+04  1.26e-11   2.05e-01   4.11e-01   8.82e-02   1.19e-01   8.35e-02   4.94e-02   1.48e-02   6.01e-03   7.30e-03   5.20e-03   
2.05353e+04  1.22e-11   1.98e-01   4.25e-01   8.53e-02   1.20e-01   8.03e-02   4.89e-02   1.46e-02   5.63e-03   7.55e-03   5.39e-03   
2.37137e+04  1.18e-11   1.87e-01   4.44e-01   8.06e-02   1.20e-01   7.69e-02   4.84e-02   1.45e-02   5.30e-03   7.88e-03   5.63e-03   
2.73842e+04  1.15e-11   1.75e-01   4.65e-01   7.53e-02   1.19e-01   7.29e-02   4.80e-02   1.44e-02   4.95e-03   8.26e-03   5.89e-03   
3.16228e+04  1.11e-11   1.63e-01   4.88e-01   7.03e-02   1.18e-01   6.81e-02   4.74e-02   1.42e-02   4.53e-03   8.68e-03   6.19e-03   
3.65174e+04  1.07e-11   1.52e-01   5.11e-01   6.53e-02   1.18e-01   6.21e-02   4.65e-02   1.39e-02   4.05e-03   9.14e-03   6.51e-03   
4.21697e+04  1.02e-11   1.41e-01   5.34e-01   6.06e-02   1.20e-01   5.55e-02   4.54e-02   1.36e-02   3.53e-03   9.65e-03   6.88e-03   
4.86968e+04  9.66e-12   1.30e-01   5.55e-01   5.62e-02   1.22e-01   4.81e-02   4.41e-02   1.32e-02   2.98e-03   1.02e-02   7.29e-03   
5.62341e+04  9.11e-12   1.21e-01   5.74e-01   5.19e-02   1.26e-01   4.03e-02   4.26e-02   1.27e-02   2.44e-03   1.09e-02   7.76e-03   
6.49382e+04  8.51e-12   1.11e-01   5.90e-01   4.79e-02   1.33e-01   3.24e-02   4.09e-02   1.22e-02   1.92e-03   1.17e-02   8.32e-03   
7.49894e+04  7.84e-12   1.03e-01   6.00e-01   4.45e-02   1.43e-01   2.47e-02   3.91e-02   1.17e-02   1.43e-03   1.26e-02   8.99e-03   
8.65964e+04  7.12e-12   9.67e-02   6.01e-01   4.17e-02   1.60e-01   1.78e-02   3.71e-02   1.11e-02   1.00e-03   1.37e-02   9.76e-03   
1.00000e+05  6.31e-12   9.29e-02   5.88e-01   4.00e-02   1.85e-01   1.19e-02   3.49e-02   1.05e-02   6.45e-04   1.50e-02   1.07e-02   
1.15478e+05  5.45e-12   9.25e-02   5.54e-01   3.98e-02   2.26e-01   7.36e-03   3.25e-02   9.73e-03   3.67e-04   1.64e-02   1.17e-02   
1.33352e+05  4.63e-12   9.61e-02   4.93e-01   4.15e-02   2.87e-01   4.19e-03   2.96e-02   8.84e-03   1.78e-04   1.78e-02   1.27e-02   
1.53993e+05  3.93e-12   1.04e-01   4.02e-01   4.48e-02   3.72e-01   2.19e-03   2.60e-02   7.77e-03   7.18e-05   1.87e-02   1.33e-02   
1.77828e+05  3.45e-12   1.14e-01   2.85e-01   4.90e-02   4.85e-01   9.90e-04   2.11e-02   6.33e-03   2.29e-05   1.83e-02   1.31e-02   
2.05353e+05  3.16e-12   1.19e-01   1.21e-01   5.13e-02   6.62e-01   2.28e-04   1.29e-02   3.86e-03   3.39e-06   1.45e-02   1.04e-02   
2.37137e+05  3.83e-12   8.80e-02   1.90e-02   3.79e-02   8.36e-01   1.90e-05   4.52e-03   1.35e-03   1.56e-07   6.63e-03   4.73e-03   
2.73842e+05  3.70e-12   8.78e-02   1.83e-02   3.78e-02   8.37e-01   1.74e-05   4.43e-03   1.32e-03   9.86e-08   6.51e-03   4.65e-03   
3.16228e+05  3.60e-12   9.04e-02   1.78e-02   3.89e-02   8.34e-01   1.69e-05   4.37e-03   1.31e-03   6.45e-08   6.42e-03   4.59e-03   
3.65174e+05  3.49e-12   9.33e-02   1.75e-02   4.01e-02   8.30e-01   1.67e-05   4.35e-03   1.30e-03   4.50e-08   6.39e-03   4.55e-03   
4.21697e+05  3.39e-12   9.64e-02   1.74e-02   4.16e-02   8.26e-01   1.66e-05   4.37e-03   1.30e-03   3.42e-08   6.40e-03   4.57e-03   
4.86968e+05  3.30e-12   9.92e-02   1.74e-02   4.28e-02   8.22e-01   1.66e-05   4.37e-03   1.31e-03   2.94e-08   6.40e-03   4.58e-03   
5.62341e+05  3.20e-12   1.02e-01   1.76e-02   4.40e-02   8.18e-01   1.68e-05   4.40e-03   1.32e-03   2.78e-08   6.43e-03   4.59e-03   
6.49382e+05  3.10e-12   1.05e-01   1.82e-02   4.54e-02   8.12e-01   1.73e-05   4.48e-03   1.34e-03   2.85e-08   6.54e-03   4.67e-03   
7.49894e+05  2.99e-12   1.09e-01   1.94e-02   4.68e-02   8.05e-01   1.85e-05   4.68e-03   1.40e-03   3.15e-08   6.75e-03   4.81e-03   
8.65964e+05  2.91e-12   8.19e-02   4.30e-01   3.51e-02   3.75e-01   1.49e-03   2.68e-02   8.01e-03   1.17e-05   1.92e-02   1.37e-02   
1.00000e+06  3.01e-12   1.15e-01   1.73e-01   4.95e-02   6.08e-01   3.65e-04   1.58e-02   4.72e-03   1.50e-06   1.64e-02   1.17e-02   
1.15478e+06  3.45e-12   9.47e-02   1.76e-02   4.08e-02   8.28e-01   1.68e-05   4.37e-03   1.31e-03   2.59e-08   6.40e-03   4.58e-03   
1.33352e+06  3.20e-12   1.02e-01   1.78e-02   4.41e-02   8.17e-01   1.70e-05   4.41e-03   1.32e-03   2.70e-08   6.48e-03   4.60e-03   
1.53993e+06  2.94e-12   1.10e-01   2.06e-02   4.72e-02   8.02e-01   1.98e-05   4.83e-03   1.44e-03   3.47e-08   6.93e-03   4.96e-03   
1.77828e+06  3.75e-12   9.12e-02   1.87e-02   3.92e-02   8.32e-01   1.89e-05   4.48e-03   1.34e-03   3.01e-08   6.58e-03   4.69e-03   
2.05353e+06  3.22e-12   1.02e-01   1.78e-02   4.38e-02   8.18e-01   1.70e-05   4.41e-03   1.32e-03   2.68e-08   6.47e-03   4.60e-03   
2.37137e+06  3.03e-12   8.33e-02   4.30e-01   3.57e-02   3.73e-01   1.56e-03   2.66e-02   7.97e-03   1.21e-05   1.91e-02   1.36e-02   
2.73842e+06  3.29e-12   9.97e-02   1.76e-02   4.29e-02   8.21e-01   1.69e-05   4.38e-03   1.31e-03   2.62e-08   6.42e-03   4.59e-03   
3.16228e+06  3.09e-12   9.97e-02   3.27e-01   4.30e-02   4.60e-01   1.03e-03   2.28e-02   6.83e-03   6.21e-06   1.89e-02   1.35e-02   
3.65174e+06  3.07e-12   1.06e-01   1.87e-02   4.59e-02   8.10e-01   1.79e-05   4.55e-03   1.36e-03   2.94e-08   6.60e-03   4.72e-03   
4.21697e+06  3.29e-12   9.97e-02   1.76e-02   4.29e-02   8.21e-01   1.68e-05   4.38e-03   1.31e-03   2.62e-08   6.42e-03   4.56e-03   
4.86968e+06  3.41e-12   9.58e-02   1.76e-02   4.13e-02   8.27e-01   1.68e-05   4.37e-03   1.31e-03   2.59e-08   6.42e-03   4.57e-03   
5.62341e+06  3.38e-12   9.70e-02   1.76e-02   4.17e-02   8.25e-01   1.68e-05   4.38e-03   1.31e-03   2.59e-08   6.42e-03   4.58e-03   
6.49382e+06  3.20e-12   1.02e-01   1.79e-02   4.41e-02   8.17e-01   1.71e-05   4.44e-03   1.33e-03   2.71e-08   6.48e-03   4.63e-03   
7.49894e+06  2.90e-12   8.22e-02   4.25e-01   3.56e-02   3.80e-01   1.45e-03   2.65e-02   7.94e-03   1.13e-05   1.92e-02   1.37e-02   
8.65964e+06  3.25e-12   1.01e-01   1.77e-02   4.34e-02   8.19e-01   1.69e-05   4.40e-03   1.32e-03   2.66e-08   6.44e-03   4.59e-03   
1.00000e+07  3.45e-12   9.47e-02   1.76e-02   4.08e-02   8.28e-01   1.69e-05   4.37e-03   1.31e-03   2.60e-08   6.40e-03   4.58e-03   
1.15478e+07  3.33e-12   9.85e-02   1.76e-02   4.23e-02   8.23e-01   1.68e-05   4.38e-03   1.31e-03   2.60e-08   6.40e-03   4.56e-03   
1.33352e+07  2.92e-12   1.11e-01   2.15e-02   4.77e-02   7.99e-01   2.07e-05   4.94e-03   1.48e-03   3.70e-08   7.07e-03   5.04e-03   
1.53993e+07  3.10e-12   1.05e-01   1.84e-02   4.54e-02   8.12e-01   1.76e-05   4.51e-03   1.35e-03   2.87e-08   6.57e-03   4.70e-03   
1.77828e+07  2.57e-12   1.05e-01   2.83e-01   4.52e-02   4.99e-01   6.59e-04   2.10e-02   6.31e-03   2.71e-06   1.89e-02   1.34e-02   
2.05353e+07  3.12e-12   1.05e-01   1.82e-02   4.51e-02   8.13e-01   1.75e-05   4.48e-03   1.34e-03   2.83e-08   6.56e-03   4.67e-03   
2.37137e+07  3.01e-12   8.27e-02   4.32e-01   3.55e-02   3.72e-01   1.56e-03   2.67e-02   8.00e-03   1.22e-05   1.91e-02   1.36e-02   
2.73842e+07  2.97e-12   8.15e-02   4.35e-01   3.50e-02   3.71e-01   1.55e-03   2.68e-02   8.02e-03   1.22e-05   1.91e-02   1.36e-02   
