! 0       CH2CO + C+ -> C + CH2CO+
! 1       CH2CO + H3+ -> H2 + CH3CO+
! 2       CH2CO + HCO+ -> CO + CH3CO+
! 3       CH2CO + H3O+ -> H2O + CH3CO+
! 4       CH2CO + CRPhoton -> CH2CO+ + e-
! 5       CH2CO + He+ -> CO + He + CH2+
! 6       CH2CO + He+ -> CH2 + He + CO+
! 7       CH2CO + CRPhoton -> CO + CH2
! 8       CH2CO + OH -> CH2OH + CO
! 9       CH2CO + GRAIN -> *CH2CO + GRAIN
!            tot_rate   0          1          2          3          4          5          6          7          8          9          
1.00000e+00  8.24e-16   1.00e+00   1.01e-05   7.42e-09   1.12e-08   1.35e-04   9.16e-05   9.16e-05   1.01e-04   3.89e-09   4.55e-06   
1.15478e+00  1.10e-15   1.00e+00   1.01e-05   8.01e-09   1.13e-08   1.34e-04   1.05e-04   1.05e-04   1.01e-04   4.16e-09   4.56e-06   
1.33352e+00  1.44e-15   1.00e+00   1.02e-05   8.68e-09   1.14e-08   1.35e-04   1.23e-04   1.23e-04   1.01e-04   4.46e-09   4.59e-06   
1.53993e+00  1.87e-15   9.99e-01   1.02e-05   9.35e-09   1.14e-08   1.35e-04   1.41e-04   1.41e-04   1.02e-04   4.70e-09   4.58e-06   
1.77828e+00  2.37e-15   9.99e-01   1.03e-05   1.02e-08   1.16e-08   1.36e-04   1.63e-04   1.63e-04   1.02e-04   4.98e-09   4.60e-06   
2.05353e+00  2.97e-15   9.99e-01   1.04e-05   1.10e-08   1.17e-08   1.36e-04   1.88e-04   1.88e-04   1.02e-04   5.22e-09   4.61e-06   
2.37137e+00  3.65e-15   9.99e-01   1.05e-05   1.19e-08   1.19e-08   1.37e-04   2.18e-04   2.18e-04   1.03e-04   5.45e-09   4.65e-06   
2.73842e+00  4.43e-15   9.99e-01   1.06e-05   1.29e-08   1.21e-08   1.38e-04   2.53e-04   2.53e-04   1.03e-04   5.66e-09   4.67e-06   
3.16228e+00  5.30e-15   9.99e-01   1.07e-05   1.40e-08   1.24e-08   1.39e-04   2.92e-04   2.92e-04   1.04e-04   5.86e-09   4.71e-06   
3.65174e+00  6.28e-15   9.99e-01   1.09e-05   1.51e-08   1.27e-08   1.40e-04   3.36e-04   3.36e-04   1.05e-04   6.07e-09   4.75e-06   
4.21697e+00  7.34e-15   9.99e-01   1.11e-05   1.62e-08   1.30e-08   1.40e-04   3.90e-04   3.90e-04   1.06e-04   6.30e-09   4.80e-06   
4.86968e+00  8.51e-15   9.99e-01   1.13e-05   1.75e-08   1.34e-08   1.42e-04   4.50e-04   4.50e-04   1.07e-04   6.53e-09   4.84e-06   
5.62341e+00  9.78e-15   9.99e-01   1.16e-05   1.87e-08   1.39e-08   1.44e-04   5.21e-04   5.21e-04   1.08e-04   6.80e-09   4.91e-06   
6.49382e+00  1.12e-14   9.99e-01   1.18e-05   2.00e-08   1.44e-08   1.45e-04   6.00e-04   6.00e-04   1.09e-04   7.06e-09   4.96e-06   
7.49894e+00  1.26e-14   9.98e-01   1.23e-05   2.16e-08   1.52e-08   1.48e-04   7.00e-04   7.00e-04   1.11e-04   7.46e-09   5.07e-06   
8.65964e+00  1.42e-14   9.98e-01   1.27e-05   2.30e-08   1.60e-08   1.51e-04   8.08e-04   8.08e-04   1.13e-04   7.87e-09   5.17e-06   
1.00000e+01  1.59e-14   9.98e-01   1.31e-05   2.46e-08   1.70e-08   1.54e-04   9.35e-04   9.35e-04   1.15e-04   8.35e-09   5.28e-06   
1.15478e+01  1.77e-14   9.98e-01   1.37e-05   2.64e-08   1.82e-08   1.57e-04   1.08e-03   1.08e-03   1.18e-04   8.96e-09   5.40e-06   
1.33352e+01  1.97e-14   9.97e-01   1.44e-05   2.84e-08   1.97e-08   1.61e-04   1.25e-03   1.25e-03   1.21e-04   9.67e-09   5.55e-06   
1.53993e+01  2.18e-14   9.97e-01   1.52e-05   3.07e-08   2.15e-08   1.65e-04   1.44e-03   1.44e-03   1.24e-04   1.05e-08   5.74e-06   
1.77828e+01  2.40e-14   9.96e-01   1.62e-05   3.36e-08   2.38e-08   1.71e-04   1.66e-03   1.66e-03   1.28e-04   1.16e-08   5.96e-06   
2.05353e+01  2.65e-14   9.96e-01   1.74e-05   3.71e-08   2.67e-08   1.78e-04   1.91e-03   1.91e-03   1.33e-04   1.30e-08   6.19e-06   
2.37137e+01  2.94e-14   9.95e-01   1.89e-05   4.14e-08   3.03e-08   1.85e-04   2.19e-03   2.19e-03   1.39e-04   1.47e-08   6.49e-06   
2.73842e+01  3.28e-14   9.95e-01   2.07e-05   4.70e-08   3.51e-08   1.94e-04   2.52e-03   2.52e-03   1.46e-04   1.70e-08   6.83e-06   
3.16228e+01  3.68e-14   9.94e-01   2.29e-05   5.40e-08   4.13e-08   2.05e-04   2.88e-03   2.88e-03   1.54e-04   1.99e-08   7.25e-06   
3.65174e+01  4.18e-14   9.93e-01   2.56e-05   6.32e-08   4.93e-08   2.17e-04   3.25e-03   3.25e-03   1.63e-04   2.37e-08   7.75e-06   
4.21697e+01  4.78e-14   9.92e-01   2.91e-05   7.51e-08   6.05e-08   2.32e-04   3.66e-03   3.66e-03   1.74e-04   2.89e-08   8.35e-06   
4.86968e+01  5.52e-14   9.91e-01   3.35e-05   9.13e-08   7.58e-08   2.50e-04   4.10e-03   4.10e-03   1.88e-04   3.61e-08   9.10e-06   
5.62341e+01  6.42e-14   9.90e-01   3.91e-05   1.14e-07   9.73e-08   2.73e-04   4.52e-03   4.52e-03   2.04e-04   4.59e-08   9.98e-06   
6.49382e+01  7.53e-14   9.90e-01   4.66e-05   1.45e-07   1.29e-07   2.99e-04   4.94e-03   4.94e-03   2.24e-04   6.03e-08   1.11e-05   
7.49894e+01  8.86e-14   9.89e-01   5.67e-05   1.92e-07   1.76e-07   3.33e-04   5.34e-03   5.34e-03   2.49e-04   8.16e-08   1.25e-05   
8.65964e+01  1.04e-13   9.88e-01   7.06e-05   2.61e-07   2.49e-07   3.76e-04   5.73e-03   5.73e-03   2.82e-04   1.14e-07   1.43e-05   
1.00000e+02  1.24e-13   9.87e-01   8.90e-05   3.67e-07   3.65e-07   4.26e-04   6.02e-03   6.02e-03   3.20e-04   1.64e-07   1.65e-05   
1.15478e+02  1.44e-13   9.86e-01   1.17e-04   5.39e-07   5.63e-07   4.97e-04   6.38e-03   6.38e-03   3.72e-04   2.48e-07   1.96e-05   
1.33352e+02  1.66e-13   9.85e-01   1.59e-04   8.29e-07   9.07e-07   5.85e-04   6.73e-03   6.73e-03   4.38e-04   3.89e-07   2.34e-05   
1.53993e+02  1.88e-13   9.84e-01   2.21e-04   1.34e-06   1.53e-06   7.02e-04   7.18e-03   7.18e-03   5.25e-04   6.38e-07   2.87e-05   
1.77828e+02  2.04e-13   9.82e-01   3.21e-04   2.30e-06   2.76e-06   8.60e-04   7.91e-03   7.91e-03   6.43e-04   1.10e-06   3.60e-05   
2.05353e+02  2.12e-13   9.80e-01   4.76e-04   4.12e-06   5.13e-06   1.07e-03   8.86e-03   8.86e-03   8.06e-04   1.96e-06   4.57e-05   
2.37137e+02  2.11e-13   9.76e-01   7.25e-04   7.68e-06   1.00e-05   1.36e-03   1.02e-02   1.02e-02   1.02e-03   3.58e-06   5.92e-05   
2.73842e+02  2.01e-13   9.72e-01   1.13e-03   1.46e-05   2.01e-05   1.74e-03   1.20e-02   1.20e-02   1.31e-03   6.68e-06   7.82e-05   
3.16228e+02  1.86e-13   9.66e-01   1.75e-03   2.79e-05   4.05e-05   2.25e-03   1.42e-02   1.42e-02   1.69e-03   1.23e-05   1.03e-04   
3.65174e+02  1.69e-13   9.58e-01   2.73e-03   5.32e-05   8.16e-05   2.93e-03   1.67e-02   1.67e-02   2.19e-03   2.26e-05   1.38e-04   
4.21697e+02  1.52e-13   9.50e-01   4.15e-03   9.89e-05   1.60e-04   3.79e-03   1.95e-02   1.95e-02   2.84e-03   4.01e-05   1.83e-04   
4.86968e+02  1.34e-13   9.40e-01   6.16e-03   1.79e-04   3.01e-04   4.88e-03   2.24e-02   2.24e-02   3.66e-03   6.80e-05   2.44e-04   
5.62341e+02  1.17e-13   9.29e-01   8.78e-03   3.10e-04   5.34e-04   6.18e-03   2.48e-02   2.48e-02   4.63e-03   1.09e-04   3.19e-04   
6.49382e+02  1.03e-13   9.20e-01   1.18e-02   5.04e-04   8.65e-04   7.60e-03   2.65e-02   2.65e-02   5.69e-03   1.63e-04   4.07e-04   
7.49894e+02  9.04e-14   9.12e-01   1.51e-02   7.71e-04   1.28e-03   9.09e-03   2.71e-02   2.71e-02   6.81e-03   2.25e-04   5.06e-04   
8.65964e+02  7.97e-14   9.05e-01   1.84e-02   1.12e-03   1.77e-03   1.06e-02   2.68e-02   2.68e-02   7.93e-03   2.96e-04   6.14e-04   
1.00000e+03  7.08e-14   9.00e-01   2.16e-02   1.55e-03   2.29e-03   1.21e-02   2.61e-02   2.61e-02   9.05e-03   3.70e-04   7.32e-04   
1.15478e+03  6.31e-14   8.94e-01   2.52e-02   2.14e-03   2.92e-03   1.37e-02   2.52e-02   2.52e-02   1.03e-02   4.60e-04   8.70e-04   
1.33352e+03  5.63e-14   8.83e-01   3.05e-02   3.13e-03   3.89e-03   1.60e-02   2.49e-02   2.49e-02   1.20e-02   5.95e-04   1.06e-03   
1.53993e+03  5.09e-14   8.59e-01   4.01e-02   5.25e-03   6.03e-03   1.98e-02   2.61e-02   2.61e-02   1.49e-02   8.47e-04   1.38e-03   
1.77828e+03  4.69e-14   7.97e-01   6.27e-02   1.18e-02   1.26e-02   2.81e-02   3.09e-02   3.09e-02   2.11e-02   1.47e-03   2.04e-03   
2.05353e+03  4.56e-14   6.50e-01   1.13e-01   3.53e-02   3.47e-02   4.54e-02   3.99e-02   3.99e-02   3.40e-02   3.05e-03   3.45e-03   
2.37137e+03  4.67e-14   4.56e-01   1.72e-01   8.12e-02   7.16e-02   6.45e-02   4.59e-02   4.59e-02   4.82e-02   5.68e-03   5.06e-03   
2.73842e+03  4.28e-14   3.51e-01   2.05e-01   1.15e-01   8.93e-02   7.34e-02   4.63e-02   4.63e-02   5.52e-02   8.11e-03   5.92e-03   
3.16228e+03  3.44e-14   3.08e-01   2.21e-01   1.31e-01   9.22e-02   7.71e-02   4.51e-02   4.51e-02   5.79e-02   9.72e-03   6.34e-03   
3.65174e+03  2.65e-14   2.88e-01   2.30e-01   1.40e-01   9.08e-02   7.92e-02   4.41e-02   4.41e-02   5.92e-02   1.09e-02   6.60e-03   
4.21697e+03  2.05e-14   2.79e-01   2.36e-01   1.45e-01   8.73e-02   8.00e-02   4.33e-02   4.33e-02   6.00e-02   1.19e-02   6.73e-03   
4.86968e+03  1.62e-14   2.77e-01   2.39e-01   1.47e-01   8.33e-02   8.02e-02   4.27e-02   4.27e-02   6.00e-02   1.26e-02   6.79e-03   
5.62341e+03  1.33e-14   2.80e-01   2.41e-01   1.47e-01   7.92e-02   8.00e-02   4.23e-02   4.23e-02   5.97e-02   1.31e-02   6.81e-03   
6.49382e+03  1.12e-14   2.88e-01   2.42e-01   1.45e-01   7.45e-02   7.87e-02   4.22e-02   4.22e-02   5.90e-02   1.33e-02   6.76e-03   
7.49894e+03  9.79e-15   2.99e-01   2.41e-01   1.41e-01   6.99e-02   7.75e-02   4.22e-02   4.22e-02   5.81e-02   1.32e-02   6.69e-03   
8.65964e+03  8.78e-15   3.12e-01   2.40e-01   1.37e-01   6.51e-02   7.61e-02   4.22e-02   4.22e-02   5.71e-02   1.30e-02   6.58e-03   
1.00000e+04  8.08e-15   3.27e-01   2.40e-01   1.30e-01   6.04e-02   7.45e-02   4.26e-02   4.26e-02   5.58e-02   1.26e-02   6.45e-03   
1.15478e+04  7.62e-15   3.40e-01   2.40e-01   1.24e-01   5.58e-02   7.28e-02   4.29e-02   4.29e-02   5.46e-02   1.22e-02   6.32e-03   
1.33352e+04  7.37e-15   3.50e-01   2.42e-01   1.18e-01   5.17e-02   7.14e-02   4.36e-02   4.36e-02   5.35e-02   1.19e-02   6.22e-03   
1.53993e+04  7.31e-15   3.56e-01   2.45e-01   1.13e-01   4.83e-02   7.02e-02   4.46e-02   4.46e-02   5.27e-02   1.16e-02   6.13e-03   
1.77828e+04  7.40e-15   3.54e-01   2.53e-01   1.09e-01   4.56e-02   6.95e-02   4.62e-02   4.62e-02   5.21e-02   1.16e-02   6.08e-03   
2.05353e+04  7.59e-15   3.44e-01   2.64e-01   1.05e-01   4.39e-02   6.94e-02   4.82e-02   4.82e-02   5.20e-02   1.17e-02   6.09e-03   
2.37137e+04  7.81e-15   3.29e-01   2.78e-01   1.02e-01   4.24e-02   6.95e-02   5.08e-02   5.08e-02   5.21e-02   1.19e-02   6.12e-03   
2.73842e+04  8.02e-15   3.12e-01   2.94e-01   9.75e-02   4.08e-02   6.96e-02   5.39e-02   5.39e-02   5.22e-02   1.22e-02   6.15e-03   
3.16228e+04  8.16e-15   2.94e-01   3.12e-01   9.20e-02   3.89e-02   6.96e-02   5.72e-02   5.72e-02   5.21e-02   1.24e-02   6.17e-03   
3.65174e+04  8.21e-15   2.77e-01   3.31e-01   8.53e-02   3.67e-02   6.92e-02   6.10e-02   6.10e-02   5.19e-02   1.24e-02   6.18e-03   
4.21697e+04  8.13e-15   2.61e-01   3.51e-01   7.72e-02   3.39e-02   6.85e-02   6.54e-02   6.54e-02   5.14e-02   1.23e-02   6.16e-03   
4.86968e+04  7.91e-15   2.45e-01   3.70e-01   6.80e-02   3.10e-02   6.76e-02   7.04e-02   7.04e-02   5.07e-02   1.20e-02   6.12e-03   
5.62341e+04  7.51e-15   2.30e-01   3.90e-01   5.80e-02   2.77e-02   6.64e-02   7.63e-02   7.63e-02   4.98e-02   1.15e-02   6.07e-03   
6.49382e+04  6.96e-15   2.17e-01   4.08e-01   4.73e-02   2.43e-02   6.48e-02   8.31e-02   8.31e-02   4.86e-02   1.07e-02   5.99e-03   
7.49894e+04  6.24e-15   2.05e-01   4.22e-01   3.69e-02   2.08e-02   6.32e-02   9.13e-02   9.13e-02   4.73e-02   9.74e-03   5.90e-03   
8.65964e+04  5.41e-15   1.96e-01   4.31e-01   2.70e-02   1.72e-02   6.10e-02   1.01e-01   1.01e-01   4.57e-02   8.47e-03   5.79e-03   
1.00000e+05  4.53e-15   1.92e-01   4.30e-01   1.85e-02   1.36e-02   5.87e-02   1.13e-01   1.13e-01   4.39e-02   7.02e-03   5.65e-03   
1.15478e+05  3.68e-15   1.96e-01   4.15e-01   1.17e-02   1.02e-02   5.59e-02   1.27e-01   1.27e-01   4.21e-02   5.46e-03   5.49e-03   
1.33352e+05  2.96e-15   2.11e-01   3.85e-01   6.93e-03   7.27e-03   5.27e-02   1.43e-01   1.43e-01   3.96e-02   3.99e-03   5.24e-03   
1.53993e+05  2.37e-15   2.43e-01   3.33e-01   3.84e-03   4.98e-03   4.94e-02   1.60e-01   1.60e-01   3.69e-02   2.75e-03   4.94e-03   
1.77828e+05  1.91e-15   2.96e-01   2.63e-01   1.94e-03   3.23e-03   4.47e-02   1.75e-01   1.75e-01   3.35e-02   1.77e-03   4.51e-03   
2.05353e+05  1.35e-15   4.14e-01   1.49e-01   5.94e-04   1.56e-03   3.62e-02   1.84e-01   1.84e-01   2.71e-02   8.40e-04   3.65e-03   
2.37137e+05  3.36e-16   5.85e-01   4.49e-02   9.51e-05   5.56e-04   2.44e-02   1.62e-01   1.62e-01   1.83e-02   2.83e-04   2.44e-03   
2.73842e+05  2.99e-16   5.92e-01   4.35e-02   8.83e-05   5.18e-04   2.41e-02   1.60e-01   1.60e-01   1.81e-02   2.64e-04   2.41e-03   
3.16228e+05  2.78e-16   6.01e-01   4.18e-02   8.46e-05   4.82e-04   2.36e-02   1.56e-01   1.56e-01   1.77e-02   2.47e-04   2.36e-03   
3.65174e+05  2.59e-16   6.10e-01   4.05e-02   8.22e-05   4.56e-04   2.31e-02   1.53e-01   1.53e-01   1.73e-02   2.33e-04   2.31e-03   
4.21697e+05  2.41e-16   6.17e-01   3.97e-02   8.00e-05   4.31e-04   2.27e-02   1.50e-01   1.50e-01   1.70e-02   2.21e-04   2.27e-03   
4.86968e+05  2.26e-16   6.24e-01   3.90e-02   7.88e-05   4.10e-04   2.23e-02   1.47e-01   1.47e-01   1.67e-02   2.11e-04   2.24e-03   
5.62341e+05  2.15e-16   6.29e-01   3.86e-02   7.78e-05   3.93e-04   2.20e-02   1.45e-01   1.45e-01   1.65e-02   2.03e-04   2.21e-03   
6.49382e+05  2.09e-16   6.32e-01   3.88e-02   7.85e-05   3.83e-04   2.20e-02   1.44e-01   1.44e-01   1.65e-02   1.98e-04   2.20e-03   
7.49894e+05  2.17e-16   6.31e-01   4.00e-02   8.11e-05   3.80e-04   2.20e-02   1.44e-01   1.44e-01   1.65e-02   1.97e-04   2.21e-03   
8.65964e+05  1.37e-15   1.95e-01   3.64e-01   2.67e-03   3.81e-03   5.18e-02   1.67e-01   1.67e-01   3.88e-02   2.21e-03   5.36e-03   
1.00000e+06  1.38e-15   3.58e-01   1.91e-01   8.53e-04   1.94e-03   4.00e-02   1.86e-01   1.86e-01   2.99e-02   1.06e-03   4.06e-03   
1.15478e+06  2.61e-16   6.14e-01   4.03e-02   8.21e-05   4.49e-04   2.29e-02   1.51e-01   1.51e-01   1.72e-02   2.29e-04   2.30e-03   
1.33352e+06  2.22e-16   6.29e-01   3.87e-02   7.87e-05   3.94e-04   2.20e-02   1.45e-01   1.45e-01   1.65e-02   2.03e-04   2.21e-03   
1.53993e+06  2.38e-16   6.27e-01   4.17e-02   8.50e-05   3.89e-04   2.23e-02   1.45e-01   1.45e-01   1.67e-02   2.01e-04   2.24e-03   
1.77828e+06  3.38e-16   5.97e-01   4.32e-02   9.28e-05   5.23e-04   2.37e-02   1.57e-01   1.57e-01   1.78e-02   2.68e-04   2.37e-03   
2.05353e+06  2.28e-16   6.28e-01   3.89e-02   7.90e-05   3.99e-04   2.21e-02   1.46e-01   1.46e-01   1.66e-02   2.05e-04   2.21e-03   
2.37137e+06  1.50e-15   1.98e-01   3.62e-01   2.79e-03   3.96e-03   5.16e-02   1.67e-01   1.67e-01   3.87e-02   2.29e-03   5.33e-03   
2.73842e+06  2.37e-16   6.24e-01   3.92e-02   7.96e-05   4.12e-04   2.23e-02   1.47e-01   1.47e-01   1.67e-02   2.12e-04   2.24e-03   
3.16228e+06  1.60e-15   2.55e-01   2.97e-01   1.97e-03   3.22e-03   4.73e-02   1.76e-01   1.76e-01   3.55e-02   1.82e-03   4.85e-03   
3.65174e+06  2.22e-16   6.31e-01   3.93e-02   7.98e-05   3.84e-04   2.20e-02   1.44e-01   1.44e-01   1.65e-02   1.98e-04   2.20e-03   
4.21697e+06  2.37e-16   6.25e-01   3.91e-02   7.94e-05   4.09e-04   2.23e-02   1.47e-01   1.47e-01   1.67e-02   2.10e-04   2.23e-03   
4.86968e+06  2.58e-16   6.17e-01   4.00e-02   8.11e-05   4.35e-04   2.27e-02   1.50e-01   1.50e-01   1.70e-02   2.24e-04   2.27e-03   
5.62341e+06  2.52e-16   6.19e-01   3.97e-02   8.09e-05   4.28e-04   2.26e-02   1.50e-01   1.50e-01   1.70e-02   2.21e-04   2.27e-03   
6.49382e+06  2.26e-16   6.29e-01   3.89e-02   7.88e-05   3.95e-04   2.21e-02   1.45e-01   1.45e-01   1.66e-02   2.04e-04   2.21e-03   
7.49894e+06  1.36e-15   1.97e-01   3.61e-01   2.61e-03   3.75e-03   5.16e-02   1.68e-01   1.68e-01   3.87e-02   2.17e-03   5.34e-03   
8.65964e+06  2.32e-16   6.26e-01   3.90e-02   7.90e-05   4.04e-04   2.22e-02   1.46e-01   1.46e-01   1.66e-02   2.08e-04   2.22e-03   
1.00000e+07  2.64e-16   6.13e-01   4.05e-02   8.21e-05   4.46e-04   2.29e-02   1.52e-01   1.52e-01   1.72e-02   2.29e-04   2.30e-03   
1.15478e+07  2.43e-16   6.22e-01   3.94e-02   7.99e-05   4.20e-04   2.24e-02   1.48e-01   1.48e-01   1.68e-02   2.15e-04   2.25e-03   
1.33352e+07  2.52e-16   6.24e-01   4.29e-02   8.78e-05   3.96e-04   2.25e-02   1.45e-01   1.45e-01   1.69e-02   2.05e-04   2.26e-03   
1.53993e+07  2.22e-16   6.32e-01   3.90e-02   7.94e-05   3.86e-04   2.20e-02   1.44e-01   1.44e-01   1.65e-02   1.99e-04   2.20e-03   
1.77828e+07  1.03e-15   2.79e-01   2.66e-01   1.32e-03   2.35e-03   4.55e-02   1.83e-01   1.83e-01   3.40e-02   1.27e-03   4.63e-03   
2.05353e+07  2.22e-16   6.31e-01   3.90e-02   7.93e-05   3.88e-04   2.20e-02   1.44e-01   1.44e-01   1.65e-02   2.00e-04   2.20e-03   
2.37137e+07  1.49e-15   1.97e-01   3.64e-01   2.80e-03   3.96e-03   5.17e-02   1.67e-01   1.67e-01   3.88e-02   2.29e-03   5.33e-03   
2.73842e+07  1.44e-15   1.94e-01   3.66e-01   2.77e-03   3.92e-03   5.19e-02   1.67e-01   1.67e-01   3.89e-02   2.27e-03   5.37e-03   
