! 0       H2 + GRAIN -> *H2 + GRAIN
! 1       H2 + C+ -> CH2+
! 2       H2 + CH2+ -> H + CH3+
! 3       H2 + H2+ -> H + H3+
! 4       H2 + CRP -> H2+ + e-
! 5       H2 + CRP -> H + H
! 6       H2 + CH+ -> H + CH2+
! 7       H2 + C2+ -> H + C2H+
! 8       H2 + H2O+ -> H + H3O+
! 9       H2 + C2H+ -> H + C2H2+
!            tot_rate   0          1          2          3          4          5          6          7          8          9          
1.00000e+00  4.36e-08   9.62e-01   9.55e-03   6.25e-03   6.25e-03   6.36e-03   4.82e-03   1.86e-03   1.50e-03   4.20e-05   8.56e-04   
1.15478e+00  4.36e-08   9.62e-01   9.52e-03   6.33e-03   6.24e-03   6.36e-03   4.82e-03   2.05e-03   1.65e-03   4.22e-05   9.48e-04   
1.33352e+00  4.36e-08   9.61e-01   9.50e-03   6.45e-03   6.24e-03   6.35e-03   4.82e-03   2.25e-03   1.81e-03   4.22e-05   1.04e-03   
1.53993e+00  4.36e-08   9.61e-01   9.47e-03   6.56e-03   6.24e-03   6.35e-03   4.81e-03   2.45e-03   1.98e-03   4.24e-05   1.14e-03   
1.77828e+00  4.37e-08   9.60e-01   9.42e-03   6.67e-03   6.22e-03   6.33e-03   4.80e-03   2.65e-03   2.13e-03   4.25e-05   1.24e-03   
2.05353e+00  4.38e-08   9.59e-01   9.39e-03   6.78e-03   6.21e-03   6.33e-03   4.80e-03   2.83e-03   2.28e-03   4.27e-05   1.34e-03   
2.37137e+00  4.38e-08   9.59e-01   9.36e-03   6.90e-03   6.21e-03   6.32e-03   4.79e-03   3.04e-03   2.44e-03   4.29e-05   1.43e-03   
2.73842e+00  4.38e-08   9.58e-01   9.31e-03   6.98e-03   6.21e-03   6.32e-03   4.79e-03   3.22e-03   2.60e-03   4.31e-05   1.53e-03   
3.16228e+00  4.38e-08   9.58e-01   9.26e-03   7.09e-03   6.20e-03   6.32e-03   4.79e-03   3.38e-03   2.71e-03   4.36e-05   1.61e-03   
3.65174e+00  4.39e-08   9.58e-01   9.21e-03   7.18e-03   6.20e-03   6.32e-03   4.79e-03   3.51e-03   2.83e-03   4.38e-05   1.70e-03   
4.21697e+00  4.40e-08   9.57e-01   9.12e-03   7.23e-03   6.21e-03   6.30e-03   4.78e-03   3.62e-03   2.93e-03   4.41e-05   1.77e-03   
4.86968e+00  4.40e-08   9.57e-01   9.05e-03   7.30e-03   6.21e-03   6.30e-03   4.77e-03   3.73e-03   3.02e-03   4.48e-05   1.83e-03   
5.62341e+00  4.41e-08   9.57e-01   8.96e-03   7.32e-03   6.19e-03   6.28e-03   4.76e-03   3.79e-03   3.08e-03   4.51e-05   1.88e-03   
6.49382e+00  4.41e-08   9.57e-01   8.87e-03   7.37e-03   6.19e-03   6.28e-03   4.76e-03   3.85e-03   3.13e-03   4.60e-05   1.93e-03   
7.49894e+00  4.42e-08   9.57e-01   8.75e-03   7.37e-03   6.20e-03   6.27e-03   4.75e-03   3.89e-03   3.17e-03   4.66e-05   1.97e-03   
8.65964e+00  4.42e-08   9.57e-01   8.66e-03   7.40e-03   6.20e-03   6.27e-03   4.75e-03   3.94e-03   3.19e-03   4.77e-05   2.01e-03   
1.00000e+01  4.43e-08   9.57e-01   8.51e-03   7.38e-03   6.18e-03   6.25e-03   4.74e-03   3.93e-03   3.20e-03   4.87e-05   2.04e-03   
1.15478e+01  4.44e-08   9.57e-01   8.35e-03   7.36e-03   6.19e-03   6.24e-03   4.73e-03   3.94e-03   3.22e-03   5.00e-05   2.06e-03   
1.33352e+01  4.45e-08   9.57e-01   8.20e-03   7.35e-03   6.18e-03   6.22e-03   4.72e-03   3.93e-03   3.21e-03   5.14e-05   2.09e-03   
1.53993e+01  4.46e-08   9.57e-01   8.00e-03   7.31e-03   6.19e-03   6.21e-03   4.71e-03   3.92e-03   3.23e-03   5.31e-05   2.11e-03   
1.77828e+01  4.48e-08   9.58e-01   7.79e-03   7.25e-03   6.16e-03   6.18e-03   4.69e-03   3.88e-03   3.21e-03   5.49e-05   2.13e-03   
2.05353e+01  4.49e-08   9.58e-01   7.57e-03   7.22e-03   6.17e-03   6.17e-03   4.68e-03   3.85e-03   3.21e-03   5.72e-05   2.15e-03   
2.37137e+01  4.51e-08   9.58e-01   7.32e-03   7.14e-03   6.17e-03   6.14e-03   4.66e-03   3.81e-03   3.19e-03   5.99e-05   2.17e-03   
2.73842e+01  4.53e-08   9.59e-01   7.07e-03   7.07e-03   6.14e-03   6.12e-03   4.64e-03   3.78e-03   3.16e-03   6.32e-05   2.19e-03   
3.16228e+01  4.56e-08   9.59e-01   6.76e-03   6.96e-03   6.12e-03   6.08e-03   4.61e-03   3.73e-03   3.12e-03   6.67e-05   2.22e-03   
3.65174e+01  4.59e-08   9.60e-01   6.43e-03   6.85e-03   6.11e-03   6.04e-03   4.58e-03   3.66e-03   3.08e-03   7.11e-05   2.22e-03   
4.21697e+01  4.61e-08   9.60e-01   6.11e-03   6.72e-03   6.07e-03   6.00e-03   4.55e-03   3.58e-03   3.03e-03   7.63e-05   2.23e-03   
4.86968e+01  4.65e-08   9.61e-01   5.74e-03   6.56e-03   6.04e-03   5.95e-03   4.51e-03   3.48e-03   2.97e-03   8.23e-05   2.24e-03   
5.62341e+01  4.69e-08   9.62e-01   5.35e-03   6.35e-03   5.99e-03   5.91e-03   4.48e-03   3.37e-03   2.88e-03   8.98e-05   2.22e-03   
6.49382e+01  4.74e-08   9.63e-01   4.96e-03   6.12e-03   5.93e-03   5.85e-03   4.43e-03   3.23e-03   2.79e-03   9.84e-05   2.20e-03   
7.49894e+01  4.78e-08   9.64e-01   4.54e-03   5.85e-03   5.87e-03   5.79e-03   4.39e-03   3.07e-03   2.66e-03   1.09e-04   2.15e-03   
8.65964e+01  4.84e-08   9.65e-01   4.11e-03   5.54e-03   5.81e-03   5.72e-03   4.34e-03   2.89e-03   2.50e-03   1.23e-04   2.09e-03   
1.00000e+02  4.90e-08   9.67e-01   3.65e-03   5.14e-03   5.71e-03   5.65e-03   4.28e-03   2.67e-03   2.32e-03   1.39e-04   1.97e-03   
1.15478e+02  4.97e-08   9.68e-01   3.22e-03   4.71e-03   5.64e-03   5.58e-03   4.23e-03   2.42e-03   2.09e-03   1.59e-04   1.83e-03   
1.33352e+02  5.04e-08   9.70e-01   2.78e-03   4.21e-03   5.53e-03   5.49e-03   4.17e-03   2.14e-03   1.84e-03   1.86e-04   1.65e-03   
1.53993e+02  5.11e-08   9.72e-01   2.35e-03   3.68e-03   5.46e-03   5.42e-03   4.11e-03   1.84e-03   1.56e-03   2.19e-04   1.44e-03   
1.77828e+02  5.20e-08   9.74e-01   1.94e-03   3.12e-03   5.37e-03   5.33e-03   4.04e-03   1.53e-03   1.27e-03   2.64e-04   1.20e-03   
2.05353e+02  5.29e-08   9.76e-01   1.57e-03   2.59e-03   5.26e-03   5.24e-03   3.97e-03   1.25e-03   9.89e-04   3.20e-04   9.51e-04   
2.37137e+02  5.37e-08   9.78e-01   1.25e-03   2.12e-03   5.18e-03   5.16e-03   3.91e-03   1.02e-03   7.39e-04   3.91e-04   7.26e-04   
2.73842e+02  5.47e-08   9.79e-01   9.74e-04   1.72e-03   5.08e-03   5.06e-03   3.84e-03   8.38e-04   5.35e-04   4.79e-04   5.37e-04   
3.16228e+02  5.58e-08   9.80e-01   7.53e-04   1.42e-03   4.96e-03   4.96e-03   3.76e-03   7.26e-04   3.83e-04   5.84e-04   3.92e-04   
3.65174e+02  5.70e-08   9.81e-01   5.76e-04   1.21e-03   4.86e-03   4.86e-03   3.68e-03   6.69e-04   2.75e-04   7.04e-04   2.90e-04   
4.21697e+02  5.82e-08   9.81e-01   4.42e-04   1.07e-03   4.76e-03   4.76e-03   3.61e-03   6.53e-04   2.03e-04   8.35e-04   2.18e-04   
4.86968e+02  5.96e-08   9.82e-01   3.37e-04   9.89e-04   4.65e-03   4.65e-03   3.52e-03   6.63e-04   1.53e-04   9.65e-04   1.71e-04   
5.62341e+02  6.11e-08   9.82e-01   2.62e-04   9.36e-04   4.52e-03   4.53e-03   3.44e-03   6.81e-04   1.19e-04   1.08e-03   1.39e-04   
6.49382e+02  6.28e-08   9.83e-01   2.07e-04   8.98e-04   4.40e-03   4.41e-03   3.34e-03   6.94e-04   9.47e-05   1.17e-03   1.17e-04   
7.49894e+02  6.45e-08   9.83e-01   1.69e-04   8.65e-04   4.28e-03   4.29e-03   3.26e-03   6.98e-04   7.69e-05   1.24e-03   1.00e-04   
8.65964e+02  6.63e-08   9.83e-01   1.40e-04   8.28e-04   4.15e-03   4.18e-03   3.17e-03   6.88e-04   6.24e-05   1.27e-03   8.66e-05   
1.00000e+03  6.81e-08   9.84e-01   1.18e-04   7.86e-04   4.04e-03   4.07e-03   3.08e-03   6.65e-04   5.02e-05   1.28e-03   7.44e-05   
1.15478e+03  6.99e-08   9.84e-01   9.93e-05   7.37e-04   3.93e-03   3.96e-03   3.00e-03   6.34e-04   3.93e-05   1.28e-03   6.29e-05   
1.33352e+03  7.16e-08   9.85e-01   8.10e-05   6.87e-04   3.84e-03   3.87e-03   2.93e-03   6.03e-04   2.95e-05   1.29e-03   5.24e-05   
1.53993e+03  7.31e-08   9.85e-01   6.09e-05   6.40e-04   3.75e-03   3.79e-03   2.87e-03   5.74e-04   2.01e-05   1.31e-03   4.32e-05   
1.77828e+03  7.45e-08   9.85e-01   3.81e-05   5.92e-04   3.68e-03   3.70e-03   2.82e-03   5.48e-04   1.17e-05   1.37e-03   3.65e-05   
2.05353e+03  7.57e-08   9.85e-01   1.85e-05   4.95e-04   3.62e-03   3.65e-03   2.77e-03   4.70e-04   5.35e-06   1.41e-03   2.96e-05   
2.37137e+03  7.66e-08   9.86e-01   8.91e-06   2.81e-04   3.58e-03   3.60e-03   2.74e-03   2.66e-04   2.48e-06   1.40e-03   1.49e-05   
2.73842e+03  7.71e-08   9.86e-01   5.82e-06   1.00e-04   3.54e-03   3.58e-03   2.72e-03   8.97e-05   1.66e-06   1.34e-03   7.86e-06   
3.16228e+03  7.74e-08   9.87e-01   4.78e-06   5.06e-05   3.53e-03   3.56e-03   2.70e-03   4.15e-05   1.47e-06   1.26e-03   7.45e-06   
3.65174e+03  7.77e-08   9.87e-01   4.30e-06   4.14e-05   3.51e-03   3.55e-03   2.69e-03   3.28e-05   1.38e-06   1.19e-03   7.44e-06   
4.21697e+03  7.78e-08   9.87e-01   4.07e-06   3.87e-05   3.51e-03   3.55e-03   2.69e-03   3.02e-05   1.31e-06   1.13e-03   7.31e-06   
4.86968e+03  7.79e-08   9.87e-01   3.99e-06   3.77e-05   3.50e-03   3.54e-03   2.68e-03   2.93e-05   1.26e-06   1.09e-03   7.15e-06   
5.62341e+03  7.80e-08   9.87e-01   4.03e-06   3.78e-05   3.50e-03   3.54e-03   2.68e-03   2.90e-05   1.23e-06   1.05e-03   7.01e-06   
6.49382e+03  7.80e-08   9.87e-01   4.17e-06   3.88e-05   3.50e-03   3.54e-03   2.68e-03   2.96e-05   1.22e-06   1.02e-03   6.94e-06   
7.49894e+03  7.80e-08   9.87e-01   4.37e-06   4.05e-05   3.50e-03   3.54e-03   2.68e-03   3.08e-05   1.24e-06   9.91e-04   6.92e-06   
8.65964e+03  7.80e-08   9.87e-01   4.64e-06   4.29e-05   3.50e-03   3.54e-03   2.68e-03   3.24e-05   1.28e-06   9.67e-04   7.00e-06   
1.00000e+04  7.81e-08   9.87e-01   4.94e-06   4.57e-05   3.48e-03   3.53e-03   2.68e-03   3.44e-05   1.34e-06   9.41e-04   7.18e-06   
1.15478e+04  7.81e-08   9.87e-01   5.24e-06   4.88e-05   3.48e-03   3.53e-03   2.68e-03   3.69e-05   1.46e-06   9.14e-04   7.57e-06   
1.33352e+04  7.81e-08   9.87e-01   5.49e-06   5.20e-05   3.48e-03   3.52e-03   2.68e-03   3.94e-05   1.61e-06   8.87e-04   8.22e-06   
1.53993e+04  7.81e-08   9.87e-01   5.66e-06   5.48e-05   3.48e-03   3.52e-03   2.68e-03   4.20e-05   1.86e-06   8.59e-04   9.25e-06   
1.77828e+04  7.81e-08   9.87e-01   5.66e-06   5.69e-05   3.48e-03   3.52e-03   2.68e-03   4.42e-05   2.19e-06   8.30e-04   1.07e-05   
2.05353e+04  7.81e-08   9.88e-01   5.51e-06   5.83e-05   3.48e-03   3.52e-03   2.68e-03   4.59e-05   2.65e-06   7.99e-04   1.28e-05   
2.37137e+04  7.81e-08   9.88e-01   5.24e-06   5.92e-05   3.48e-03   3.52e-03   2.68e-03   4.74e-05   3.24e-06   7.70e-04   1.55e-05   
2.73842e+04  7.81e-08   9.88e-01   4.93e-06   6.01e-05   3.48e-03   3.52e-03   2.68e-03   4.89e-05   4.01e-06   7.39e-04   1.90e-05   
3.16228e+04  7.82e-08   9.88e-01   4.62e-06   6.13e-05   3.48e-03   3.52e-03   2.67e-03   5.08e-05   4.98e-06   7.05e-04   2.32e-05   
3.65174e+04  7.82e-08   9.88e-01   4.35e-06   6.32e-05   3.48e-03   3.52e-03   2.67e-03   5.35e-05   6.23e-06   6.72e-04   2.84e-05   
4.21697e+04  7.83e-08   9.88e-01   4.10e-06   6.59e-05   3.48e-03   3.51e-03   2.67e-03   5.69e-05   7.83e-06   6.35e-04   3.45e-05   
4.86968e+04  7.82e-08   9.88e-01   3.89e-06   6.98e-05   3.48e-03   3.51e-03   2.67e-03   6.13e-05   9.92e-06   5.99e-04   4.20e-05   
5.62341e+04  7.83e-08   9.88e-01   3.68e-06   7.45e-05   3.47e-03   3.51e-03   2.67e-03   6.68e-05   1.26e-05   5.60e-04   5.09e-05   
6.49382e+04  7.83e-08   9.88e-01   3.50e-06   8.11e-05   3.48e-03   3.51e-03   2.67e-03   7.38e-05   1.60e-05   5.22e-04   6.11e-05   
7.49894e+04  7.84e-08   9.88e-01   3.34e-06   8.92e-05   3.48e-03   3.51e-03   2.66e-03   8.25e-05   2.03e-05   4.81e-04   7.24e-05   
8.65964e+04  7.84e-08   9.88e-01   3.26e-06   1.00e-04   3.48e-03   3.51e-03   2.66e-03   9.40e-05   2.56e-05   4.36e-04   8.44e-05   
1.00000e+05  7.84e-08   9.88e-01   3.26e-06   1.14e-04   3.48e-03   3.51e-03   2.65e-03   1.09e-04   3.20e-05   3.89e-04   9.60e-05   
1.15478e+05  7.83e-08   9.88e-01   3.43e-06   1.33e-04   3.50e-03   3.51e-03   2.66e-03   1.27e-04   3.92e-05   3.40e-04   1.06e-04   
1.33352e+05  7.83e-08   9.88e-01   3.87e-06   1.54e-04   3.50e-03   3.51e-03   2.66e-03   1.49e-04   4.66e-05   2.91e-04   1.12e-04   
1.53993e+05  7.82e-08   9.88e-01   4.73e-06   1.79e-04   3.52e-03   3.52e-03   2.66e-03   1.73e-04   5.29e-05   2.52e-04   1.13e-04   
1.77828e+05  7.82e-08   9.88e-01   6.29e-06   1.99e-04   3.53e-03   3.52e-03   2.66e-03   1.92e-04   5.64e-05   2.25e-04   1.07e-04   
2.05353e+05  7.82e-08   9.88e-01   1.08e-05   2.03e-04   3.54e-03   3.52e-03   2.66e-03   1.92e-04   5.23e-05   2.12e-04   8.76e-05   
2.37137e+05  7.82e-08   9.89e-01   2.30e-05   1.28e-04   3.57e-03   3.52e-03   2.66e-03   1.05e-04   1.17e-05   2.71e-04   1.89e-05   
2.73842e+05  7.82e-08   9.89e-01   2.34e-05   1.30e-04   3.57e-03   3.52e-03   2.66e-03   1.08e-04   1.22e-05   2.61e-04   1.97e-05   
3.16228e+05  7.82e-08   9.89e-01   2.43e-05   1.37e-04   3.57e-03   3.52e-03   2.66e-03   1.13e-04   1.30e-05   2.52e-04   2.12e-05   
3.65174e+05  7.82e-08   9.89e-01   2.52e-05   1.43e-04   3.57e-03   3.52e-03   2.66e-03   1.18e-04   1.42e-05   2.44e-04   2.30e-05   
4.21697e+05  7.82e-08   9.89e-01   2.60e-05   1.50e-04   3.57e-03   3.52e-03   2.66e-03   1.24e-04   1.55e-05   2.37e-04   2.51e-05   
4.86968e+05  7.82e-08   9.89e-01   2.67e-05   1.56e-04   3.57e-03   3.52e-03   2.66e-03   1.29e-04   1.70e-05   2.30e-04   2.74e-05   
5.62341e+05  7.82e-08   9.89e-01   2.72e-05   1.62e-04   3.57e-03   3.52e-03   2.66e-03   1.36e-04   1.88e-05   2.23e-04   3.02e-05   
6.49382e+05  7.82e-08   9.89e-01   2.75e-05   1.70e-04   3.57e-03   3.52e-03   2.66e-03   1.43e-04   2.11e-05   2.15e-04   3.38e-05   
7.49894e+05  7.82e-08   9.89e-01   2.72e-05   1.79e-04   3.57e-03   3.52e-03   2.66e-03   1.52e-04   2.44e-05   2.06e-04   3.89e-05   
8.65964e+05  7.79e-08   9.88e-01   3.49e-06   1.90e-04   3.53e-03   3.53e-03   2.67e-03   1.84e-04   6.57e-05   1.78e-04   1.37e-04   
1.00000e+06  7.81e-08   9.88e-01   8.42e-06   2.11e-04   3.55e-03   3.52e-03   2.66e-03   2.02e-04   5.85e-05   2.00e-04   1.01e-04   
1.15478e+06  7.82e-08   9.89e-01   2.55e-05   1.46e-04   3.57e-03   3.52e-03   2.66e-03   1.21e-04   1.50e-05   2.42e-04   2.40e-05   
1.33352e+06  7.82e-08   9.89e-01   2.72e-05   1.64e-04   3.57e-03   3.52e-03   2.66e-03   1.37e-04   1.93e-05   2.21e-04   3.10e-05   
1.53993e+06  7.82e-08   9.89e-01   2.67e-05   1.83e-04   3.57e-03   3.52e-03   2.66e-03   1.57e-04   2.67e-05   2.02e-04   4.25e-05   
1.77828e+06  7.82e-08   9.89e-01   2.40e-05   1.34e-04   3.57e-03   3.52e-03   2.66e-03   1.10e-04   1.28e-05   2.65e-04   2.07e-05   
2.05353e+06  7.82e-08   9.89e-01   2.71e-05   1.61e-04   3.57e-03   3.52e-03   2.66e-03   1.36e-04   1.88e-05   2.24e-04   3.02e-05   
2.37137e+06  7.80e-08   9.88e-01   3.58e-06   1.87e-04   3.52e-03   3.52e-03   2.67e-03   1.81e-04   6.50e-05   1.87e-04   1.36e-04   
2.73842e+06  7.82e-08   9.89e-01   2.67e-05   1.57e-04   3.57e-03   3.52e-03   2.66e-03   1.30e-04   1.74e-05   2.29e-04   2.80e-05   
3.16228e+06  7.80e-08   9.88e-01   5.04e-06   2.00e-04   3.54e-03   3.52e-03   2.67e-03   1.94e-04   6.32e-05   1.97e-04   1.22e-04   
3.65174e+06  7.82e-08   9.89e-01   2.74e-05   1.73e-04   3.57e-03   3.52e-03   2.66e-03   1.46e-04   2.23e-05   2.12e-04   3.57e-05   
4.21697e+06  7.82e-08   9.89e-01   2.67e-05   1.57e-04   3.57e-03   3.52e-03   2.66e-03   1.32e-04   1.76e-05   2.29e-04   2.83e-05   
4.86968e+06  7.82e-08   9.89e-01   2.58e-05   1.48e-04   3.57e-03   3.52e-03   2.66e-03   1.23e-04   1.56e-05   2.39e-04   2.51e-05   
5.62341e+06  7.82e-08   9.89e-01   2.61e-05   1.51e-04   3.57e-03   3.52e-03   2.66e-03   1.25e-04   1.60e-05   2.37e-04   2.58e-05   
6.49382e+06  7.82e-08   9.89e-01   2.71e-05   1.64e-04   3.57e-03   3.52e-03   2.66e-03   1.37e-04   1.93e-05   2.21e-04   3.11e-05   
7.49894e+06  7.79e-08   9.88e-01   3.54e-06   1.91e-04   3.53e-03   3.53e-03   2.67e-03   1.85e-04   6.58e-05   1.78e-04   1.37e-04   
8.65964e+06  7.82e-08   9.89e-01   2.69e-05   1.60e-04   3.57e-03   3.52e-03   2.66e-03   1.33e-04   1.83e-05   2.26e-04   2.94e-05   
1.00000e+07  7.82e-08   9.89e-01   2.55e-05   1.46e-04   3.57e-03   3.52e-03   2.66e-03   1.21e-04   1.50e-05   2.42e-04   2.43e-05   
1.15478e+07  7.82e-08   9.89e-01   2.65e-05   1.55e-04   3.57e-03   3.52e-03   2.66e-03   1.28e-04   1.69e-05   2.31e-04   2.71e-05   
1.33352e+07  7.82e-08   9.89e-01   2.63e-05   1.85e-04   3.57e-03   3.52e-03   2.66e-03   1.60e-04   2.80e-05   2.00e-04   4.48e-05   
1.53993e+07  7.82e-08   9.89e-01   2.74e-05   1.70e-04   3.57e-03   3.52e-03   2.66e-03   1.43e-04   2.14e-05   2.15e-04   3.43e-05   
1.77828e+07  7.81e-08   9.88e-01   5.76e-06   2.43e-04   3.53e-03   3.52e-03   2.66e-03   2.34e-04   6.32e-05   1.63e-04   1.17e-04   
2.05353e+07  7.82e-08   9.89e-01   2.74e-05   1.69e-04   3.57e-03   3.52e-03   2.66e-03   1.42e-04   2.10e-05   2.16e-04   3.35e-05   
2.37137e+07  7.80e-08   9.88e-01   3.54e-06   1.87e-04   3.52e-03   3.52e-03   2.67e-03   1.81e-04   6.50e-05   1.86e-04   1.36e-04   
2.73842e+07  7.80e-08   9.88e-01   3.47e-06   1.87e-04   3.52e-03   3.52e-03   2.67e-03   1.81e-04   6.54e-05   1.82e-04   1.37e-04   
