! 0       *CH3OCH3 + CRPhoton -> *H2CO + *CH4
! 1       *CH3OCH3 + CRPhoton -> *O + *CH3 + *CH3
! 2       *CH3OCH3 + CRPhoton -> *CH3OH + *CH2
! 3       *CH3OCH3 + CRPhoton -> CH3OCH3
! 4       *CH3OCH3 + ISPhoton -> *H2CO + *CH4
! 5       *CH3OCH3 + ISPhoton -> CH3OCH3
! 6       *CH3OCH3 + ISPhoton -> *O + *CH3 + *CH3
! 7       *CH3OCH3 + ISPhoton -> *CH3OH + *CH2
! 8       *CH3OCH3 + CRP -> CH3OCH3
! 9       *CH3OCH3 + GRAIN -> CH3OCH3 + GRAIN
!            tot_rate   0          1          2          3          4          5          6          7          8          9          
1.00000e+00  7.22e-30   5.99e-01   1.95e-01   1.95e-01   1.01e-02   5.91e-06   1.80e-09   8.27e-10   8.27e-10   0.00e+00   0.00e+00   
1.15478e+00  1.53e-29   5.99e-01   1.96e-01   1.96e-01   1.01e-02   5.90e-06   1.80e-09   8.24e-10   8.24e-10   0.00e+00   0.00e+00   
1.33352e+00  3.14e-29   5.99e-01   1.96e-01   1.96e-01   1.01e-02   5.89e-06   1.80e-09   8.25e-10   8.25e-10   0.00e+00   0.00e+00   
1.53993e+00  6.29e-29   5.99e-01   1.95e-01   1.95e-01   1.01e-02   5.91e-06   1.80e-09   8.26e-10   8.26e-10   0.00e+00   0.00e+00   
1.77828e+00  1.24e-28   5.98e-01   1.96e-01   1.96e-01   1.01e-02   5.90e-06   1.80e-09   8.22e-10   8.22e-10   0.00e+00   0.00e+00   
2.05353e+00  2.41e-28   5.98e-01   1.96e-01   1.96e-01   1.01e-02   5.90e-06   1.80e-09   8.26e-10   8.26e-10   0.00e+00   0.00e+00   
2.37137e+00  4.64e-28   5.99e-01   1.95e-01   1.95e-01   1.01e-02   5.90e-06   1.80e-09   8.25e-10   8.25e-10   0.00e+00   0.00e+00   
2.73842e+00  8.86e-28   5.99e-01   1.95e-01   1.95e-01   1.01e-02   5.90e-06   1.81e-09   8.25e-10   8.25e-10   0.00e+00   0.00e+00   
3.16228e+00  1.68e-27   5.99e-01   1.95e-01   1.95e-01   1.00e-02   5.89e-06   1.80e-09   8.25e-10   8.25e-10   0.00e+00   0.00e+00   
3.65174e+00  3.17e-27   5.99e-01   1.95e-01   1.95e-01   1.01e-02   5.90e-06   1.80e-09   8.26e-10   8.26e-10   0.00e+00   0.00e+00   
4.21697e+00  5.97e-27   5.98e-01   1.96e-01   1.96e-01   1.01e-02   5.90e-06   1.79e-09   8.24e-10   8.24e-10   0.00e+00   0.00e+00   
4.86968e+00  1.12e-26   5.99e-01   1.95e-01   1.95e-01   1.01e-02   5.90e-06   1.80e-09   8.25e-10   8.25e-10   0.00e+00   0.00e+00   
5.62341e+00  2.09e-26   6.00e-01   1.95e-01   1.95e-01   1.01e-02   5.90e-06   1.80e-09   8.25e-10   8.25e-10   0.00e+00   0.00e+00   
6.49382e+00  3.89e-26   5.99e-01   1.95e-01   1.95e-01   1.01e-02   5.89e-06   1.80e-09   8.23e-10   8.23e-10   0.00e+00   0.00e+00   
7.49894e+00  7.22e-26   5.99e-01   1.95e-01   1.95e-01   1.01e-02   5.90e-06   1.80e-09   8.25e-10   8.25e-10   0.00e+00   0.00e+00   
8.65964e+00  1.35e-25   5.99e-01   1.95e-01   1.95e-01   1.01e-02   5.90e-06   1.80e-09   8.24e-10   8.24e-10   0.00e+00   0.00e+00   
1.00000e+01  2.51e-25   5.98e-01   1.96e-01   1.96e-01   1.01e-02   5.90e-06   1.80e-09   8.26e-10   8.26e-10   0.00e+00   0.00e+00   
1.15478e+01  4.68e-25   5.99e-01   1.96e-01   1.96e-01   1.01e-02   5.90e-06   1.80e-09   8.24e-10   8.24e-10   0.00e+00   0.00e+00   
1.33352e+01  8.69e-25   5.99e-01   1.96e-01   1.96e-01   1.01e-02   5.89e-06   1.80e-09   8.24e-10   8.24e-10   0.00e+00   0.00e+00   
1.53993e+01  1.61e-24   5.99e-01   1.96e-01   1.96e-01   1.01e-02   5.90e-06   1.80e-09   8.22e-10   8.22e-10   0.00e+00   0.00e+00   
1.77828e+01  2.96e-24   5.99e-01   1.96e-01   1.96e-01   1.01e-02   5.92e-06   1.80e-09   8.25e-10   8.25e-10   0.00e+00   0.00e+00   
2.05353e+01  5.43e-24   6.00e-01   1.95e-01   1.95e-01   1.01e-02   5.91e-06   1.80e-09   8.26e-10   8.26e-10   0.00e+00   0.00e+00   
2.37137e+01  1.00e-23   5.99e-01   1.96e-01   1.96e-01   1.01e-02   5.90e-06   1.80e-09   8.24e-10   8.24e-10   0.00e+00   0.00e+00   
2.73842e+01  1.85e-23   6.00e-01   1.95e-01   1.95e-01   1.01e-02   5.89e-06   1.79e-09   8.21e-10   8.21e-10   0.00e+00   0.00e+00   
3.16228e+01  3.41e-23   5.99e-01   1.96e-01   1.96e-01   1.01e-02   5.90e-06   1.80e-09   8.24e-10   8.24e-10   0.00e+00   0.00e+00   
3.65174e+01  6.34e-23   5.99e-01   1.95e-01   1.95e-01   1.01e-02   5.90e-06   1.80e-09   8.24e-10   8.24e-10   0.00e+00   0.00e+00   
4.21697e+01  1.19e-22   5.98e-01   1.96e-01   1.96e-01   1.01e-02   5.90e-06   1.80e-09   8.24e-10   8.24e-10   0.00e+00   0.00e+00   
4.86968e+01  2.25e-22   5.99e-01   1.96e-01   1.96e-01   1.01e-02   5.90e-06   1.80e-09   8.25e-10   8.25e-10   0.00e+00   0.00e+00   
5.62341e+01  4.36e-22   5.99e-01   1.95e-01   1.95e-01   1.01e-02   5.90e-06   1.80e-09   8.24e-10   8.24e-10   0.00e+00   0.00e+00   
6.49382e+01  8.61e-22   6.00e-01   1.95e-01   1.95e-01   1.01e-02   5.90e-06   1.80e-09   8.25e-10   8.25e-10   0.00e+00   0.00e+00   
7.49894e+01  1.77e-21   6.00e-01   1.95e-01   1.95e-01   1.01e-02   5.88e-06   1.80e-09   8.26e-10   8.26e-10   0.00e+00   0.00e+00   
8.65964e+01  3.79e-21   5.99e-01   1.95e-01   1.95e-01   1.01e-02   5.89e-06   1.80e-09   8.24e-10   8.24e-10   0.00e+00   0.00e+00   
1.00000e+02  8.19e-21   5.99e-01   1.95e-01   1.95e-01   1.01e-02   5.90e-06   1.81e-09   8.25e-10   8.25e-10   0.00e+00   0.00e+00   
1.15478e+02  1.02e-19   5.99e-01   1.96e-01   1.96e-01   1.00e-02   5.90e-06   1.80e-09   8.25e-10   8.25e-10   0.00e+00   0.00e+00   
1.33352e+02  3.40e-19   5.99e-01   1.95e-01   1.95e-01   1.01e-02   5.90e-06   1.80e-09   8.25e-10   8.25e-10   0.00e+00   0.00e+00   
1.53993e+02  7.25e-19   5.98e-01   1.96e-01   1.96e-01   1.01e-02   5.90e-06   1.81e-09   8.24e-10   8.24e-10   0.00e+00   0.00e+00   
1.77828e+02  1.39e-18   5.99e-01   1.96e-01   1.96e-01   1.01e-02   5.90e-06   1.80e-09   8.23e-10   8.23e-10   0.00e+00   0.00e+00   
2.05353e+02  2.69e-18   5.99e-01   1.95e-01   1.95e-01   1.00e-02   5.88e-06   1.80e-09   8.22e-10   8.22e-10   0.00e+00   0.00e+00   
2.37137e+02  5.43e-18   6.00e-01   1.95e-01   1.95e-01   1.01e-02   5.91e-06   1.80e-09   8.26e-10   8.26e-10   0.00e+00   0.00e+00   
2.73842e+02  1.05e-17   5.99e-01   1.95e-01   1.95e-01   1.01e-02   5.89e-06   1.80e-09   8.25e-10   8.25e-10   0.00e+00   0.00e+00   
3.16228e+02  1.84e-17   5.99e-01   1.95e-01   1.95e-01   1.01e-02   5.88e-06   1.80e-09   8.22e-10   8.22e-10   0.00e+00   0.00e+00   
3.65174e+02  2.91e-17   5.99e-01   1.96e-01   1.96e-01   1.01e-02   5.92e-06   1.80e-09   8.26e-10   8.26e-10   0.00e+00   0.00e+00   
4.21697e+02  4.11e-17   5.99e-01   1.96e-01   1.96e-01   1.01e-02   5.91e-06   1.80e-09   8.25e-10   8.25e-10   0.00e+00   0.00e+00   
4.86968e+02  5.11e-17   5.99e-01   1.96e-01   1.96e-01   1.01e-02   5.89e-06   1.80e-09   8.24e-10   8.24e-10   0.00e+00   0.00e+00   
5.62341e+02  5.59e-17   6.00e-01   1.95e-01   1.95e-01   1.01e-02   5.91e-06   1.81e-09   8.27e-10   8.27e-10   0.00e+00   0.00e+00   
6.49382e+02  5.69e-17   6.00e-01   1.95e-01   1.95e-01   1.01e-02   5.91e-06   1.81e-09   8.26e-10   8.26e-10   0.00e+00   0.00e+00   
7.49894e+02  5.68e-17   6.00e-01   1.95e-01   1.95e-01   9.33e-03   5.91e-06   1.67e-09   8.27e-10   8.27e-10   0.00e+00   0.00e+00   
8.65964e+02  5.67e-17   6.01e-01   1.96e-01   1.96e-01   7.84e-03   5.92e-06   1.40e-09   8.26e-10   8.26e-10   0.00e+00   0.00e+00   
1.00000e+03  5.66e-17   6.01e-01   1.96e-01   1.96e-01   6.61e-03   5.94e-06   1.18e-09   8.29e-10   8.29e-10   0.00e+00   0.00e+00   
1.15478e+03  5.65e-17   6.02e-01   1.96e-01   1.96e-01   5.57e-03   5.95e-06   9.96e-10   8.30e-10   8.30e-10   0.00e+00   0.00e+00   
1.33352e+03  5.66e-17   6.03e-01   1.96e-01   1.96e-01   4.70e-03   5.94e-06   8.40e-10   8.31e-10   8.31e-10   0.00e+00   0.00e+00   
1.53993e+03  5.68e-17   6.02e-01   1.97e-01   1.97e-01   3.98e-03   5.93e-06   7.11e-10   8.29e-10   8.29e-10   0.00e+00   0.00e+00   
1.77828e+03  5.73e-17   6.02e-01   1.97e-01   1.97e-01   3.39e-03   5.93e-06   6.04e-10   8.31e-10   8.31e-10   0.00e+00   0.00e+00   
2.05353e+03  5.89e-17   6.03e-01   1.97e-01   1.97e-01   2.89e-03   5.95e-06   5.18e-10   8.32e-10   8.32e-10   0.00e+00   0.00e+00   
2.37137e+03  6.29e-17   6.03e-01   1.97e-01   1.97e-01   2.50e-03   5.95e-06   4.47e-10   8.32e-10   8.32e-10   0.00e+00   0.00e+00   
2.73842e+03  6.91e-17   6.04e-01   1.97e-01   1.97e-01   2.19e-03   5.95e-06   3.92e-10   8.33e-10   8.33e-10   0.00e+00   0.00e+00   
3.16228e+03  7.59e-17   6.03e-01   1.98e-01   1.98e-01   1.92e-03   5.95e-06   3.45e-10   8.33e-10   8.33e-10   0.00e+00   0.00e+00   
3.65174e+03  8.22e-17   6.04e-01   1.97e-01   1.97e-01   1.70e-03   5.97e-06   3.05e-10   8.34e-10   8.34e-10   0.00e+00   0.00e+00   
4.21697e+03  8.77e-17   6.04e-01   1.97e-01   1.97e-01   1.52e-03   5.96e-06   2.70e-10   8.33e-10   8.33e-10   0.00e+00   0.00e+00   
4.86968e+03  9.18e-17   6.04e-01   1.97e-01   1.97e-01   1.34e-03   5.97e-06   2.41e-10   8.34e-10   8.34e-10   0.00e+00   0.00e+00   
5.62341e+03  9.48e-17   6.04e-01   1.97e-01   1.97e-01   1.20e-03   5.97e-06   2.15e-10   8.35e-10   8.35e-10   0.00e+00   0.00e+00   
6.49382e+03  9.68e-17   6.04e-01   1.97e-01   1.97e-01   1.07e-03   5.97e-06   1.92e-10   8.35e-10   8.35e-10   0.00e+00   0.00e+00   
7.49894e+03  9.77e-17   6.04e-01   1.98e-01   1.98e-01   9.58e-04   5.97e-06   1.72e-10   8.35e-10   8.35e-10   0.00e+00   0.00e+00   
8.65964e+03  9.74e-17   6.05e-01   1.97e-01   1.97e-01   8.61e-04   5.99e-06   1.54e-10   8.37e-10   8.37e-10   0.00e+00   0.00e+00   
1.00000e+04  9.65e-17   6.05e-01   1.97e-01   1.97e-01   7.72e-04   5.98e-06   1.39e-10   8.36e-10   8.36e-10   0.00e+00   0.00e+00   
1.15478e+04  9.48e-17   6.05e-01   1.97e-01   1.97e-01   6.94e-04   5.98e-06   1.25e-10   8.37e-10   8.37e-10   0.00e+00   0.00e+00   
1.33352e+04  9.27e-17   6.04e-01   1.97e-01   1.97e-01   6.25e-04   5.98e-06   1.12e-10   8.36e-10   8.36e-10   0.00e+00   0.00e+00   
1.53993e+04  9.03e-17   6.05e-01   1.97e-01   1.97e-01   5.64e-04   5.98e-06   1.01e-10   8.37e-10   8.37e-10   0.00e+00   0.00e+00   
1.77828e+04  8.82e-17   6.05e-01   1.97e-01   1.97e-01   5.10e-04   5.99e-06   9.16e-11   8.37e-10   8.37e-10   0.00e+00   0.00e+00   
2.05353e+04  8.72e-17   6.05e-01   1.97e-01   1.97e-01   4.63e-04   5.99e-06   8.31e-11   8.39e-10   8.39e-10   0.00e+00   0.00e+00   
2.37137e+04  8.80e-17   6.04e-01   1.98e-01   1.98e-01   4.20e-04   5.99e-06   7.54e-11   8.37e-10   8.37e-10   0.00e+00   0.00e+00   
2.73842e+04  9.05e-17   6.04e-01   1.98e-01   1.98e-01   3.83e-04   5.99e-06   6.88e-11   8.37e-10   8.37e-10   0.00e+00   0.00e+00   
3.16228e+04  9.46e-17   6.04e-01   1.98e-01   1.98e-01   3.51e-04   5.99e-06   6.31e-11   8.38e-10   8.38e-10   0.00e+00   0.00e+00   
3.65174e+04  9.98e-17   6.05e-01   1.97e-01   1.97e-01   3.24e-04   5.99e-06   5.82e-11   8.38e-10   8.38e-10   0.00e+00   0.00e+00   
4.21697e+04  1.05e-16   6.05e-01   1.97e-01   1.97e-01   3.00e-04   5.99e-06   5.39e-11   8.37e-10   8.37e-10   0.00e+00   0.00e+00   
4.86968e+04  1.10e-16   6.05e-01   1.98e-01   1.98e-01   2.80e-04   5.99e-06   5.03e-11   8.38e-10   8.38e-10   0.00e+00   0.00e+00   
5.62341e+04  1.12e-16   6.04e-01   1.98e-01   1.98e-01   2.64e-04   5.99e-06   4.73e-11   8.38e-10   8.38e-10   0.00e+00   0.00e+00   
6.49382e+04  1.12e-16   6.05e-01   1.97e-01   1.97e-01   2.49e-04   6.00e-06   4.48e-11   8.38e-10   8.38e-10   0.00e+00   0.00e+00   
7.49894e+04  1.07e-16   6.05e-01   1.97e-01   1.97e-01   2.38e-04   5.99e-06   4.26e-11   8.38e-10   8.38e-10   0.00e+00   0.00e+00   
8.65964e+04  9.78e-17   6.05e-01   1.97e-01   1.97e-01   2.28e-04   6.00e-06   4.10e-11   8.38e-10   8.38e-10   0.00e+00   0.00e+00   
1.00000e+05  8.50e-17   6.05e-01   1.98e-01   1.98e-01   2.20e-04   6.00e-06   3.95e-11   8.37e-10   8.37e-10   0.00e+00   0.00e+00   
1.15478e+05  6.94e-17   6.05e-01   1.97e-01   1.97e-01   2.13e-04   5.99e-06   3.85e-11   8.38e-10   8.38e-10   0.00e+00   0.00e+00   
1.33352e+05  5.31e-17   6.04e-01   1.98e-01   1.98e-01   2.09e-04   5.99e-06   3.77e-11   8.38e-10   8.38e-10   0.00e+00   0.00e+00   
1.53993e+05  3.80e-17   6.05e-01   1.97e-01   1.97e-01   2.06e-04   6.00e-06   3.71e-11   8.39e-10   8.39e-10   0.00e+00   0.00e+00   
1.77828e+05  2.56e-17   6.06e-01   1.97e-01   1.97e-01   2.02e-04   5.98e-06   3.63e-11   8.36e-10   8.36e-10   0.00e+00   0.00e+00   
2.05353e+05  1.44e-17   6.05e-01   1.97e-01   1.97e-01   1.99e-04   6.00e-06   3.59e-11   8.38e-10   8.38e-10   0.00e+00   0.00e+00   
2.37137e+05  2.51e-18   6.05e-01   1.97e-01   1.97e-01   1.96e-04   6.01e-06   3.52e-11   8.40e-10   8.40e-10   0.00e+00   0.00e+00   
2.73842e+05  1.29e-18   6.05e-01   1.97e-01   1.97e-01   1.94e-04   6.00e-06   3.48e-11   8.36e-10   8.36e-10   0.00e+00   0.00e+00   
3.16228e+05  1.12e-18   6.05e-01   1.97e-01   1.97e-01   1.92e-04   6.00e-06   3.46e-11   8.39e-10   8.39e-10   0.00e+00   0.00e+00   
3.65174e+05  1.02e-18   6.05e-01   1.98e-01   1.98e-01   1.91e-04   6.00e-06   3.43e-11   8.38e-10   8.38e-10   0.00e+00   0.00e+00   
4.21697e+05  9.28e-19   6.05e-01   1.97e-01   1.97e-01   1.91e-04   6.01e-06   3.43e-11   8.40e-10   8.40e-10   0.00e+00   0.00e+00   
4.86968e+05  8.49e-19   6.04e-01   1.98e-01   1.98e-01   1.88e-04   5.99e-06   3.40e-11   8.38e-10   8.38e-10   0.00e+00   0.00e+00   
5.62341e+05  7.85e-19   6.05e-01   1.97e-01   1.97e-01   1.88e-04   6.01e-06   3.39e-11   8.39e-10   8.39e-10   0.00e+00   0.00e+00   
6.49382e+05  7.49e-19   6.05e-01   1.98e-01   1.98e-01   1.87e-04   5.99e-06   3.36e-11   8.38e-10   8.38e-10   0.00e+00   0.00e+00   
7.49894e+05  7.56e-19   6.06e-01   1.97e-01   1.97e-01   1.86e-04   6.00e-06   3.35e-11   8.40e-10   8.40e-10   0.00e+00   0.00e+00   
8.65964e+05  1.69e-17   6.05e-01   1.97e-01   1.97e-01   1.90e-04   5.99e-06   3.43e-11   8.42e-10   8.42e-10   0.00e+00   0.00e+00   
1.00000e+06  1.36e-17   6.05e-01   1.97e-01   1.97e-01   1.96e-04   6.00e-06   3.53e-11   8.37e-10   8.37e-10   0.00e+00   0.00e+00   
1.15478e+06  1.02e-18   6.05e-01   1.97e-01   1.97e-01   1.90e-04   6.00e-06   3.42e-11   8.39e-10   8.39e-10   0.00e+00   0.00e+00   
1.33352e+06  8.14e-19   6.04e-01   1.98e-01   1.98e-01   1.88e-04   5.99e-06   3.38e-11   8.39e-10   8.39e-10   0.00e+00   0.00e+00   
1.53993e+06  8.24e-19   6.04e-01   1.98e-01   1.98e-01   1.86e-04   5.99e-06   3.34e-11   8.38e-10   8.38e-10   0.00e+00   0.00e+00   
1.77828e+06  4.02e-18   6.05e-01   1.97e-01   1.97e-01   1.94e-04   6.00e-06   3.49e-11   8.39e-10   8.39e-10   0.00e+00   0.00e+00   
2.05353e+06  8.40e-19   6.05e-01   1.98e-01   1.98e-01   1.88e-04   6.00e-06   3.38e-11   8.39e-10   8.39e-10   0.00e+00   0.00e+00   
2.37137e+06  2.14e-17   6.04e-01   1.98e-01   1.98e-01   1.94e-04   5.99e-06   3.48e-11   8.43e-10   8.43e-10   0.00e+00   0.00e+00   
2.73842e+06  8.92e-19   6.05e-01   1.97e-01   1.97e-01   1.88e-04   6.00e-06   3.40e-11   8.40e-10   8.40e-10   0.00e+00   0.00e+00   
3.16228e+06  2.06e-17   6.05e-01   1.97e-01   1.97e-01   1.96e-04   6.01e-06   3.53e-11   8.38e-10   8.38e-10   0.00e+00   0.00e+00   
3.65174e+06  7.90e-19   6.05e-01   1.97e-01   1.97e-01   1.86e-04   6.00e-06   3.35e-11   8.39e-10   8.39e-10   0.00e+00   0.00e+00   
4.21697e+06  8.87e-19   6.05e-01   1.97e-01   1.97e-01   1.88e-04   6.00e-06   3.39e-11   8.39e-10   8.39e-10   0.00e+00   0.00e+00   
4.86968e+06  9.97e-19   6.05e-01   1.98e-01   1.98e-01   1.90e-04   6.00e-06   3.41e-11   8.38e-10   8.38e-10   0.00e+00   0.00e+00   
5.62341e+06  9.68e-19   6.05e-01   1.97e-01   1.97e-01   1.90e-04   6.00e-06   3.42e-11   8.40e-10   8.40e-10   0.00e+00   0.00e+00   
6.49382e+06  8.29e-19   6.04e-01   1.98e-01   1.98e-01   1.87e-04   5.99e-06   3.38e-11   8.38e-10   8.38e-10   0.00e+00   0.00e+00   
7.49894e+06  1.60e-17   6.05e-01   1.98e-01   1.98e-01   1.89e-04   6.00e-06   3.41e-11   8.35e-10   8.35e-10   0.00e+00   0.00e+00   
8.65964e+06  8.61e-19   6.05e-01   1.97e-01   1.97e-01   1.88e-04   6.00e-06   3.39e-11   8.40e-10   8.40e-10   0.00e+00   0.00e+00   
1.00000e+07  1.03e-18   6.05e-01   1.97e-01   1.97e-01   1.91e-04   6.00e-06   3.43e-11   8.39e-10   8.39e-10   0.00e+00   0.00e+00   
1.15478e+07  9.21e-19   6.05e-01   1.98e-01   1.98e-01   1.89e-04   5.99e-06   3.40e-11   8.38e-10   8.38e-10   0.00e+00   0.00e+00   
1.33352e+07  8.65e-19   6.05e-01   1.98e-01   1.98e-01   1.85e-04   6.00e-06   3.33e-11   8.39e-10   8.39e-10   0.00e+00   0.00e+00   
1.53993e+07  7.95e-19   6.05e-01   1.97e-01   1.97e-01   1.86e-04   6.00e-06   3.36e-11   8.39e-10   8.39e-10   0.00e+00   0.00e+00   
1.77828e+07  2.66e-18   6.05e-01   1.98e-01   1.98e-01   1.86e-04   6.01e-06   3.34e-11   8.41e-10   8.41e-10   0.00e+00   0.00e+00   
2.05353e+07  8.00e-19   6.05e-01   1.97e-01   1.97e-01   1.87e-04   6.00e-06   3.36e-11   8.39e-10   8.39e-10   0.00e+00   0.00e+00   
2.37137e+07  2.10e-17   6.05e-01   1.98e-01   1.98e-01   1.93e-04   6.00e-06   3.48e-11   8.38e-10   8.38e-10   0.00e+00   0.00e+00   
2.73842e+07  1.93e-17   6.05e-01   1.97e-01   1.97e-01   1.92e-04   6.00e-06   3.45e-11   8.37e-10   8.37e-10   0.00e+00   0.00e+00   
