! 0       *H + *H -> *H2
! 1       *H + *CO -> *HCO
! 2       *H + *HCO -> *CO + *H2
! 3       *H + *HCO -> *H2CO
! 4       *H + *H2CO -> *HCO + *H2
! 5       *H + *NO -> *HNO
! 6       *H + *HNO -> *NO + *H2
! 7       *H + *OH -> *H2O
! 8       *H + *O -> *OH
! 9       *H + *CH2 -> *CH3
! 10      *H + *CH3 -> *CH4
! 11      *H + *NH2 -> *NH3
! 12      *H + *C -> *CH
! 13      *H + *CH -> *CH2
! 14      *H + *NH -> *NH2
! 15      *H + *N -> *NH
!            tot_rate   0          1          2          3          4          5          6          7          8          9          10         11         12         13         14         15         
1.00000e+00  1.90e-13   1.04e-15   2.57e-12   7.42e-05   7.32e-05   5.48e-12   2.30e-01   1.52e-09   6.05e-03   7.53e-01   2.13e-08   4.11e-08   2.15e-13   9.53e-09   7.11e-12   5.58e-15   4.58e-07   
1.15478e+00  2.22e-13   9.18e-16   2.99e-12   8.32e-05   8.23e-05   6.25e-12   2.30e-01   1.77e-09   7.06e-03   7.51e-01   1.82e-08   4.01e-08   1.69e-13   8.28e-09   5.94e-12   1.99e-15   3.45e-07   
1.33352e+00  2.59e-13   8.01e-16   3.46e-12   9.28e-05   9.21e-05   7.16e-12   2.30e-01   2.08e-09   8.24e-03   7.50e-01   1.55e-08   3.87e-08   1.32e-13   7.19e-09   4.91e-12   0.00e+00   2.60e-07   
1.53993e+00  3.07e-13   7.14e-16   4.01e-12   1.03e-04   1.02e-04   8.18e-12   2.29e-01   2.43e-09   9.65e-03   7.49e-01   1.31e-08   3.71e-08   1.02e-13   6.26e-09   4.01e-12   2.17e-15   1.95e-07   
1.77828e+00  3.61e-13   6.32e-16   4.63e-12   1.14e-04   1.13e-04   9.34e-12   2.29e-01   2.85e-09   1.13e-02   7.48e-01   1.11e-08   3.55e-08   7.92e-14   5.46e-09   3.30e-12   3.02e-15   1.47e-07   
2.05353e+00  4.25e-13   5.58e-16   5.37e-12   1.25e-04   1.24e-04   1.06e-11   2.29e-01   3.34e-09   1.32e-02   7.46e-01   9.37e-09   3.39e-08   6.12e-14   4.76e-09   2.66e-12   4.07e-15   1.11e-07   
2.37137e+00  5.01e-13   4.95e-16   6.19e-12   1.38e-04   1.36e-04   1.20e-11   2.28e-01   3.93e-09   1.54e-02   7.45e-01   7.85e-09   3.23e-08   4.75e-14   4.13e-09   2.16e-12   5.51e-15   8.37e-08   
2.73842e+00  5.91e-13   4.42e-16   7.12e-12   1.50e-04   1.48e-04   1.36e-11   2.27e-01   4.64e-09   1.79e-02   7.43e-01   6.55e-09   3.08e-08   3.72e-14   3.60e-09   1.73e-12   7.48e-15   6.31e-08   
3.16228e+00  7.00e-13   3.92e-16   8.14e-12   1.61e-04   1.60e-04   1.53e-11   2.26e-01   5.44e-09   2.10e-02   7.40e-01   5.42e-09   2.93e-08   2.93e-14   3.13e-09   1.38e-12   1.01e-14   4.77e-08   
3.65174e+00  8.30e-13   3.50e-16   9.27e-12   1.74e-04   1.72e-04   1.71e-11   2.25e-01   6.41e-09   2.45e-02   7.37e-01   4.45e-09   2.76e-08   2.34e-14   2.72e-09   1.09e-12   1.36e-14   3.60e-08   
4.21697e+00  9.85e-13   3.14e-16   1.05e-11   1.86e-04   1.84e-04   1.91e-11   2.24e-01   7.57e-09   2.84e-02   7.33e-01   3.63e-09   2.61e-08   1.91e-14   2.38e-09   8.62e-13   1.83e-14   2.73e-08   
4.86968e+00  1.17e-12   2.82e-16   1.16e-11   1.97e-04   1.95e-04   2.12e-11   2.23e-01   8.96e-09   3.28e-02   7.29e-01   2.95e-09   2.45e-08   1.57e-14   2.07e-09   6.78e-13   2.85e-14   2.07e-08   
5.62341e+00  1.39e-12   2.55e-16   1.26e-11   2.09e-04   2.06e-04   2.35e-11   2.22e-01   1.07e-08   3.79e-02   7.24e-01   2.39e-09   2.30e-08   1.33e-14   1.81e-09   5.34e-13   3.18e-14   1.59e-08   
6.49382e+00  1.67e-12   2.32e-16   1.32e-11   2.18e-04   2.16e-04   2.58e-11   2.20e-01   1.27e-08   4.33e-02   7.19e-01   1.91e-09   2.16e-08   1.13e-14   1.58e-09   4.18e-13   4.05e-14   1.22e-08   
7.49894e+00  2.00e-12   2.10e-16   1.32e-11   2.27e-04   2.25e-04   2.82e-11   2.17e-01   1.51e-08   4.90e-02   7.14e-01   1.52e-09   2.01e-08   9.88e-15   1.38e-09   3.27e-13   4.98e-14   9.28e-09   
8.65964e+00  2.39e-12   1.91e-16   1.25e-11   2.35e-04   2.33e-04   3.08e-11   2.15e-01   1.80e-08   5.52e-02   7.07e-01   1.21e-09   1.88e-08   8.87e-15   1.21e-09   2.57e-13   5.90e-14   7.16e-09   
1.00000e+01  2.83e-12   1.74e-16   1.11e-11   2.43e-04   2.40e-04   3.36e-11   2.12e-01   2.16e-08   6.19e-02   7.00e-01   9.58e-10   1.76e-08   8.17e-15   1.06e-09   2.03e-13   6.65e-14   5.52e-09   
1.15478e+01  3.31e-12   1.57e-16   9.23e-12   2.50e-04   2.48e-04   3.65e-11   2.09e-01   2.58e-08   6.97e-02   6.91e-01   7.66e-10   1.65e-08   7.81e-15   9.38e-10   1.62e-13   7.12e-14   4.31e-09   
1.33352e+01  3.87e-12   1.42e-16   7.28e-12   2.56e-04   2.53e-04   3.98e-11   2.05e-01   3.07e-08   7.85e-02   6.82e-01   6.09e-10   1.54e-08   7.69e-15   8.29e-10   1.29e-13   7.26e-14   3.38e-09   
1.53993e+01  4.50e-12   1.29e-16   5.64e-12   2.60e-04   2.58e-04   4.33e-11   2.01e-01   3.64e-08   8.87e-02   6.71e-01   4.89e-10   1.45e-08   7.87e-15   7.35e-10   1.04e-13   7.13e-14   2.67e-09   
1.77828e+01  5.24e-12   1.17e-16   4.37e-12   2.65e-04   2.62e-04   4.72e-11   1.97e-01   4.32e-08   1.01e-01   6.59e-01   3.95e-10   1.36e-08   8.29e-15   6.55e-10   8.50e-14   6.88e-14   2.12e-09   
2.05353e+01  6.09e-12   1.08e-16   3.43e-12   2.68e-04   2.64e-04   5.15e-11   1.92e-01   5.12e-08   1.14e-01   6.45e-01   3.23e-10   1.29e-08   8.98e-15   5.86e-10   6.99e-14   6.58e-14   1.71e-09   
2.37137e+01  7.08e-12   1.01e-16   2.74e-12   2.70e-04   2.67e-04   5.67e-11   1.85e-01   6.08e-08   1.29e-01   6.32e-01   2.68e-10   1.24e-08   9.97e-15   5.28e-10   5.86e-14   6.34e-14   1.40e-09   
2.73842e+01  8.23e-12   9.48e-17   2.24e-12   2.71e-04   2.69e-04   6.29e-11   1.80e-01   7.22e-08   1.46e-01   6.15e-01   2.27e-10   1.22e-08   1.13e-14   4.82e-10   4.98e-14   6.20e-14   1.16e-09   
3.16228e+01  9.57e-12   9.10e-17   1.85e-12   2.72e-04   2.69e-04   7.05e-11   1.72e-01   8.61e-08   1.64e-01   5.98e-01   1.96e-10   1.23e-08   1.29e-14   4.46e-10   4.34e-14   6.17e-14   9.86e-10   
3.65174e+01  1.11e-11   8.95e-17   1.58e-12   2.71e-04   2.68e-04   8.05e-11   1.65e-01   1.03e-07   1.84e-01   5.78e-01   1.76e-10   1.29e-08   1.50e-14   4.22e-10   3.87e-14   6.29e-14   8.59e-10   
4.21697e+01  1.29e-11   9.05e-17   1.41e-12   2.69e-04   2.66e-04   9.36e-11   1.58e-01   1.26e-07   2.05e-01   5.58e-01   1.64e-10   1.40e-08   1.79e-14   4.10e-10   3.56e-14   6.68e-14   7.74e-10   
4.86968e+01  1.50e-11   9.67e-17   1.31e-12   2.66e-04   2.63e-04   1.12e-10   1.49e-01   1.57e-07   2.27e-01   5.36e-01   1.61e-10   1.64e-08   2.20e-14   4.17e-10   3.42e-14   7.47e-14   7.34e-10   
5.62341e+01  1.74e-11   1.09e-16   1.32e-12   2.61e-04   2.58e-04   1.39e-10   1.41e-01   2.00e-07   2.50e-01   5.14e-01   1.71e-10   2.09e-08   2.86e-14   4.51e-10   3.46e-14   8.97e-14   7.48e-10   
6.49382e+01  2.01e-11   1.37e-16   1.47e-12   2.52e-04   2.50e-04   1.84e-10   1.32e-01   2.67e-07   2.74e-01   4.90e-01   2.03e-10   3.04e-08   4.08e-14   5.36e-10   3.79e-14   1.20e-13   8.39e-10   
7.49894e+01  2.34e-11   2.06e-16   1.97e-12   2.36e-04   2.34e-04   2.65e-10   1.22e-01   3.88e-07   2.97e-01   4.67e-01   2.83e-10   5.40e-08   6.89e-14   7.67e-10   4.67e-14   1.93e-13   1.13e-09   
8.65964e+01  2.69e-11   4.57e-16   3.90e-12   2.03e-04   2.01e-04   4.64e-10   1.12e-01   6.80e-07   3.20e-01   4.42e-01   5.38e-10   1.39e-07   1.69e-13   1.60e-09   7.35e-14   4.60e-13   2.25e-09   
1.00000e+02  3.09e-11   4.11e-15   3.00e-11   1.11e-04   1.10e-04   1.60e-09   1.02e-01   2.39e-06   3.43e-01   4.18e-01   2.51e-09   9.88e-07   1.71e-12   1.35e-08   2.48e-13   4.47e-12   1.86e-08   
1.15478e+02  3.23e-11   4.08e-08   1.05e-06   1.05e-05   1.05e-05   5.13e-06   1.35e-01   8.38e-03   3.09e-01   3.34e-01   8.01e-04   4.79e-02   2.17e-04   6.12e-02   7.79e-08   2.50e-04   5.35e-02   
1.33352e+02  3.70e-11   6.83e-08   2.64e-06   1.10e-05   1.09e-05   6.24e-06   1.51e-01   1.07e-02   2.92e-01   3.08e-01   1.24e-03   6.05e-02   3.89e-04   7.26e-02   1.22e-07   4.29e-04   5.56e-02   
1.53993e+02  4.23e-11   1.23e-07   4.85e-06   1.21e-05   1.19e-05   7.90e-06   1.68e-01   1.40e-02   2.74e-01   2.84e-01   1.94e-03   7.29e-02   7.22e-04   8.28e-02   1.91e-07   7.69e-04   5.61e-02   
1.77828e+02  4.80e-11   2.71e-07   8.56e-06   1.47e-05   1.45e-05   1.10e-05   1.86e-01   1.99e-02   2.56e-01   2.62e-01   3.23e-03   8.43e-02   1.57e-03   9.12e-02   3.23e-07   1.63e-03   5.54e-02   
2.05353e+02  5.44e-11   8.41e-07   1.66e-05   2.15e-05   2.13e-05   1.83e-05   2.02e-01   3.33e-02   2.39e-01   2.41e-01   6.05e-03   9.14e-02   4.45e-03   9.53e-02   6.22e-07   4.53e-03   5.35e-02   
2.37137e+02  6.14e-11   2.57e-06   3.11e-05   3.40e-05   3.37e-05   3.03e-05   2.17e-01   5.44e-02   2.20e-01   2.21e-01   1.04e-02   9.10e-02   1.08e-02   9.31e-02   1.13e-06   1.09e-02   5.00e-02   
2.73842e+02  6.90e-11   6.00e-06   5.11e-05   5.05e-05   5.00e-05   4.40e-05   2.27e-01   7.63e-02   2.01e-01   2.01e-01   1.54e-02   8.75e-02   1.80e-02   8.89e-02   1.80e-06   1.82e-02   4.63e-02   
3.16228e+02  7.76e-11   1.25e-05   8.08e-05   7.36e-05   7.30e-05   6.15e-05   2.37e-01   9.94e-02   1.83e-01   1.83e-01   2.11e-02   8.30e-02   2.44e-02   8.37e-02   2.72e-06   2.45e-02   4.29e-02   
3.65174e+02  8.74e-11   2.54e-05   1.27e-04   1.10e-04   1.09e-04   8.76e-05   2.47e-01   1.25e-01   1.66e-01   1.66e-01   2.75e-02   7.76e-02   2.85e-02   7.78e-02   4.06e-06   2.87e-02   3.94e-02   
4.21697e+02  9.87e-11   5.13e-05   2.03e-04   1.70e-04   1.68e-04   1.33e-04   2.58e-01   1.53e-01   1.50e-01   1.49e-01   3.40e-02   7.17e-02   3.02e-02   7.15e-02   6.11e-06   3.04e-02   3.60e-02   
4.86968e+02  1.12e-10   1.05e-04   3.29e-04   2.77e-04   2.75e-04   2.22e-04   2.70e-01   1.83e-01   1.35e-01   1.34e-01   3.96e-02   6.54e-02   2.99e-02   6.48e-02   9.40e-06   3.01e-02   3.27e-02   
5.62341e+02  1.27e-10   2.22e-04   5.53e-04   4.83e-04   4.79e-04   4.10e-04   2.83e-01   2.12e-01   1.22e-01   1.20e-01   4.35e-02   5.90e-02   2.84e-02   5.81e-02   1.53e-05   2.85e-02   2.95e-02   
6.49382e+02  1.45e-10   5.42e-04   1.01e-03   9.20e-04   9.13e-04   8.30e-04   2.97e-01   2.41e-01   1.09e-01   1.07e-01   4.53e-02   5.26e-02   2.64e-02   5.15e-02   2.91e-05   2.64e-02   2.67e-02   
7.49894e+02  1.65e-10   1.96e-03   2.27e-03   2.15e-03   2.13e-03   2.02e-03   3.09e-01   2.65e-01   9.83e-02   9.59e-02   4.46e-02   4.65e-02   2.43e-02   4.53e-02   8.31e-05   2.42e-02   2.41e-02   
8.65964e+02  1.81e-10   4.22e-02   1.30e-02   1.26e-02   1.24e-02   1.21e-02   2.78e-01   2.41e-01   9.12e-02   8.90e-02   4.26e-02   4.24e-02   2.30e-02   4.09e-02   1.69e-03   2.28e-02   2.25e-02   
1.00000e+03  1.62e-10   3.23e-01   4.87e-02   4.71e-02   4.66e-02   4.55e-02   3.39e-03   2.19e-03   1.04e-01   1.01e-01   4.67e-02   4.63e-02   2.65e-02   4.46e-02   4.31e-02   2.63e-02   2.58e-02   
1.15478e+03  1.83e-10   3.31e-01   6.01e-02   5.84e-02   5.73e-02   5.62e-02   3.64e-03   2.48e-03   9.39e-02   9.01e-02   4.04e-02   4.01e-02   2.43e-02   3.81e-02   3.67e-02   2.40e-02   2.33e-02   
1.33352e+03  2.08e-10   3.30e-01   7.36e-02   7.12e-02   7.08e-02   6.88e-02   4.04e-03   2.90e-03   8.38e-02   7.94e-02   3.43e-02   3.40e-02   2.21e-02   3.19e-02   3.05e-02   2.17e-02   2.10e-02   
1.53993e+03  2.37e-10   3.17e-01   8.92e-02   8.62e-02   8.54e-02   8.37e-02   4.69e-03   3.52e-03   7.44e-02   6.97e-02   2.83e-02   2.81e-02   2.00e-02   2.57e-02   2.44e-02   1.95e-02   1.87e-02   
1.77828e+03  2.70e-10   2.97e-01   1.06e-01   1.03e-01   1.02e-01   9.98e-02   6.01e-03   4.71e-03   6.49e-02   6.01e-02   2.22e-02   2.21e-02   1.80e-02   1.96e-02   1.82e-02   1.74e-02   1.65e-02   
2.05353e+03  3.07e-10   2.69e-01   1.25e-01   1.21e-01   1.20e-01   1.17e-01   8.86e-03   7.46e-03   5.61e-02   5.05e-02   1.53e-02   1.53e-02   1.59e-02   1.27e-02   1.12e-02   1.53e-02   1.44e-02   
2.37137e+03  3.49e-10   2.34e-01   1.44e-01   1.39e-01   1.38e-01   1.35e-01   1.57e-02   1.45e-02   4.73e-02   4.13e-02   8.03e-03   8.08e-03   1.38e-02   5.47e-03   4.27e-03   1.32e-02   1.21e-02   
2.73842e+03  3.97e-10   1.92e-01   1.57e-01   1.53e-01   1.51e-01   1.48e-01   2.87e-02   2.80e-02   3.98e-02   3.27e-02   3.80e-03   3.93e-03   1.14e-02   1.53e-03   9.14e-04   1.07e-02   9.62e-03   
3.16228e+03  4.49e-10   1.56e-01   1.67e-01   1.62e-01   1.60e-01   1.57e-01   3.92e-02   3.87e-02   3.38e-02   2.63e-02   2.60e-03   2.78e-03   9.10e-03   6.30e-04   3.00e-04   8.34e-03   7.19e-03   
3.65174e+03  5.03e-10   1.33e-01   1.75e-01   1.70e-01   1.68e-01   1.65e-01   4.18e-02   4.16e-02   2.96e-02   2.15e-02   2.17e-03   2.41e-03   7.16e-03   4.60e-04   1.95e-04   6.39e-03   5.19e-03   
4.21697e+03  5.58e-10   1.17e-01   1.83e-01   1.77e-01   1.76e-01   1.72e-01   4.05e-02   4.02e-02   2.64e-02   1.81e-02   1.90e-03   2.21e-03   5.70e-03   3.93e-04   1.61e-04   4.91e-03   3.71e-03   
4.86968e+03  6.14e-10   1.07e-01   1.89e-01   1.84e-01   1.82e-01   1.77e-01   3.74e-02   3.73e-02   2.39e-02   1.55e-02   1.71e-03   2.07e-03   4.67e-03   3.53e-04   1.47e-04   3.87e-03   2.70e-03   
5.62341e+03  6.73e-10   9.98e-02   1.95e-01   1.89e-01   1.87e-01   1.83e-01   3.39e-02   3.36e-02   2.21e-02   1.35e-02   1.56e-03   2.01e-03   3.98e-03   3.28e-04   1.44e-04   3.19e-03   2.03e-03   
6.49382e+03  7.32e-10   9.64e-02   1.98e-01   1.93e-01   1.91e-01   1.87e-01   3.02e-02   2.99e-02   2.06e-02   1.20e-02   1.46e-03   1.99e-03   3.54e-03   3.11e-04   1.49e-04   2.77e-03   1.64e-03   
7.49894e+03  7.91e-10   9.59e-02   2.01e-01   1.96e-01   1.93e-01   1.90e-01   2.67e-02   2.64e-02   1.96e-02   1.09e-02   1.42e-03   2.05e-03   3.27e-03   3.01e-04   1.59e-04   2.51e-03   1.39e-03   
8.65964e+03  8.50e-10   9.83e-02   2.02e-01   1.97e-01   1.95e-01   1.92e-01   2.35e-02   2.34e-02   1.88e-02   9.97e-03   1.40e-03   2.13e-03   3.12e-03   2.94e-04   1.75e-04   2.37e-03   1.25e-03   
1.00000e+04  9.04e-10   1.04e-01   2.02e-01   1.97e-01   1.96e-01   1.92e-01   2.10e-02   2.08e-02   1.84e-02   9.25e-03   1.43e-03   2.28e-03   3.04e-03   2.90e-04   1.96e-04   2.28e-03   1.16e-03   
1.15478e+04  9.52e-10   1.13e-01   2.02e-01   1.96e-01   1.94e-01   1.91e-01   1.88e-02   1.87e-02   1.81e-02   8.68e-03   1.50e-03   2.47e-03   3.01e-03   2.88e-04   2.22e-04   2.24e-03   1.09e-03   
1.33352e+04  9.91e-10   1.28e-01   1.99e-01   1.94e-01   1.92e-01   1.89e-01   1.72e-02   1.70e-02   1.82e-02   8.23e-03   1.63e-03   2.72e-03   3.04e-03   2.88e-04   2.51e-04   2.24e-03   1.05e-03   
1.53993e+04  1.02e-09   1.48e-01   1.94e-01   1.89e-01   1.87e-01   1.84e-01   1.58e-02   1.57e-02   1.84e-02   7.91e-03   1.83e-03   3.03e-03   3.11e-03   2.87e-04   2.82e-04   2.27e-03   1.01e-03   
1.77828e+04  1.04e-09   1.73e-01   1.88e-01   1.83e-01   1.81e-01   1.79e-01   1.49e-02   1.47e-02   1.91e-02   7.67e-03   2.07e-03   3.39e-03   3.22e-03   2.85e-04   3.08e-04   2.31e-03   9.73e-04   
2.05353e+04  1.04e-09   2.02e-01   1.80e-01   1.76e-01   1.74e-01   1.72e-01   1.44e-02   1.43e-02   1.99e-02   7.53e-03   2.41e-03   3.81e-03   3.37e-03   2.83e-04   3.32e-04   2.39e-03   9.36e-04   
2.37137e+04  1.04e-09   2.35e-01   1.71e-01   1.68e-01   1.66e-01   1.64e-01   1.41e-02   1.40e-02   2.11e-02   7.49e-03   2.80e-03   4.29e-03   3.57e-03   2.80e-04   3.50e-04   2.50e-03   8.95e-04   
2.73842e+04  1.02e-09   2.69e-01   1.62e-01   1.58e-01   1.57e-01   1.55e-01   1.39e-02   1.38e-02   2.24e-02   7.52e-03   3.29e-03   4.80e-03   3.82e-03   2.81e-04   3.65e-04   2.63e-03   8.53e-04   
3.16228e+04  1.00e-09   3.07e-01   1.51e-01   1.48e-01   1.47e-01   1.45e-01   1.36e-02   1.35e-02   2.41e-02   7.64e-03   3.85e-03   5.37e-03   4.11e-03   2.85e-04   3.78e-04   2.79e-03   8.16e-04   
3.65174e+04  9.79e-10   3.46e-01   1.41e-01   1.38e-01   1.37e-01   1.35e-01   1.32e-02   1.31e-02   2.59e-02   7.85e-03   4.48e-03   5.96e-03   4.47e-03   2.94e-04   3.92e-04   2.98e-03   7.81e-04   
4.21697e+04  9.50e-10   3.92e-01   1.28e-01   1.26e-01   1.24e-01   1.23e-01   1.26e-02   1.25e-02   2.80e-02   8.12e-03   5.16e-03   6.56e-03   4.89e-03   3.07e-04   4.06e-04   3.22e-03   7.51e-04   
4.86968e+04  9.17e-10   4.43e-01   1.15e-01   1.12e-01   1.11e-01   1.10e-01   1.18e-02   1.18e-02   3.03e-02   8.49e-03   5.87e-03   7.16e-03   5.38e-03   3.27e-04   4.23e-04   3.50e-03   7.23e-04   
5.62341e+04  8.87e-10   4.97e-01   9.99e-02   9.81e-02   9.71e-02   9.63e-02   1.07e-02   1.07e-02   3.27e-02   8.87e-03   6.54e-03   7.70e-03   5.91e-03   3.51e-04   4.40e-04   3.80e-03   6.93e-04   
6.49382e+04  8.57e-10   5.56e-01   8.42e-02   8.27e-02   8.19e-02   8.12e-02   9.45e-03   9.41e-03   3.51e-02   9.31e-03   7.15e-03   8.16e-03   6.50e-03   3.80e-04   4.60e-04   4.14e-03   6.65e-04   
7.49894e+04  8.33e-10   6.18e-01   6.81e-02   6.67e-02   6.61e-02   6.55e-02   7.93e-03   7.90e-03   3.73e-02   9.71e-03   7.63e-03   8.49e-03   7.12e-03   4.14e-04   4.83e-04   4.50e-03   6.34e-04   
8.65964e+04  8.14e-10   6.78e-01   5.25e-02   5.15e-02   5.10e-02   5.05e-02   6.25e-03   6.24e-03   3.93e-02   1.01e-02   7.96e-03   8.65e-03   7.74e-03   4.55e-04   5.14e-04   4.85e-03   6.01e-04   
1.00000e+05  8.01e-10   7.33e-01   3.84e-02   3.78e-02   3.74e-02   3.71e-02   4.54e-03   4.53e-03   4.08e-02   1.03e-02   8.11e-03   8.65e-03   8.35e-03   5.05e-04   5.54e-04   5.20e-03   5.65e-04   
1.15478e+05  7.95e-10   7.78e-01   2.69e-02   2.64e-02   2.62e-02   2.61e-02   2.97e-03   2.96e-03   4.18e-02   1.05e-02   8.13e-03   8.55e-03   8.92e-03   5.74e-04   6.13e-04   5.53e-03   5.24e-04   
1.33352e+05  7.94e-10   8.12e-01   1.84e-02   1.80e-02   1.79e-02   1.76e-02   1.71e-03   1.71e-03   4.23e-02   1.06e-02   8.08e-03   8.40e-03   9.40e-03   6.66e-04   6.99e-04   5.80e-03   4.73e-04   
1.53993e+05  7.98e-10   8.35e-01   1.25e-02   1.22e-02   1.21e-02   1.20e-02   8.81e-04   8.76e-04   4.24e-02   1.06e-02   8.11e-03   8.35e-03   9.82e-03   7.99e-04   8.24e-04   6.02e-03   4.17e-04   
1.77828e+05  8.04e-10   8.50e-01   8.61e-03   8.45e-03   8.36e-03   8.27e-03   4.03e-04   4.01e-04   4.23e-02   1.06e-02   8.38e-03   8.56e-03   1.01e-02   9.91e-04   1.01e-03   6.18e-03   3.59e-04   
2.05353e+05  8.13e-10   8.60e-01   5.51e-03   5.42e-03   5.35e-03   5.30e-03   1.20e-04   1.19e-04   4.20e-02   1.06e-02   9.32e-03   9.43e-03   1.04e-02   1.40e-03   1.42e-03   6.29e-03   3.10e-04   
2.37137e+05  8.24e-10   8.70e-01   2.73e-03   2.68e-03   2.66e-03   2.63e-03   2.10e-05   2.07e-05   4.15e-02   1.05e-02   1.11e-02   1.11e-02   1.05e-02   1.69e-03   1.69e-03   6.35e-03   2.66e-04   
2.73842e+05  8.24e-10   8.69e-01   2.54e-03   2.49e-03   2.46e-03   2.44e-03   1.72e-05   1.70e-05   4.15e-02   1.05e-02   1.23e-02   1.23e-02   1.07e-02   1.75e-03   1.75e-03   6.45e-03   2.32e-04   
3.16228e+05  8.24e-10   8.68e-01   2.54e-03   2.48e-03   2.45e-03   2.43e-03   1.49e-05   1.48e-05   4.15e-02   1.05e-02   1.34e-02   1.34e-02   1.08e-02   1.86e-03   1.85e-03   6.52e-03   2.10e-04   
3.65174e+05  8.23e-10   8.67e-01   2.55e-03   2.50e-03   2.48e-03   2.46e-03   1.36e-05   1.34e-05   4.16e-02   1.05e-02   1.45e-02   1.45e-02   1.09e-02   1.97e-03   1.96e-03   6.58e-03   1.97e-04   
4.21697e+05  8.23e-10   8.65e-01   2.58e-03   2.53e-03   2.50e-03   2.47e-03   1.26e-05   1.25e-05   4.16e-02   1.05e-02   1.56e-02   1.56e-02   1.10e-02   2.07e-03   2.05e-03   6.60e-03   1.90e-04   
4.86968e+05  8.23e-10   8.64e-01   2.60e-03   2.54e-03   2.52e-03   2.49e-03   1.21e-05   1.19e-05   4.16e-02   1.05e-02   1.66e-02   1.65e-02   1.10e-02   2.18e-03   2.15e-03   6.62e-03   1.86e-04   
5.62341e+05  8.22e-10   8.63e-01   2.62e-03   2.57e-03   2.54e-03   2.52e-03   1.18e-05   1.16e-05   4.16e-02   1.05e-02   1.76e-02   1.76e-02   1.10e-02   2.28e-03   2.25e-03   6.66e-03   1.84e-04   
6.49382e+05  8.22e-10   8.61e-01   2.65e-03   2.59e-03   2.57e-03   2.54e-03   1.16e-05   1.14e-05   4.16e-02   1.05e-02   1.86e-02   1.86e-02   1.11e-02   2.36e-03   2.35e-03   6.67e-03   1.84e-04   
7.49894e+05  8.22e-10   8.60e-01   2.69e-03   2.63e-03   2.60e-03   2.57e-03   1.18e-05   1.16e-05   4.16e-02   1.05e-02   1.96e-02   1.95e-02   1.11e-02   2.45e-03   2.42e-03   6.68e-03   1.84e-04   
8.65964e+05  7.96e-10   8.48e-01   7.06e-03   6.91e-03   6.84e-03   6.75e-03   3.04e-04   3.01e-04   4.28e-02   1.06e-02   1.57e-02   1.58e-02   1.14e-02   7.66e-04   7.71e-04   6.88e-03   1.62e-04   
1.00000e+06  8.11e-10   8.59e-01   5.50e-03   5.39e-03   5.34e-03   5.28e-03   1.05e-04   1.05e-04   4.21e-02   1.05e-02   1.03e-02   1.04e-02   1.12e-02   1.26e-03   1.26e-03   6.73e-03   1.80e-04   
1.15478e+06  8.23e-10   8.66e-01   2.57e-03   2.51e-03   2.49e-03   2.47e-03   1.28e-05   1.26e-05   4.15e-02   1.05e-02   1.48e-02   1.48e-02   1.11e-02   2.00e-03   1.99e-03   6.67e-03   1.83e-04   
1.33352e+06  8.22e-10   8.62e-01   2.63e-03   2.58e-03   2.55e-03   2.52e-03   1.18e-05   1.16e-05   4.16e-02   1.05e-02   1.78e-02   1.78e-02   1.11e-02   2.27e-03   2.26e-03   6.70e-03   1.84e-04   
1.53993e+06  8.21e-10   8.59e-01   2.71e-03   2.65e-03   2.63e-03   2.61e-03   1.23e-05   1.21e-05   4.16e-02   1.05e-02   1.97e-02   1.97e-02   1.12e-02   2.46e-03   2.45e-03   6.73e-03   1.84e-04   
1.77828e+06  8.24e-10   8.68e-01   2.89e-03   2.83e-03   2.80e-03   2.78e-03   1.50e-05   1.48e-05   4.15e-02   1.05e-02   1.17e-02   1.17e-02   1.11e-02   1.78e-03   1.78e-03   6.67e-03   1.84e-04   
2.05353e+06  8.22e-10   8.63e-01   2.63e-03   2.57e-03   2.54e-03   2.52e-03   1.19e-05   1.17e-05   4.16e-02   1.05e-02   1.74e-02   1.74e-02   1.12e-02   2.25e-03   2.24e-03   6.73e-03   1.84e-04   
2.37137e+06  7.95e-10   8.48e-01   7.59e-03   7.44e-03   7.37e-03   7.28e-03   3.21e-04   3.19e-04   4.28e-02   1.06e-02   1.35e-02   1.36e-02   1.15e-02   7.72e-04   7.82e-04   6.93e-03   1.65e-04   
2.73842e+06  8.22e-10   8.63e-01   2.61e-03   2.55e-03   2.53e-03   2.51e-03   1.21e-05   1.19e-05   4.16e-02   1.05e-02   1.67e-02   1.67e-02   1.12e-02   2.18e-03   2.16e-03   6.72e-03   1.84e-04   
3.16228e+06  8.02e-10   8.52e-01   7.13e-03   6.98e-03   6.92e-03   6.85e-03   2.29e-04   2.28e-04   4.25e-02   1.06e-02   1.07e-02   1.08e-02   1.14e-02   9.27e-04   9.39e-04   6.86e-03   1.73e-04   
3.65174e+06  8.23e-10   8.61e-01   2.66e-03   2.61e-03   2.58e-03   2.55e-03   1.18e-05   1.16e-05   4.16e-02   1.05e-02   1.88e-02   1.88e-02   1.12e-02   2.38e-03   2.37e-03   6.75e-03   1.84e-04   
4.21697e+06  8.22e-10   8.63e-01   2.61e-03   2.55e-03   2.53e-03   2.50e-03   1.20e-05   1.19e-05   4.16e-02   1.05e-02   1.68e-02   1.68e-02   1.12e-02   2.19e-03   2.18e-03   6.74e-03   1.84e-04   
4.86968e+06  8.23e-10   8.65e-01   2.59e-03   2.53e-03   2.50e-03   2.48e-03   1.26e-05   1.24e-05   4.16e-02   1.05e-02   1.53e-02   1.53e-02   1.12e-02   2.05e-03   2.03e-03   6.72e-03   1.83e-04   
5.62341e+06  8.22e-10   8.65e-01   2.59e-03   2.54e-03   2.52e-03   2.48e-03   1.24e-05   1.23e-05   4.16e-02   1.05e-02   1.57e-02   1.57e-02   1.12e-02   2.08e-03   2.07e-03   6.72e-03   1.84e-04   
6.49382e+06  8.22e-10   8.62e-01   2.64e-03   2.58e-03   2.55e-03   2.53e-03   1.18e-05   1.16e-05   4.16e-02   1.05e-02   1.78e-02   1.76e-02   1.12e-02   2.27e-03   2.26e-03   6.74e-03   1.84e-04   
7.49894e+06  7.97e-10   8.48e-01   6.92e-03   6.77e-03   6.71e-03   6.62e-03   2.96e-04   2.95e-04   4.28e-02   1.06e-02   1.59e-02   1.59e-02   1.15e-02   7.71e-04   7.76e-04   6.94e-03   1.63e-04   
8.65964e+06  8.23e-10   8.63e-01   2.61e-03   2.56e-03   2.54e-03   2.52e-03   1.19e-05   1.18e-05   4.16e-02   1.05e-02   1.71e-02   1.71e-02   1.12e-02   2.22e-03   2.21e-03   6.73e-03   1.84e-04   
1.00000e+07  8.23e-10   8.65e-01   2.58e-03   2.53e-03   2.50e-03   2.47e-03   1.28e-05   1.26e-05   4.16e-02   1.05e-02   1.50e-02   1.48e-02   1.12e-02   2.01e-03   1.99e-03   6.72e-03   1.84e-04   
1.15478e+07  8.23e-10   8.64e-01   2.60e-03   2.55e-03   2.53e-03   2.49e-03   1.22e-05   1.20e-05   4.16e-02   1.05e-02   1.63e-02   1.63e-02   1.12e-02   2.14e-03   2.13e-03   6.73e-03   1.83e-04   
1.33352e+07  8.22e-10   8.59e-01   2.73e-03   2.68e-03   2.65e-03   2.62e-03   1.27e-05   1.24e-05   4.16e-02   1.05e-02   1.98e-02   1.98e-02   1.12e-02   2.46e-03   2.45e-03   6.75e-03   1.84e-04   
1.53993e+07  8.22e-10   8.61e-01   2.65e-03   2.60e-03   2.58e-03   2.54e-03   1.17e-05   1.16e-05   4.16e-02   1.05e-02   1.86e-02   1.85e-02   1.12e-02   2.36e-03   2.34e-03   6.75e-03   1.84e-04   
1.77828e+07  8.12e-10   8.55e-01   4.48e-03   4.37e-03   4.34e-03   4.27e-03   1.32e-04   1.31e-04   4.20e-02   1.04e-02   1.87e-02   1.87e-02   1.13e-02   1.17e-03   1.16e-03   6.84e-03   1.72e-04   
2.05353e+07  8.22e-10   8.61e-01   2.65e-03   2.59e-03   2.57e-03   2.54e-03   1.18e-05   1.16e-05   4.16e-02   1.05e-02   1.84e-02   1.84e-02   1.12e-02   2.35e-03   2.32e-03   6.75e-03   1.84e-04   
2.37137e+07  7.95e-10   8.47e-01   7.56e-03   7.39e-03   7.32e-03   7.24e-03   3.22e-04   3.19e-04   4.27e-02   1.06e-02   1.38e-02   1.38e-02   1.15e-02   7.68e-04   7.77e-04   6.94e-03   1.63e-04   
2.73842e+07  7.96e-10   8.47e-01   7.35e-03   7.19e-03   7.13e-03   7.04e-03   3.17e-04   3.16e-04   4.27e-02   1.06e-02   1.47e-02   1.48e-02   1.15e-02   7.62e-04   7.69e-04   6.94e-03   1.63e-04   
