! 0       *H + *C2H4 -> *C2H5
! 1       *H + *C2H4 -> C2H5
! 2       *C2H4 + CRPhoton -> *C2H2 + *H2
! 3       *C2H4 + CRPhoton -> *C2H2 + *H + *H
! 4       *C2H4 + CRPhoton -> *C2H3 + *H
! 5       *C2H4 + CRPhoton -> *C2H + *H2 + *H
! 6       *C2H4 + CRPhoton -> *C2H2 + *H2
! 7       *C2H4 + CRPhoton -> C2H4
! 8       *C2H4 + CRPhoton -> *CH2 + *CH2
! 9       *C2H4 + CRPhoton -> *CH3 + *CH
!            tot_rate   0          1          2          3          4          5          6          7          8          9          
1.00000e+00  5.50e-25   5.00e-02   5.06e-04   8.75e-01   4.68e-02   7.79e-03   7.08e-03   4.24e-03   3.64e-03   2.84e-03   1.42e-03   
1.15478e+00  9.54e-25   5.08e-02   5.14e-04   8.74e-01   4.67e-02   7.78e-03   7.07e-03   4.24e-03   3.64e-03   2.83e-03   1.42e-03   
1.33352e+00  1.65e-24   5.14e-02   5.19e-04   8.74e-01   4.68e-02   7.77e-03   7.10e-03   4.25e-03   3.65e-03   2.83e-03   1.41e-03   
1.53993e+00  2.85e-24   5.26e-02   5.33e-04   8.73e-01   4.66e-02   7.78e-03   7.08e-03   4.24e-03   3.64e-03   2.83e-03   1.41e-03   
1.77828e+00  4.93e-24   5.35e-02   5.41e-04   8.72e-01   4.66e-02   7.74e-03   7.03e-03   4.22e-03   3.63e-03   2.82e-03   1.41e-03   
2.05353e+00  8.46e-24   5.47e-02   5.52e-04   8.71e-01   4.65e-02   7.74e-03   7.04e-03   4.22e-03   3.63e-03   2.81e-03   1.41e-03   
2.37137e+00  1.45e-23   5.57e-02   5.63e-04   8.70e-01   4.63e-02   7.73e-03   7.04e-03   4.21e-03   3.62e-03   2.80e-03   1.40e-03   
2.73842e+00  2.45e-23   5.71e-02   5.79e-04   8.68e-01   4.65e-02   7.71e-03   7.01e-03   4.20e-03   3.62e-03   2.81e-03   1.40e-03   
3.16228e+00  4.13e-23   5.86e-02   5.91e-04   8.67e-01   4.63e-02   7.70e-03   7.00e-03   4.21e-03   3.61e-03   2.81e-03   1.40e-03   
3.65174e+00  6.89e-23   6.01e-02   6.07e-04   8.66e-01   4.63e-02   7.70e-03   7.00e-03   4.20e-03   3.62e-03   2.80e-03   1.40e-03   
4.21697e+00  1.14e-22   6.19e-02   6.25e-04   8.64e-01   4.61e-02   7.69e-03   6.99e-03   4.19e-03   3.60e-03   2.79e-03   1.40e-03   
4.86968e+00  1.86e-22   6.41e-02   6.46e-04   8.62e-01   4.62e-02   7.70e-03   7.00e-03   4.19e-03   3.60e-03   2.80e-03   1.39e-03   
5.62341e+00  3.00e-22   6.63e-02   6.70e-04   8.60e-01   4.60e-02   7.66e-03   6.96e-03   4.17e-03   3.60e-03   2.78e-03   1.39e-03   
6.49382e+00  4.78e-22   6.88e-02   6.94e-04   8.58e-01   4.58e-02   7.63e-03   6.94e-03   4.16e-03   3.58e-03   2.78e-03   1.39e-03   
7.49894e+00  7.51e-22   7.15e-02   7.22e-04   8.55e-01   4.57e-02   7.60e-03   6.91e-03   4.14e-03   3.57e-03   2.77e-03   1.39e-03   
8.65964e+00  1.16e-21   7.42e-02   7.50e-04   8.53e-01   4.55e-02   7.58e-03   6.89e-03   4.14e-03   3.55e-03   2.76e-03   1.38e-03   
1.00000e+01  1.76e-21   7.65e-02   7.77e-04   8.50e-01   4.54e-02   7.54e-03   6.86e-03   4.12e-03   3.54e-03   2.74e-03   1.37e-03   
1.15478e+01  2.63e-21   7.91e-02   7.99e-04   8.48e-01   4.53e-02   7.53e-03   6.85e-03   4.11e-03   3.54e-03   2.74e-03   1.37e-03   
1.33352e+01  3.85e-21   8.10e-02   8.20e-04   8.46e-01   4.52e-02   7.53e-03   6.85e-03   4.10e-03   3.53e-03   2.75e-03   1.37e-03   
1.53993e+01  5.57e-21   8.30e-02   8.39e-04   8.44e-01   4.51e-02   7.51e-03   6.83e-03   4.10e-03   3.52e-03   2.73e-03   1.37e-03   
1.77828e+01  7.93e-21   8.51e-02   8.60e-04   8.42e-01   4.50e-02   7.49e-03   6.81e-03   4.09e-03   3.51e-03   2.72e-03   1.36e-03   
2.05353e+01  1.12e-20   8.78e-02   8.87e-04   8.40e-01   4.49e-02   7.47e-03   6.79e-03   4.08e-03   3.50e-03   2.72e-03   1.36e-03   
2.37137e+01  1.55e-20   9.14e-02   9.20e-04   8.36e-01   4.48e-02   7.46e-03   6.76e-03   4.07e-03   3.50e-03   2.71e-03   1.36e-03   
2.73842e+01  2.16e-20   9.49e-02   9.58e-04   8.33e-01   4.46e-02   7.41e-03   6.76e-03   4.05e-03   3.48e-03   2.70e-03   1.35e-03   
3.16228e+01  2.99e-20   9.99e-02   1.01e-03   8.28e-01   4.44e-02   7.38e-03   6.71e-03   4.04e-03   3.47e-03   2.69e-03   1.34e-03   
3.65174e+01  4.16e-20   1.06e-01   1.07e-03   8.23e-01   4.40e-02   7.31e-03   6.67e-03   3.99e-03   3.44e-03   2.67e-03   1.33e-03   
4.21697e+01  5.80e-20   1.14e-01   1.15e-03   8.15e-01   4.36e-02   7.26e-03   6.59e-03   3.95e-03   3.40e-03   2.64e-03   1.32e-03   
4.86968e+01  8.16e-20   1.25e-01   1.26e-03   8.05e-01   4.30e-02   7.16e-03   6.51e-03   3.91e-03   3.36e-03   2.60e-03   1.30e-03   
5.62341e+01  1.16e-19   1.40e-01   1.42e-03   7.91e-01   4.23e-02   7.03e-03   6.40e-03   3.84e-03   3.30e-03   2.56e-03   1.28e-03   
6.49382e+01  1.69e-19   1.65e-01   1.66e-03   7.68e-01   4.10e-02   6.80e-03   6.21e-03   3.72e-03   3.20e-03   2.48e-03   1.24e-03   
7.49894e+01  2.55e-19   2.06e-01   2.08e-03   7.30e-01   3.89e-02   6.48e-03   5.89e-03   3.53e-03   3.03e-03   2.35e-03   1.18e-03   
8.65964e+01  4.15e-19   2.94e-01   2.96e-03   6.48e-01   3.47e-02   5.78e-03   5.25e-03   3.16e-03   2.70e-03   2.10e-03   1.05e-03   
1.00000e+02  1.02e-18   5.69e-01   5.75e-03   3.92e-01   2.10e-02   3.49e-03   3.16e-03   1.90e-03   1.64e-03   1.26e-03   6.34e-04   
1.15478e+02  1.14e-13   9.90e-01   1.01e-02   2.13e-04   1.14e-05   1.89e-06   1.72e-06   1.03e-06   8.85e-07   6.88e-07   3.43e-07   
1.33352e+02  1.55e-13   9.90e-01   9.96e-03   1.53e-04   8.15e-06   1.36e-06   1.24e-06   7.38e-07   6.35e-07   4.93e-07   2.46e-07   
1.53993e+02  1.89e-13   9.90e-01   1.00e-02   1.06e-04   5.72e-06   9.48e-07   8.63e-07   5.17e-07   4.44e-07   3.45e-07   1.73e-07   
1.77828e+02  1.97e-13   9.90e-01   9.95e-03   6.70e-05   3.59e-06   5.99e-07   5.43e-07   3.26e-07   2.80e-07   2.17e-07   1.09e-07   
2.05353e+02  1.35e-13   9.90e-01   1.00e-02   3.60e-05   1.92e-06   3.20e-07   2.91e-07   1.74e-07   1.50e-07   1.17e-07   5.82e-08   
2.37137e+02  4.68e-14   9.90e-01   9.99e-03   1.93e-05   1.03e-06   1.72e-07   1.56e-07   9.37e-08   8.06e-08   6.24e-08   3.12e-08   
2.73842e+02  2.40e-14   9.90e-01   9.98e-03   1.19e-05   6.36e-07   1.06e-07   9.65e-08   5.78e-08   4.95e-08   3.86e-08   1.93e-08   
3.16228e+02  1.75e-14   9.90e-01   1.00e-02   7.78e-06   4.17e-07   6.92e-08   6.29e-08   3.78e-08   3.25e-08   2.52e-08   1.26e-08   
3.65174e+02  1.42e-14   9.90e-01   1.00e-02   5.15e-06   2.75e-07   4.58e-08   4.17e-08   2.50e-08   2.15e-08   1.66e-08   8.35e-09   
4.21697e+02  1.24e-14   9.90e-01   1.01e-02   3.42e-06   1.83e-07   3.04e-08   2.77e-08   1.66e-08   1.42e-08   1.11e-08   5.54e-09   
4.86968e+02  1.15e-14   9.90e-01   9.99e-03   2.25e-06   1.20e-07   2.00e-08   1.82e-08   1.09e-08   9.38e-09   7.27e-09   3.64e-09   
5.62341e+02  1.11e-14   9.90e-01   9.99e-03   1.44e-06   7.69e-08   1.28e-08   1.16e-08   6.98e-09   5.99e-09   4.65e-09   2.33e-09   
6.49382e+02  1.09e-14   9.90e-01   9.99e-03   8.69e-07   4.65e-08   7.73e-09   7.03e-09   4.22e-09   3.62e-09   2.81e-09   1.40e-09   
7.49894e+02  1.10e-14   9.90e-01   9.99e-03   4.27e-07   2.28e-08   3.80e-09   3.45e-09   2.07e-09   1.64e-09   1.38e-09   6.91e-10   
8.65964e+02  1.12e-14   9.90e-01   9.99e-03   8.75e-08   4.67e-09   7.79e-10   7.08e-10   4.25e-10   2.84e-10   2.83e-10   1.42e-10   
1.00000e+03  1.14e-14   9.90e-01   9.99e-03   3.35e-08   1.79e-09   2.98e-10   2.71e-10   1.63e-10   9.11e-11   1.09e-10   5.41e-11   
1.15478e+03  1.17e-14   9.90e-01   9.99e-03   3.10e-08   1.66e-09   2.76e-10   2.51e-10   1.50e-10   7.11e-11   1.01e-10   5.02e-11   
1.33352e+03  1.20e-14   9.90e-01   1.01e-02   2.94e-08   1.57e-09   2.62e-10   2.38e-10   1.43e-10   5.69e-11   9.48e-11   4.76e-11   
1.53993e+03  1.27e-14   9.90e-01   1.01e-02   2.80e-08   1.50e-09   2.50e-10   2.27e-10   1.36e-10   4.60e-11   9.11e-11   4.54e-11   
1.77828e+03  1.41e-14   9.90e-01   9.97e-03   2.71e-08   1.45e-09   2.41e-10   2.19e-10   1.32e-10   3.76e-11   8.77e-11   4.38e-11   
2.05353e+03  1.66e-14   9.90e-01   9.96e-03   2.66e-08   1.42e-09   2.37e-10   2.15e-10   1.29e-10   3.16e-11   8.63e-11   4.30e-11   
2.37137e+03  1.98e-14   9.90e-01   1.00e-02   2.68e-08   1.43e-09   2.38e-10   2.16e-10   1.30e-10   2.75e-11   8.64e-11   4.32e-11   
2.73842e+03  2.39e-14   9.90e-01   1.00e-02   2.78e-08   1.49e-09   2.47e-10   2.25e-10   1.35e-10   2.50e-11   8.98e-11   4.51e-11   
3.16228e+03  2.88e-14   9.90e-01   1.00e-02   2.89e-08   1.55e-09   2.57e-10   2.34e-10   1.40e-10   2.29e-11   9.34e-11   4.69e-11   
3.65174e+03  3.30e-14   9.90e-01   1.00e-02   2.97e-08   1.59e-09   2.64e-10   2.40e-10   1.44e-10   2.07e-11   9.60e-11   4.81e-11   
4.21697e+03  3.71e-14   9.90e-01   1.00e-02   2.99e-08   1.60e-09   2.66e-10   2.42e-10   1.45e-10   1.86e-11   9.68e-11   4.86e-11   
4.86968e+03  4.12e-14   9.90e-01   1.00e-02   2.98e-08   1.60e-09   2.67e-10   2.42e-10   1.45e-10   1.65e-11   9.68e-11   4.85e-11   
5.62341e+03  4.60e-14   9.90e-01   9.99e-03   2.96e-08   1.58e-09   2.63e-10   2.39e-10   1.43e-10   1.45e-11   9.53e-11   4.77e-11   
6.49382e+03  5.12e-14   9.90e-01   1.00e-02   2.89e-08   1.54e-09   2.56e-10   2.32e-10   1.40e-10   1.27e-11   9.31e-11   4.67e-11   
7.49894e+03  5.74e-14   9.90e-01   1.00e-02   2.77e-08   1.48e-09   2.47e-10   2.25e-10   1.35e-10   1.09e-11   8.99e-11   4.50e-11   
8.65964e+03  6.47e-14   9.90e-01   9.99e-03   2.64e-08   1.41e-09   2.35e-10   2.15e-10   1.28e-10   9.31e-12   8.56e-11   4.28e-11   
1.00000e+04  7.36e-14   9.90e-01   1.00e-02   2.49e-08   1.33e-09   2.21e-10   2.01e-10   1.21e-10   7.88e-12   8.05e-11   4.03e-11   
1.15478e+04  8.45e-14   9.90e-01   1.00e-02   2.32e-08   1.24e-09   2.07e-10   1.88e-10   1.13e-10   6.60e-12   7.51e-11   3.75e-11   
1.33352e+04  9.84e-14   9.90e-01   1.00e-02   2.14e-08   1.15e-09   1.90e-10   1.73e-10   1.04e-10   5.48e-12   6.92e-11   3.47e-11   
1.53993e+04  1.16e-13   9.90e-01   9.99e-03   1.96e-08   1.05e-09   1.75e-10   1.59e-10   9.56e-11   4.54e-12   6.35e-11   3.18e-11   
1.77828e+04  1.39e-13   9.90e-01   9.97e-03   1.80e-08   9.61e-10   1.61e-10   1.46e-10   8.75e-11   3.77e-12   5.83e-11   2.91e-11   
2.05353e+04  1.71e-13   9.90e-01   9.96e-03   1.66e-08   8.85e-10   1.48e-10   1.34e-10   8.03e-11   3.14e-12   5.37e-11   2.68e-11   
2.37137e+04  2.11e-13   9.90e-01   9.99e-03   1.55e-08   8.29e-10   1.38e-10   1.26e-10   7.53e-11   2.67e-12   5.02e-11   2.51e-11   
2.73842e+04  2.67e-13   9.90e-01   9.98e-03   1.45e-08   7.76e-10   1.29e-10   1.17e-10   7.05e-11   2.28e-12   4.69e-11   2.35e-11   
3.16228e+04  3.39e-13   9.90e-01   9.99e-03   1.38e-08   7.34e-10   1.22e-10   1.11e-10   6.66e-11   1.98e-12   4.45e-11   2.22e-11   
3.65174e+04  4.36e-13   9.90e-01   9.99e-03   1.31e-08   6.99e-10   1.16e-10   1.06e-10   6.35e-11   1.73e-12   4.24e-11   2.12e-11   
4.21697e+04  5.64e-13   9.90e-01   1.00e-02   1.25e-08   6.69e-10   1.11e-10   1.01e-10   6.07e-11   1.54e-12   4.05e-11   2.02e-11   
4.86968e+04  7.32e-13   9.90e-01   1.00e-02   1.20e-08   6.40e-10   1.07e-10   9.70e-11   5.82e-11   1.38e-12   3.88e-11   1.94e-11   
5.62341e+04  9.52e-13   9.90e-01   9.99e-03   1.15e-08   6.14e-10   1.02e-10   9.29e-11   5.58e-11   1.24e-12   3.72e-11   1.86e-11   
6.49382e+04  1.23e-12   9.90e-01   9.98e-03   1.10e-08   5.91e-10   9.82e-11   8.93e-11   5.36e-11   1.13e-12   3.57e-11   1.79e-11   
7.49894e+04  1.59e-12   9.90e-01   1.00e-02   1.07e-08   5.69e-10   9.46e-11   8.64e-11   5.16e-11   1.03e-12   3.44e-11   1.72e-11   
8.65964e+04  2.02e-12   9.90e-01   1.00e-02   1.03e-08   5.49e-10   9.16e-11   8.32e-11   5.00e-11   9.60e-13   3.33e-11   1.66e-11   
1.00000e+05  2.54e-12   9.90e-01   1.00e-02   9.98e-09   5.32e-10   8.87e-11   8.05e-11   4.85e-11   8.99e-13   3.22e-11   1.61e-11   
1.15478e+05  3.11e-12   9.90e-01   1.00e-02   9.71e-09   5.18e-10   8.65e-11   7.84e-11   4.73e-11   8.52e-13   3.14e-11   1.57e-11   
1.33352e+05  3.72e-12   9.90e-01   1.00e-02   9.52e-09   5.08e-10   8.45e-11   7.69e-11   4.63e-11   8.15e-13   3.07e-11   1.54e-11   
1.53993e+05  4.30e-12   9.90e-01   9.99e-03   9.34e-09   5.00e-10   8.32e-11   7.55e-11   4.53e-11   7.85e-13   3.02e-11   1.51e-11   
1.77828e+05  4.78e-12   9.90e-01   1.00e-02   9.23e-09   4.94e-10   8.20e-11   7.47e-11   4.48e-11   7.66e-13   2.99e-11   1.49e-11   
2.05353e+05  5.05e-12   9.90e-01   1.00e-02   9.11e-09   4.87e-10   8.12e-11   7.37e-11   4.42e-11   7.44e-13   2.95e-11   1.48e-11   
2.37137e+05  4.90e-12   9.90e-01   1.00e-02   9.00e-09   4.82e-10   8.02e-11   7.29e-11   4.37e-11   7.23e-13   2.92e-11   1.46e-11   
2.73842e+05  4.62e-12   9.90e-01   9.99e-03   9.01e-09   4.81e-10   8.02e-11   7.28e-11   4.38e-11   7.15e-13   2.90e-11   1.46e-11   
3.16228e+05  4.22e-12   9.90e-01   9.99e-03   9.02e-09   4.83e-10   8.03e-11   7.29e-11   4.38e-11   7.11e-13   2.91e-11   1.46e-11   
3.65174e+05  3.78e-12   9.90e-01   1.00e-02   9.03e-09   4.82e-10   8.02e-11   7.31e-11   4.37e-11   7.07e-13   2.91e-11   1.46e-11   
4.21697e+05  3.30e-12   9.90e-01   9.99e-03   9.02e-09   4.81e-10   8.05e-11   7.30e-11   4.39e-11   7.02e-13   2.92e-11   1.46e-11   
4.86968e+05  2.84e-12   9.90e-01   9.97e-03   9.02e-09   4.83e-10   8.03e-11   7.29e-11   4.37e-11   6.98e-13   2.92e-11   1.46e-11   
5.62341e+05  2.39e-12   9.90e-01   9.98e-03   9.06e-09   4.85e-10   8.06e-11   7.31e-11   4.39e-11   6.98e-13   2.92e-11   1.46e-11   
6.49382e+05  1.99e-12   9.90e-01   1.00e-02   9.10e-09   4.85e-10   8.09e-11   7.34e-11   4.41e-11   6.94e-13   2.94e-11   1.47e-11   
7.49894e+05  1.66e-12   9.90e-01   1.00e-02   9.12e-09   4.86e-10   8.09e-11   7.36e-11   4.41e-11   6.94e-13   2.94e-11   1.47e-11   
8.65964e+05  2.20e-12   9.90e-01   9.99e-03   9.26e-09   4.95e-10   8.27e-11   7.49e-11   4.50e-11   7.22e-13   3.00e-11   1.50e-11   
1.00000e+06  4.83e-12   9.90e-01   9.98e-03   9.13e-09   4.89e-10   8.12e-11   7.39e-11   4.43e-11   7.33e-13   2.96e-11   1.48e-11   
1.15478e+06  3.73e-12   9.90e-01   1.00e-02   9.04e-09   4.83e-10   8.05e-11   7.30e-11   4.37e-11   7.06e-13   2.92e-11   1.46e-11   
1.33352e+06  2.47e-12   9.90e-01   9.98e-03   9.05e-09   4.85e-10   8.04e-11   7.31e-11   4.40e-11   6.95e-13   2.93e-11   1.46e-11   
1.53993e+06  1.67e-12   9.90e-01   1.00e-02   9.12e-09   4.86e-10   8.10e-11   7.38e-11   4.42e-11   6.90e-13   2.94e-11   1.47e-11   
1.77828e+06  4.82e-12   9.90e-01   1.00e-02   9.03e-09   4.82e-10   8.03e-11   7.31e-11   4.38e-11   7.18e-13   2.93e-11   1.46e-11   
2.05353e+06  2.65e-12   9.90e-01   9.98e-03   9.03e-09   4.84e-10   8.05e-11   7.29e-11   4.38e-11   6.95e-13   2.92e-11   1.46e-11   
2.37137e+06  2.93e-12   9.90e-01   1.00e-02   9.29e-09   4.95e-10   8.26e-11   7.51e-11   4.51e-11   7.34e-13   3.00e-11   1.50e-11   
2.73842e+06  2.99e-12   9.90e-01   1.00e-02   9.06e-09   4.85e-10   8.06e-11   7.32e-11   4.38e-11   6.99e-13   2.93e-11   1.46e-11   
3.16228e+06  4.20e-12   9.90e-01   1.00e-02   9.21e-09   4.93e-10   8.21e-11   7.45e-11   4.47e-11   7.43e-13   2.97e-11   1.49e-11   
3.65174e+06  2.05e-12   9.90e-01   1.00e-02   9.07e-09   4.84e-10   8.05e-11   7.32e-11   4.39e-11   6.93e-13   2.93e-11   1.46e-11   
4.21697e+06  2.96e-12   9.90e-01   1.00e-02   9.02e-09   4.83e-10   8.04e-11   7.30e-11   4.39e-11   6.96e-13   2.92e-11   1.46e-11   
4.86968e+06  3.60e-12   9.90e-01   9.98e-03   9.04e-09   4.81e-10   8.04e-11   7.29e-11   4.37e-11   7.01e-13   2.92e-11   1.46e-11   
5.62341e+06  3.44e-12   9.90e-01   1.00e-02   9.03e-09   4.82e-10   8.04e-11   7.32e-11   4.38e-11   7.03e-13   2.93e-11   1.46e-11   
6.49382e+06  2.54e-12   9.90e-01   9.98e-03   9.03e-09   4.81e-10   8.05e-11   7.30e-11   4.38e-11   6.94e-13   2.92e-11   1.46e-11   
7.49894e+06  2.27e-12   9.90e-01   9.99e-03   9.24e-09   4.93e-10   8.23e-11   7.48e-11   4.49e-11   7.22e-13   3.00e-11   1.50e-11   
8.65964e+06  2.79e-12   9.90e-01   9.97e-03   9.04e-09   4.84e-10   8.04e-11   7.32e-11   4.38e-11   6.96e-13   2.92e-11   1.46e-11   
1.00000e+07  3.78e-12   9.90e-01   1.00e-02   9.05e-09   4.82e-10   8.05e-11   7.31e-11   4.39e-11   7.04e-13   2.91e-11   1.46e-11   
1.15478e+07  3.17e-12   9.90e-01   9.99e-03   9.02e-09   4.82e-10   8.04e-11   7.31e-11   4.38e-11   7.00e-13   2.92e-11   1.46e-11   
1.33352e+07  1.69e-12   9.90e-01   9.96e-03   9.07e-09   4.83e-10   8.06e-11   7.29e-11   4.39e-11   6.88e-13   2.93e-11   1.46e-11   
1.53993e+07  2.17e-12   9.90e-01   9.99e-03   9.07e-09   4.83e-10   8.06e-11   7.32e-11   4.40e-11   6.91e-13   2.93e-11   1.46e-11   
1.77828e+07  1.76e-12   9.90e-01   1.00e-02   9.16e-09   4.89e-10   8.14e-11   7.40e-11   4.44e-11   6.94e-13   2.96e-11   1.48e-11   
2.05353e+07  2.24e-12   9.90e-01   9.99e-03   9.05e-09   4.86e-10   8.07e-11   7.31e-11   4.40e-11   6.96e-13   2.93e-11   1.47e-11   
2.37137e+07  2.85e-12   9.90e-01   9.97e-03   9.27e-09   4.95e-10   8.25e-11   7.51e-11   4.49e-11   7.34e-13   3.00e-11   1.50e-11   
2.73842e+07  2.58e-12   9.90e-01   9.98e-03   9.28e-09   4.97e-10   8.23e-11   7.49e-11   4.50e-11   7.26e-13   3.00e-11   1.50e-11   
