! 0       *C2H5OH + CRPhoton -> *C2H5 + *OH
! 1       *C2H5OH + CRPhoton -> *H2CO + *CH4
! 2       *C2H5OH + CRPhoton -> *C2H5 + *OH
! 3       *C2H5OH + CRPhoton -> C2H5OH
! 4       *C2H5OH + ISPhoton -> C2H5OH
! 5       *C2H5OH + ISPhoton -> *C2H5 + *OH
! 6       *C2H5OH + ISPhoton -> *H2CO + *CH4
! 7       *C2H5OH + ISPhoton -> *C2H5 + *OH
! 8       *C2H5OH + CRP -> C2H5OH
! 9       *C2H5OH + GRAIN -> C2H5OH + GRAIN
!            tot_rate   0          1          2          3          4          5          6          7          8          9          
1.00000e+00  3.44e-29   8.70e-01   6.26e-02   6.26e-02   4.74e-03   8.47e-10   3.81e-11   2.79e-16   2.79e-16   0.00e+00   0.00e+00   
1.15478e+00  7.05e-29   8.71e-01   6.24e-02   6.24e-02   4.74e-03   8.46e-10   3.80e-11   2.79e-16   2.79e-16   0.00e+00   0.00e+00   
1.33352e+00  1.42e-28   8.71e-01   6.23e-02   6.23e-02   4.73e-03   8.43e-10   3.79e-11   2.78e-16   2.78e-16   0.00e+00   0.00e+00   
1.53993e+00  2.83e-28   8.71e-01   6.23e-02   6.23e-02   4.74e-03   8.46e-10   3.79e-11   2.79e-16   2.79e-16   0.00e+00   0.00e+00   
1.77828e+00  5.57e-28   8.71e-01   6.23e-02   6.23e-02   4.74e-03   8.46e-10   3.81e-11   2.78e-16   2.78e-16   0.00e+00   0.00e+00   
2.05353e+00  1.09e-27   8.70e-01   6.24e-02   6.24e-02   4.74e-03   8.47e-10   3.81e-11   2.79e-16   2.79e-16   0.00e+00   0.00e+00   
2.37137e+00  2.11e-27   8.70e-01   6.24e-02   6.24e-02   4.73e-03   8.47e-10   3.80e-11   2.79e-16   2.79e-16   0.00e+00   0.00e+00   
2.73842e+00  4.08e-27   8.70e-01   6.25e-02   6.25e-02   4.73e-03   8.46e-10   3.80e-11   2.79e-16   2.79e-16   0.00e+00   0.00e+00   
3.16228e+00  7.81e-27   8.70e-01   6.25e-02   6.25e-02   4.74e-03   8.46e-10   3.80e-11   2.79e-16   2.79e-16   0.00e+00   0.00e+00   
3.65174e+00  1.48e-26   8.70e-01   6.25e-02   6.25e-02   4.75e-03   8.50e-10   3.81e-11   2.79e-16   2.79e-16   0.00e+00   0.00e+00   
4.21697e+00  2.79e-26   8.71e-01   6.23e-02   6.23e-02   4.73e-03   8.49e-10   3.80e-11   2.79e-16   2.79e-16   0.00e+00   0.00e+00   
4.86968e+00  5.20e-26   8.70e-01   6.24e-02   6.24e-02   4.75e-03   8.47e-10   3.80e-11   2.79e-16   2.79e-16   0.00e+00   0.00e+00   
5.62341e+00  9.57e-26   8.70e-01   6.24e-02   6.24e-02   4.74e-03   8.46e-10   3.80e-11   2.79e-16   2.79e-16   0.00e+00   0.00e+00   
6.49382e+00  1.73e-25   8.71e-01   6.23e-02   6.23e-02   4.75e-03   8.48e-10   3.81e-11   2.79e-16   2.79e-16   0.00e+00   0.00e+00   
7.49894e+00  3.11e-25   8.71e-01   6.23e-02   6.23e-02   4.72e-03   8.45e-10   3.79e-11   2.79e-16   2.79e-16   0.00e+00   0.00e+00   
8.65964e+00  5.48e-25   8.70e-01   6.24e-02   6.24e-02   4.74e-03   8.47e-10   3.80e-11   2.79e-16   2.79e-16   0.00e+00   0.00e+00   
1.00000e+01  9.53e-25   8.70e-01   6.25e-02   6.25e-02   4.73e-03   8.46e-10   3.80e-11   2.79e-16   2.79e-16   0.00e+00   0.00e+00   
1.15478e+01  1.63e-24   8.70e-01   6.25e-02   6.25e-02   4.74e-03   8.46e-10   3.80e-11   2.79e-16   2.79e-16   0.00e+00   0.00e+00   
1.33352e+01  2.76e-24   8.70e-01   6.24e-02   6.24e-02   4.75e-03   8.45e-10   3.81e-11   2.79e-16   2.79e-16   0.00e+00   0.00e+00   
1.53993e+01  4.60e-24   8.70e-01   6.24e-02   6.24e-02   4.74e-03   8.46e-10   3.81e-11   2.79e-16   2.79e-16   0.00e+00   0.00e+00   
1.77828e+01  7.58e-24   8.70e-01   6.24e-02   6.24e-02   4.73e-03   8.47e-10   3.80e-11   2.78e-16   2.78e-16   0.00e+00   0.00e+00   
2.05353e+01  1.24e-23   8.70e-01   6.25e-02   6.25e-02   4.75e-03   8.46e-10   3.81e-11   2.80e-16   2.80e-16   0.00e+00   0.00e+00   
2.37137e+01  2.03e-23   8.70e-01   6.24e-02   6.24e-02   4.74e-03   8.46e-10   3.80e-11   2.78e-16   2.78e-16   0.00e+00   0.00e+00   
2.73842e+01  3.32e-23   8.71e-01   6.24e-02   6.24e-02   4.73e-03   8.46e-10   3.80e-11   2.79e-16   2.79e-16   0.00e+00   0.00e+00   
3.16228e+01  5.45e-23   8.70e-01   6.24e-02   6.24e-02   4.74e-03   8.47e-10   3.80e-11   2.79e-16   2.79e-16   0.00e+00   0.00e+00   
3.65174e+01  8.99e-23   8.71e-01   6.24e-02   6.24e-02   4.74e-03   8.46e-10   3.80e-11   2.79e-16   2.79e-16   0.00e+00   0.00e+00   
4.21697e+01  1.50e-22   8.71e-01   6.23e-02   6.23e-02   4.73e-03   8.44e-10   3.80e-11   2.78e-16   2.78e-16   0.00e+00   0.00e+00   
4.86968e+01  2.55e-22   8.71e-01   6.24e-02   6.24e-02   4.74e-03   8.47e-10   3.80e-11   2.78e-16   2.78e-16   0.00e+00   0.00e+00   
5.62341e+01  4.41e-22   8.71e-01   6.23e-02   6.23e-02   4.74e-03   8.48e-10   3.81e-11   2.79e-16   2.79e-16   0.00e+00   0.00e+00   
6.49382e+01  7.86e-22   8.70e-01   6.25e-02   6.25e-02   4.73e-03   8.46e-10   3.80e-11   2.79e-16   2.79e-16   0.00e+00   0.00e+00   
7.49894e+01  1.45e-21   8.71e-01   6.23e-02   6.23e-02   4.73e-03   8.43e-10   3.79e-11   2.78e-16   2.78e-16   0.00e+00   0.00e+00   
8.65964e+01  2.71e-21   8.71e-01   6.23e-02   6.23e-02   4.72e-03   8.45e-10   3.80e-11   2.79e-16   2.79e-16   0.00e+00   0.00e+00   
1.00000e+02  4.59e-21   8.71e-01   6.23e-02   6.23e-02   4.72e-03   8.45e-10   3.81e-11   2.79e-16   2.79e-16   0.00e+00   0.00e+00   
1.15478e+02  4.88e-21   8.70e-01   6.25e-02   6.25e-02   4.75e-03   8.48e-10   3.81e-11   2.79e-16   2.79e-16   0.00e+00   0.00e+00   
1.33352e+02  4.87e-21   8.70e-01   6.24e-02   6.24e-02   4.74e-03   8.46e-10   3.80e-11   2.79e-16   2.79e-16   0.00e+00   0.00e+00   
1.53993e+02  4.85e-21   8.70e-01   6.25e-02   6.25e-02   4.74e-03   8.48e-10   3.79e-11   2.78e-16   2.78e-16   0.00e+00   0.00e+00   
1.77828e+02  4.82e-21   8.70e-01   6.24e-02   6.24e-02   4.75e-03   8.48e-10   3.81e-11   2.80e-16   2.80e-16   0.00e+00   0.00e+00   
2.05353e+02  4.80e-21   8.70e-01   6.25e-02   6.25e-02   4.75e-03   8.47e-10   3.81e-11   2.79e-16   2.79e-16   0.00e+00   0.00e+00   
2.37137e+02  4.78e-21   8.71e-01   6.24e-02   6.24e-02   4.73e-03   8.45e-10   3.81e-11   2.78e-16   2.78e-16   0.00e+00   0.00e+00   
2.73842e+02  4.74e-21   8.70e-01   6.24e-02   6.24e-02   4.74e-03   8.45e-10   3.79e-11   2.78e-16   2.78e-16   0.00e+00   0.00e+00   
3.16228e+02  4.70e-21   8.71e-01   6.24e-02   6.24e-02   4.75e-03   8.47e-10   3.81e-11   2.79e-16   2.79e-16   0.00e+00   0.00e+00   
3.65174e+02  4.65e-21   8.70e-01   6.25e-02   6.25e-02   4.75e-03   8.47e-10   3.80e-11   2.79e-16   2.79e-16   0.00e+00   0.00e+00   
4.21697e+02  4.61e-21   8.70e-01   6.25e-02   6.25e-02   4.73e-03   8.46e-10   3.80e-11   2.80e-16   2.80e-16   0.00e+00   0.00e+00   
4.86968e+02  4.55e-21   8.70e-01   6.24e-02   6.24e-02   4.75e-03   8.46e-10   3.80e-11   2.79e-16   2.79e-16   0.00e+00   0.00e+00   
5.62341e+02  4.48e-21   8.70e-01   6.25e-02   6.25e-02   4.73e-03   8.48e-10   3.82e-11   2.79e-16   2.79e-16   0.00e+00   0.00e+00   
6.49382e+02  4.41e-21   8.71e-01   6.23e-02   6.23e-02   4.74e-03   8.46e-10   3.81e-11   2.79e-16   2.79e-16   0.00e+00   0.00e+00   
7.49894e+02  4.32e-21   8.71e-01   6.25e-02   6.25e-02   4.38e-03   7.83e-10   3.82e-11   2.80e-16   2.80e-16   0.00e+00   0.00e+00   
8.65964e+02  4.22e-21   8.71e-01   6.25e-02   6.25e-02   3.69e-03   6.58e-10   3.81e-11   2.79e-16   2.79e-16   0.00e+00   0.00e+00   
1.00000e+03  4.12e-21   8.72e-01   6.24e-02   6.24e-02   3.11e-03   5.54e-10   3.81e-11   2.79e-16   2.79e-16   0.00e+00   0.00e+00   
1.15478e+03  3.99e-21   8.72e-01   6.27e-02   6.27e-02   2.61e-03   4.66e-10   3.81e-11   2.81e-16   2.81e-16   0.00e+00   0.00e+00   
1.33352e+03  3.85e-21   8.73e-01   6.26e-02   6.26e-02   2.20e-03   3.95e-10   3.82e-11   2.80e-16   2.80e-16   0.00e+00   0.00e+00   
1.53993e+03  3.70e-21   8.73e-01   6.27e-02   6.27e-02   1.87e-03   3.35e-10   3.81e-11   2.81e-16   2.81e-16   0.00e+00   0.00e+00   
1.77828e+03  3.54e-21   8.73e-01   6.27e-02   6.27e-02   1.58e-03   2.83e-10   3.81e-11   2.80e-16   2.80e-16   0.00e+00   0.00e+00   
2.05353e+03  3.35e-21   8.73e-01   6.26e-02   6.26e-02   1.36e-03   2.43e-10   3.82e-11   2.81e-16   2.81e-16   0.00e+00   0.00e+00   
2.37137e+03  3.16e-21   8.74e-01   6.27e-02   6.27e-02   1.17e-03   2.10e-10   3.83e-11   2.80e-16   2.80e-16   0.00e+00   0.00e+00   
2.73842e+03  2.95e-21   8.74e-01   6.26e-02   6.26e-02   1.03e-03   1.84e-10   3.83e-11   2.80e-16   2.80e-16   0.00e+00   0.00e+00   
3.16228e+03  2.73e-21   8.74e-01   6.25e-02   6.25e-02   9.03e-04   1.62e-10   3.84e-11   2.80e-16   2.80e-16   0.00e+00   0.00e+00   
3.65174e+03  2.51e-21   8.74e-01   6.26e-02   6.26e-02   7.98e-04   1.43e-10   3.83e-11   2.81e-16   2.81e-16   0.00e+00   0.00e+00   
4.21697e+03  2.28e-21   8.74e-01   6.24e-02   6.24e-02   7.08e-04   1.27e-10   3.82e-11   2.80e-16   2.80e-16   0.00e+00   0.00e+00   
4.86968e+03  2.03e-21   8.74e-01   6.27e-02   6.27e-02   6.27e-04   1.13e-10   3.83e-11   2.81e-16   2.81e-16   0.00e+00   0.00e+00   
5.62341e+03  1.77e-21   8.74e-01   6.26e-02   6.26e-02   5.61e-04   1.00e-10   3.83e-11   2.81e-16   2.81e-16   0.00e+00   0.00e+00   
6.49382e+03  1.52e-21   8.74e-01   6.27e-02   6.27e-02   5.01e-04   9.00e-11   3.83e-11   2.81e-16   2.81e-16   0.00e+00   0.00e+00   
7.49894e+03  1.28e-21   8.75e-01   6.25e-02   6.25e-02   4.47e-04   8.04e-11   3.82e-11   2.80e-16   2.80e-16   0.00e+00   0.00e+00   
8.65964e+03  1.04e-21   8.74e-01   6.27e-02   6.27e-02   4.02e-04   7.21e-11   3.83e-11   2.81e-16   2.81e-16   0.00e+00   0.00e+00   
1.00000e+04  8.28e-22   8.74e-01   6.27e-02   6.27e-02   3.61e-04   6.47e-11   3.84e-11   2.81e-16   2.81e-16   0.00e+00   0.00e+00   
1.15478e+04  6.38e-22   8.74e-01   6.27e-02   6.27e-02   3.24e-04   5.81e-11   3.84e-11   2.80e-16   2.80e-16   0.00e+00   0.00e+00   
1.33352e+04  4.76e-22   8.74e-01   6.26e-02   6.26e-02   2.92e-04   5.25e-11   3.85e-11   2.82e-16   2.82e-16   0.00e+00   0.00e+00   
1.53993e+04  3.46e-22   8.74e-01   6.26e-02   6.26e-02   2.63e-04   4.73e-11   3.84e-11   2.81e-16   2.81e-16   0.00e+00   0.00e+00   
1.77828e+04  2.48e-22   8.75e-01   6.25e-02   6.25e-02   2.38e-04   4.27e-11   3.84e-11   2.81e-16   2.81e-16   0.00e+00   0.00e+00   
2.05353e+04  1.81e-22   8.75e-01   6.26e-02   6.26e-02   2.16e-04   3.88e-11   3.83e-11   2.81e-16   2.81e-16   0.00e+00   0.00e+00   
2.37137e+04  1.40e-22   8.75e-01   6.26e-02   6.26e-02   1.96e-04   3.53e-11   3.84e-11   2.82e-16   2.82e-16   0.00e+00   0.00e+00   
2.73842e+04  1.20e-22   8.75e-01   6.26e-02   6.26e-02   1.79e-04   3.22e-11   3.84e-11   2.82e-16   2.82e-16   0.00e+00   0.00e+00   
3.16228e+04  1.15e-22   8.75e-01   6.25e-02   6.25e-02   1.64e-04   2.94e-11   3.83e-11   2.81e-16   2.81e-16   0.00e+00   0.00e+00   
3.65174e+04  1.19e-22   8.75e-01   6.26e-02   6.26e-02   1.51e-04   2.72e-11   3.84e-11   2.81e-16   2.81e-16   0.00e+00   0.00e+00   
4.21697e+04  1.26e-22   8.75e-01   6.24e-02   6.24e-02   1.40e-04   2.51e-11   3.83e-11   2.81e-16   2.81e-16   0.00e+00   0.00e+00   
4.86968e+04  1.31e-22   8.75e-01   6.26e-02   6.26e-02   1.31e-04   2.35e-11   3.83e-11   2.81e-16   2.81e-16   0.00e+00   0.00e+00   
5.62341e+04  1.34e-22   8.74e-01   6.29e-02   6.29e-02   1.23e-04   2.22e-11   3.85e-11   2.83e-16   2.83e-16   0.00e+00   0.00e+00   
6.49382e+04  1.33e-22   8.74e-01   6.27e-02   6.27e-02   1.17e-04   2.10e-11   3.84e-11   2.82e-16   2.82e-16   0.00e+00   0.00e+00   
7.49894e+04  1.26e-22   8.75e-01   6.25e-02   6.25e-02   1.11e-04   1.99e-11   3.83e-11   2.81e-16   2.81e-16   0.00e+00   0.00e+00   
8.65964e+04  1.12e-22   8.75e-01   6.27e-02   6.27e-02   1.07e-04   1.92e-11   3.84e-11   2.82e-16   2.82e-16   0.00e+00   0.00e+00   
1.00000e+05  9.20e-23   8.75e-01   6.27e-02   6.27e-02   1.03e-04   1.85e-11   3.85e-11   2.82e-16   2.82e-16   0.00e+00   0.00e+00   
1.15478e+05  6.83e-23   8.75e-01   6.27e-02   6.27e-02   1.00e-04   1.80e-11   3.85e-11   2.83e-16   2.83e-16   0.00e+00   0.00e+00   
1.33352e+05  4.39e-23   8.75e-01   6.26e-02   6.26e-02   9.77e-05   1.76e-11   3.85e-11   2.82e-16   2.82e-16   0.00e+00   0.00e+00   
1.53993e+05  2.31e-23   8.74e-01   6.28e-02   6.28e-02   9.61e-05   1.73e-11   3.85e-11   2.83e-16   2.83e-16   0.00e+00   0.00e+00   
1.77828e+05  9.15e-24   8.74e-01   6.27e-02   6.27e-02   9.47e-05   1.71e-11   3.85e-11   2.82e-16   2.82e-16   0.00e+00   0.00e+00   
2.05353e+05  1.67e-24   8.74e-01   6.29e-02   6.29e-02   9.34e-05   1.68e-11   3.85e-11   2.83e-16   2.83e-16   0.00e+00   0.00e+00   
2.37137e+05  1.23e-26   8.75e-01   6.25e-02   6.25e-02   9.15e-05   1.64e-11   3.84e-11   2.82e-16   2.82e-16   0.00e+00   0.00e+00   
2.73842e+05  5.24e-27   8.74e-01   6.28e-02   6.28e-02   9.07e-05   1.63e-11   3.86e-11   2.83e-16   2.83e-16   0.00e+00   0.00e+00   
3.16228e+05  4.80e-27   8.75e-01   6.27e-02   6.27e-02   9.00e-05   1.62e-11   3.85e-11   2.81e-16   2.81e-16   0.00e+00   0.00e+00   
3.65174e+05  4.60e-27   8.75e-01   6.27e-02   6.27e-02   8.94e-05   1.61e-11   3.85e-11   2.83e-16   2.83e-16   0.00e+00   0.00e+00   
4.21697e+05  4.52e-27   8.75e-01   6.27e-02   6.27e-02   8.88e-05   1.60e-11   3.85e-11   2.81e-16   2.81e-16   0.00e+00   0.00e+00   
4.86968e+05  4.55e-27   8.75e-01   6.26e-02   6.26e-02   8.83e-05   1.59e-11   3.85e-11   2.81e-16   2.81e-16   0.00e+00   0.00e+00   
5.62341e+05  4.76e-27   8.75e-01   6.27e-02   6.27e-02   8.77e-05   1.58e-11   3.85e-11   2.82e-16   2.82e-16   0.00e+00   0.00e+00   
6.49382e+05  5.22e-27   8.75e-01   6.26e-02   6.26e-02   8.73e-05   1.57e-11   3.85e-11   2.81e-16   2.81e-16   0.00e+00   0.00e+00   
7.49894e+05  6.22e-27   8.75e-01   6.27e-02   6.27e-02   8.70e-05   1.57e-11   3.86e-11   2.83e-16   2.83e-16   0.00e+00   0.00e+00   
8.65964e+05  1.35e-23   8.75e-01   6.26e-02   6.26e-02   8.90e-05   1.60e-11   3.84e-11   2.82e-16   2.82e-16   0.00e+00   0.00e+00   
1.00000e+06  2.23e-24   8.74e-01   6.28e-02   6.28e-02   9.19e-05   1.65e-11   3.85e-11   2.82e-16   2.82e-16   0.00e+00   0.00e+00   
1.15478e+06  4.72e-27   8.75e-01   6.27e-02   6.27e-02   8.91e-05   1.60e-11   3.85e-11   2.82e-16   2.82e-16   0.00e+00   0.00e+00   
1.33352e+06  4.96e-27   8.75e-01   6.27e-02   6.27e-02   8.79e-05   1.58e-11   3.85e-11   2.82e-16   2.82e-16   0.00e+00   0.00e+00   
1.53993e+06  7.46e-27   8.74e-01   6.28e-02   6.28e-02   8.68e-05   1.56e-11   3.85e-11   2.82e-16   2.82e-16   0.00e+00   0.00e+00   
1.77828e+06  5.34e-26   8.74e-01   6.27e-02   6.27e-02   9.08e-05   1.63e-11   3.86e-11   2.83e-16   2.83e-16   0.00e+00   0.00e+00   
2.05353e+06  4.93e-27   8.75e-01   6.27e-02   6.27e-02   8.79e-05   1.58e-11   3.86e-11   2.82e-16   2.82e-16   0.00e+00   0.00e+00   
2.37137e+06  1.59e-23   8.74e-01   6.29e-02   6.29e-02   9.06e-05   1.63e-11   3.85e-11   2.83e-16   2.83e-16   0.00e+00   0.00e+00   
2.73842e+06  4.79e-27   8.74e-01   6.28e-02   6.28e-02   8.83e-05   1.59e-11   3.84e-11   2.82e-16   2.82e-16   0.00e+00   0.00e+00   
3.16228e+06  9.50e-24   8.74e-01   6.27e-02   6.27e-02   9.18e-05   1.65e-11   3.84e-11   2.82e-16   2.82e-16   0.00e+00   0.00e+00   
3.65174e+06  5.77e-27   8.75e-01   6.27e-02   6.27e-02   8.71e-05   1.57e-11   3.84e-11   2.82e-16   2.82e-16   0.00e+00   0.00e+00   
4.21697e+06  4.81e-27   8.74e-01   6.27e-02   6.27e-02   8.81e-05   1.58e-11   3.84e-11   2.82e-16   2.82e-16   0.00e+00   0.00e+00   
4.86968e+06  4.76e-27   8.75e-01   6.27e-02   6.27e-02   8.89e-05   1.60e-11   3.85e-11   2.82e-16   2.82e-16   0.00e+00   0.00e+00   
5.62341e+06  4.75e-27   8.74e-01   6.28e-02   6.28e-02   8.87e-05   1.59e-11   3.86e-11   2.82e-16   2.82e-16   0.00e+00   0.00e+00   
6.49382e+06  5.03e-27   8.74e-01   6.28e-02   6.28e-02   8.76e-05   1.58e-11   3.85e-11   2.82e-16   2.82e-16   0.00e+00   0.00e+00   
7.49894e+06  1.27e-23   8.74e-01   6.29e-02   6.29e-02   8.90e-05   1.61e-11   3.86e-11   2.83e-16   2.83e-16   0.00e+00   0.00e+00   
8.65964e+06  4.88e-27   8.75e-01   6.27e-02   6.27e-02   8.79e-05   1.58e-11   3.85e-11   2.83e-16   2.83e-16   0.00e+00   0.00e+00   
1.00000e+07  4.79e-27   8.75e-01   6.26e-02   6.26e-02   8.89e-05   1.60e-11   3.84e-11   2.82e-16   2.82e-16   0.00e+00   0.00e+00   
1.15478e+07  4.77e-27   8.75e-01   6.27e-02   6.27e-02   8.83e-05   1.59e-11   3.84e-11   2.81e-16   2.81e-16   0.00e+00   0.00e+00   
1.33352e+07  8.42e-27   8.74e-01   6.27e-02   6.27e-02   8.67e-05   1.56e-11   3.85e-11   2.83e-16   2.83e-16   0.00e+00   0.00e+00   
1.53993e+07  5.46e-27   8.75e-01   6.26e-02   6.26e-02   8.73e-05   1.57e-11   3.84e-11   2.82e-16   2.82e-16   0.00e+00   0.00e+00   
1.77828e+07  6.98e-25   8.74e-01   6.28e-02   6.28e-02   8.69e-05   1.56e-11   3.84e-11   2.82e-16   2.82e-16   0.00e+00   0.00e+00   
2.05353e+07  5.35e-27   8.75e-01   6.26e-02   6.26e-02   8.73e-05   1.57e-11   3.85e-11   2.82e-16   2.82e-16   0.00e+00   0.00e+00   
2.37137e+07  1.59e-23   8.74e-01   6.28e-02   6.28e-02   9.06e-05   1.62e-11   3.85e-11   2.82e-16   2.82e-16   0.00e+00   0.00e+00   
2.73842e+07  1.51e-23   8.74e-01   6.29e-02   6.29e-02   9.01e-05   1.62e-11   3.86e-11   2.83e-16   2.83e-16   0.00e+00   0.00e+00   
