! 0       *HCOOCH3 + CRPhoton -> *CO2 + *CH4
! 1       *HCOOCH3 + CRPhoton -> *CO2 + *CH3 + *H
! 2       *HCOOCH3 + CRPhoton -> *CH3OH + *CO
! 3       *HCOOCH3 + CRPhoton -> HCOOCH3
! 4       *HCOOCH3 + ISPhoton -> *H2CO + *H2CO
! 5       *HCOOCH3 + ISPhoton -> HCOOCH3
! 6       *HCOOCH3 + CRP -> HCOOCH3
! 7       *HCOOCH3 + GRAIN -> HCOOCH3 + GRAIN
!            tot_rate   0          1          2          3          4          5          6          7          
1.00000e+00  3.24e-31   6.60e-01   1.65e-01   1.65e-01   9.53e-03   1.89e-06   1.70e-09   0.00e+00   0.00e+00   
1.15478e+00  7.75e-31   6.60e-01   1.65e-01   1.65e-01   9.53e-03   1.88e-06   1.70e-09   0.00e+00   0.00e+00   
1.33352e+00  1.82e-30   6.61e-01   1.65e-01   1.65e-01   9.53e-03   1.88e-06   1.70e-09   0.00e+00   0.00e+00   
1.53993e+00  4.15e-30   6.60e-01   1.65e-01   1.65e-01   9.54e-03   1.89e-06   1.70e-09   0.00e+00   0.00e+00   
1.77828e+00  9.35e-30   6.61e-01   1.65e-01   1.65e-01   9.53e-03   1.88e-06   1.70e-09   0.00e+00   0.00e+00   
2.05353e+00  2.07e-29   6.61e-01   1.65e-01   1.65e-01   9.55e-03   1.89e-06   1.70e-09   0.00e+00   0.00e+00   
2.37137e+00  4.54e-29   6.61e-01   1.65e-01   1.65e-01   9.51e-03   1.88e-06   1.70e-09   0.00e+00   0.00e+00   
2.73842e+00  9.80e-29   6.60e-01   1.65e-01   1.65e-01   9.53e-03   1.89e-06   1.70e-09   0.00e+00   0.00e+00   
3.16228e+00  2.09e-28   6.60e-01   1.65e-01   1.65e-01   9.51e-03   1.89e-06   1.70e-09   0.00e+00   0.00e+00   
3.65174e+00  4.42e-28   6.60e-01   1.65e-01   1.65e-01   9.52e-03   1.89e-06   1.70e-09   0.00e+00   0.00e+00   
4.21697e+00  9.25e-28   6.60e-01   1.65e-01   1.65e-01   9.52e-03   1.88e-06   1.70e-09   0.00e+00   0.00e+00   
4.86968e+00  1.91e-27   6.60e-01   1.65e-01   1.65e-01   9.54e-03   1.89e-06   1.70e-09   0.00e+00   0.00e+00   
5.62341e+00  3.89e-27   6.60e-01   1.65e-01   1.65e-01   9.53e-03   1.89e-06   1.70e-09   0.00e+00   0.00e+00   
6.49382e+00  7.83e-27   6.61e-01   1.65e-01   1.65e-01   9.53e-03   1.89e-06   1.70e-09   0.00e+00   0.00e+00   
7.49894e+00  1.56e-26   6.60e-01   1.65e-01   1.65e-01   9.55e-03   1.88e-06   1.70e-09   0.00e+00   0.00e+00   
8.65964e+00  3.06e-26   6.60e-01   1.65e-01   1.65e-01   9.54e-03   1.89e-06   1.70e-09   0.00e+00   0.00e+00   
1.00000e+01  5.94e-26   6.60e-01   1.65e-01   1.65e-01   9.53e-03   1.89e-06   1.70e-09   0.00e+00   0.00e+00   
1.15478e+01  1.14e-25   6.60e-01   1.65e-01   1.65e-01   9.49e-03   1.88e-06   1.70e-09   0.00e+00   0.00e+00   
1.33352e+01  2.15e-25   6.61e-01   1.65e-01   1.65e-01   9.50e-03   1.89e-06   1.70e-09   0.00e+00   0.00e+00   
1.53993e+01  4.00e-25   6.61e-01   1.65e-01   1.65e-01   9.51e-03   1.89e-06   1.70e-09   0.00e+00   0.00e+00   
1.77828e+01  7.33e-25   6.60e-01   1.65e-01   1.65e-01   9.52e-03   1.88e-06   1.71e-09   0.00e+00   0.00e+00   
2.05353e+01  1.32e-24   6.61e-01   1.65e-01   1.65e-01   9.53e-03   1.89e-06   1.70e-09   0.00e+00   0.00e+00   
2.37137e+01  2.35e-24   6.60e-01   1.65e-01   1.65e-01   9.54e-03   1.89e-06   1.70e-09   0.00e+00   0.00e+00   
2.73842e+01  4.11e-24   6.60e-01   1.65e-01   1.65e-01   9.52e-03   1.89e-06   1.70e-09   0.00e+00   0.00e+00   
3.16228e+01  7.05e-24   6.61e-01   1.65e-01   1.65e-01   9.54e-03   1.89e-06   1.70e-09   0.00e+00   0.00e+00   
3.65174e+01  1.19e-23   6.60e-01   1.65e-01   1.65e-01   9.52e-03   1.89e-06   1.70e-09   0.00e+00   0.00e+00   
4.21697e+01  1.95e-23   6.60e-01   1.65e-01   1.65e-01   9.52e-03   1.89e-06   1.70e-09   0.00e+00   0.00e+00   
4.86968e+01  3.14e-23   6.60e-01   1.65e-01   1.65e-01   9.53e-03   1.89e-06   1.70e-09   0.00e+00   0.00e+00   
5.62341e+01  4.88e-23   6.60e-01   1.65e-01   1.65e-01   9.53e-03   1.89e-06   1.70e-09   0.00e+00   0.00e+00   
6.49382e+01  7.27e-23   6.60e-01   1.65e-01   1.65e-01   9.52e-03   1.88e-06   1.71e-09   0.00e+00   0.00e+00   
7.49894e+01  1.01e-22   6.61e-01   1.65e-01   1.65e-01   9.53e-03   1.88e-06   1.71e-09   0.00e+00   0.00e+00   
8.65964e+01  1.28e-22   6.60e-01   1.65e-01   1.65e-01   9.51e-03   1.89e-06   1.70e-09   0.00e+00   0.00e+00   
1.00000e+02  1.39e-22   6.61e-01   1.65e-01   1.65e-01   9.54e-03   1.89e-06   1.70e-09   0.00e+00   0.00e+00   
1.15478e+02  1.39e-22   6.61e-01   1.65e-01   1.65e-01   9.54e-03   1.89e-06   1.70e-09   0.00e+00   0.00e+00   
1.33352e+02  1.39e-22   6.60e-01   1.65e-01   1.65e-01   9.55e-03   1.89e-06   1.70e-09   0.00e+00   0.00e+00   
1.53993e+02  1.39e-22   6.60e-01   1.65e-01   1.65e-01   9.49e-03   1.88e-06   1.70e-09   0.00e+00   0.00e+00   
1.77828e+02  1.39e-22   6.60e-01   1.65e-01   1.65e-01   9.52e-03   1.89e-06   1.70e-09   0.00e+00   0.00e+00   
2.05353e+02  1.38e-22   6.61e-01   1.65e-01   1.65e-01   9.54e-03   1.89e-06   1.70e-09   0.00e+00   0.00e+00   
2.37137e+02  1.38e-22   6.60e-01   1.65e-01   1.65e-01   9.49e-03   1.88e-06   1.70e-09   0.00e+00   0.00e+00   
2.73842e+02  1.38e-22   6.60e-01   1.65e-01   1.65e-01   9.50e-03   1.89e-06   1.70e-09   0.00e+00   0.00e+00   
3.16228e+02  1.38e-22   6.60e-01   1.65e-01   1.65e-01   9.49e-03   1.88e-06   1.70e-09   0.00e+00   0.00e+00   
3.65174e+02  1.39e-22   6.60e-01   1.65e-01   1.65e-01   9.52e-03   1.89e-06   1.70e-09   0.00e+00   0.00e+00   
4.21697e+02  1.41e-22   6.61e-01   1.65e-01   1.65e-01   9.53e-03   1.88e-06   1.70e-09   0.00e+00   0.00e+00   
4.86968e+02  1.43e-22   6.60e-01   1.65e-01   1.65e-01   9.49e-03   1.88e-06   1.70e-09   0.00e+00   0.00e+00   
5.62341e+02  1.45e-22   6.60e-01   1.65e-01   1.65e-01   9.50e-03   1.89e-06   1.70e-09   0.00e+00   0.00e+00   
6.49382e+02  1.45e-22   6.60e-01   1.65e-01   1.65e-01   9.50e-03   1.89e-06   1.70e-09   0.00e+00   0.00e+00   
7.49894e+02  1.44e-22   6.61e-01   1.65e-01   1.65e-01   8.80e-03   1.89e-06   1.57e-09   0.00e+00   0.00e+00   
8.65964e+02  1.43e-22   6.61e-01   1.66e-01   1.66e-01   7.40e-03   1.89e-06   1.33e-09   0.00e+00   0.00e+00   
1.00000e+03  1.42e-22   6.63e-01   1.65e-01   1.65e-01   6.24e-03   1.89e-06   1.12e-09   0.00e+00   0.00e+00   
1.15478e+03  1.41e-22   6.63e-01   1.66e-01   1.66e-01   5.26e-03   1.90e-06   9.42e-10   0.00e+00   0.00e+00   
1.33352e+03  1.41e-22   6.64e-01   1.66e-01   1.66e-01   4.44e-03   1.90e-06   7.97e-10   0.00e+00   0.00e+00   
1.53993e+03  1.41e-22   6.64e-01   1.66e-01   1.66e-01   3.76e-03   1.90e-06   6.72e-10   0.00e+00   0.00e+00   
1.77828e+03  1.43e-22   6.64e-01   1.66e-01   1.66e-01   3.19e-03   1.90e-06   5.71e-10   0.00e+00   0.00e+00   
2.05353e+03  1.53e-22   6.65e-01   1.66e-01   1.66e-01   2.74e-03   1.90e-06   4.90e-10   0.00e+00   0.00e+00   
2.37137e+03  1.89e-22   6.65e-01   1.66e-01   1.66e-01   2.37e-03   1.91e-06   4.24e-10   0.00e+00   0.00e+00   
2.73842e+03  2.65e-22   6.65e-01   1.67e-01   1.67e-01   2.07e-03   1.91e-06   3.71e-10   0.00e+00   0.00e+00   
3.16228e+03  3.62e-22   6.66e-01   1.66e-01   1.66e-01   1.82e-03   1.90e-06   3.26e-10   0.00e+00   0.00e+00   
3.65174e+03  4.52e-22   6.66e-01   1.66e-01   1.66e-01   1.61e-03   1.91e-06   2.88e-10   0.00e+00   0.00e+00   
4.21697e+03  5.23e-22   6.65e-01   1.67e-01   1.67e-01   1.43e-03   1.91e-06   2.56e-10   0.00e+00   0.00e+00   
4.86968e+03  5.74e-22   6.66e-01   1.66e-01   1.66e-01   1.27e-03   1.90e-06   2.27e-10   0.00e+00   0.00e+00   
5.62341e+03  6.05e-22   6.65e-01   1.67e-01   1.67e-01   1.13e-03   1.90e-06   2.03e-10   0.00e+00   0.00e+00   
6.49382e+03  6.19e-22   6.66e-01   1.66e-01   1.66e-01   1.01e-03   1.91e-06   1.81e-10   0.00e+00   0.00e+00   
7.49894e+03  6.19e-22   6.66e-01   1.67e-01   1.67e-01   9.05e-04   1.91e-06   1.62e-10   0.00e+00   0.00e+00   
8.65964e+03  6.06e-22   6.66e-01   1.67e-01   1.67e-01   8.11e-04   1.91e-06   1.45e-10   0.00e+00   0.00e+00   
1.00000e+04  5.83e-22   6.66e-01   1.67e-01   1.67e-01   7.29e-04   1.91e-06   1.31e-10   0.00e+00   0.00e+00   
1.15478e+04  5.51e-22   6.66e-01   1.66e-01   1.66e-01   6.55e-04   1.91e-06   1.17e-10   0.00e+00   0.00e+00   
1.33352e+04  5.11e-22   6.66e-01   1.67e-01   1.67e-01   5.90e-04   1.91e-06   1.06e-10   0.00e+00   0.00e+00   
1.53993e+04  4.65e-22   6.66e-01   1.67e-01   1.67e-01   5.33e-04   1.91e-06   9.56e-11   0.00e+00   0.00e+00   
1.77828e+04  4.19e-22   6.67e-01   1.67e-01   1.67e-01   4.83e-04   1.91e-06   8.65e-11   0.00e+00   0.00e+00   
2.05353e+04  3.72e-22   6.66e-01   1.67e-01   1.67e-01   4.35e-04   1.91e-06   7.85e-11   0.00e+00   0.00e+00   
2.37137e+04  3.29e-22   6.67e-01   1.66e-01   1.66e-01   3.96e-04   1.91e-06   7.12e-11   0.00e+00   0.00e+00   
2.73842e+04  2.88e-22   6.66e-01   1.67e-01   1.67e-01   3.61e-04   1.92e-06   6.52e-11   0.00e+00   0.00e+00   
3.16228e+04  2.52e-22   6.66e-01   1.67e-01   1.67e-01   3.32e-04   1.92e-06   5.99e-11   0.00e+00   0.00e+00   
3.65174e+04  2.19e-22   6.66e-01   1.67e-01   1.67e-01   3.06e-04   1.91e-06   5.48e-11   0.00e+00   0.00e+00   
4.21697e+04  1.86e-22   6.66e-01   1.67e-01   1.67e-01   2.84e-04   1.92e-06   5.11e-11   0.00e+00   0.00e+00   
4.86968e+04  1.55e-22   6.66e-01   1.67e-01   1.67e-01   2.65e-04   1.92e-06   4.76e-11   0.00e+00   0.00e+00   
5.62341e+04  1.24e-22   6.66e-01   1.67e-01   1.67e-01   2.48e-04   1.92e-06   4.46e-11   0.00e+00   0.00e+00   
6.49382e+04  9.37e-23   6.67e-01   1.66e-01   1.66e-01   2.36e-04   1.92e-06   4.24e-11   0.00e+00   0.00e+00   
7.49894e+04  6.68e-23   6.68e-01   1.66e-01   1.66e-01   2.25e-04   1.92e-06   4.03e-11   0.00e+00   0.00e+00   
8.65964e+04  4.43e-23   6.66e-01   1.67e-01   1.67e-01   2.15e-04   1.92e-06   3.86e-11   0.00e+00   0.00e+00   
1.00000e+05  2.70e-23   6.67e-01   1.66e-01   1.66e-01   2.08e-04   1.91e-06   3.74e-11   0.00e+00   0.00e+00   
1.15478e+05  1.50e-23   6.66e-01   1.67e-01   1.67e-01   2.02e-04   1.91e-06   3.63e-11   0.00e+00   0.00e+00   
1.33352e+05  7.67e-24   6.66e-01   1.67e-01   1.67e-01   1.97e-04   1.92e-06   3.55e-11   0.00e+00   0.00e+00   
1.53993e+05  3.68e-24   6.66e-01   1.67e-01   1.67e-01   1.94e-04   1.92e-06   3.48e-11   0.00e+00   0.00e+00   
1.77828e+05  1.71e-24   6.67e-01   1.67e-01   1.67e-01   1.91e-04   1.92e-06   3.44e-11   0.00e+00   0.00e+00   
2.05353e+05  6.78e-25   6.67e-01   1.67e-01   1.67e-01   1.89e-04   1.92e-06   3.39e-11   0.00e+00   0.00e+00   
2.37137e+05  6.55e-26   6.67e-01   1.66e-01   1.66e-01   1.85e-04   1.92e-06   3.33e-11   0.00e+00   0.00e+00   
2.73842e+05  1.95e-26   6.67e-01   1.66e-01   1.66e-01   1.83e-04   1.91e-06   3.29e-11   0.00e+00   0.00e+00   
3.16228e+05  1.58e-26   6.65e-01   1.67e-01   1.67e-01   1.82e-04   1.92e-06   3.28e-11   0.00e+00   0.00e+00   
3.65174e+05  1.42e-26   6.66e-01   1.67e-01   1.67e-01   1.81e-04   1.91e-06   3.25e-11   0.00e+00   0.00e+00   
4.21697e+05  1.29e-26   6.67e-01   1.66e-01   1.66e-01   1.80e-04   1.92e-06   3.23e-11   0.00e+00   0.00e+00   
4.86968e+05  1.18e-26   6.67e-01   1.67e-01   1.67e-01   1.79e-04   1.91e-06   3.21e-11   0.00e+00   0.00e+00   
5.62341e+05  1.09e-26   6.67e-01   1.66e-01   1.66e-01   1.77e-04   1.92e-06   3.19e-11   0.00e+00   0.00e+00   
6.49382e+05  1.06e-26   6.67e-01   1.67e-01   1.67e-01   1.76e-04   1.92e-06   3.17e-11   0.00e+00   0.00e+00   
7.49894e+05  1.10e-26   6.67e-01   1.66e-01   1.66e-01   1.76e-04   1.92e-06   3.16e-11   0.00e+00   0.00e+00   
8.65964e+05  7.67e-25   6.66e-01   1.67e-01   1.67e-01   1.80e-04   1.92e-06   3.23e-11   0.00e+00   0.00e+00   
1.00000e+06  5.52e-25   6.67e-01   1.67e-01   1.67e-01   1.85e-04   1.92e-06   3.33e-11   0.00e+00   0.00e+00   
1.15478e+06  1.42e-26   6.67e-01   1.67e-01   1.67e-01   1.80e-04   1.92e-06   3.24e-11   0.00e+00   0.00e+00   
1.33352e+06  1.14e-26   6.66e-01   1.67e-01   1.67e-01   1.77e-04   1.92e-06   3.19e-11   0.00e+00   0.00e+00   
1.53993e+06  1.23e-26   6.66e-01   1.67e-01   1.67e-01   1.75e-04   1.91e-06   3.15e-11   0.00e+00   0.00e+00   
1.77828e+06  1.12e-25   6.67e-01   1.66e-01   1.66e-01   1.83e-04   1.92e-06   3.30e-11   0.00e+00   0.00e+00   
2.05353e+06  1.18e-26   6.67e-01   1.67e-01   1.67e-01   1.78e-04   1.92e-06   3.20e-11   0.00e+00   0.00e+00   
2.37137e+06  1.03e-24   6.67e-01   1.66e-01   1.66e-01   1.83e-04   1.92e-06   3.29e-11   0.00e+00   0.00e+00   
2.73842e+06  1.24e-26   6.66e-01   1.67e-01   1.67e-01   1.78e-04   1.92e-06   3.20e-11   0.00e+00   0.00e+00   
3.16228e+06  9.82e-25   6.66e-01   1.67e-01   1.67e-01   1.85e-04   1.91e-06   3.34e-11   0.00e+00   0.00e+00   
3.65174e+06  1.12e-26   6.66e-01   1.67e-01   1.67e-01   1.76e-04   1.92e-06   3.17e-11   0.00e+00   0.00e+00   
4.21697e+06  1.23e-26   6.67e-01   1.66e-01   1.66e-01   1.78e-04   1.92e-06   3.21e-11   0.00e+00   0.00e+00   
4.86968e+06  1.38e-26   6.66e-01   1.67e-01   1.67e-01   1.79e-04   1.91e-06   3.22e-11   0.00e+00   0.00e+00   
5.62341e+06  1.34e-26   6.67e-01   1.67e-01   1.67e-01   1.79e-04   1.92e-06   3.22e-11   0.00e+00   0.00e+00   
6.49382e+06  1.16e-26   6.67e-01   1.67e-01   1.67e-01   1.77e-04   1.92e-06   3.19e-11   0.00e+00   0.00e+00   
7.49894e+06  7.18e-25   6.66e-01   1.67e-01   1.67e-01   1.80e-04   1.92e-06   3.22e-11   0.00e+00   0.00e+00   
8.65964e+06  1.20e-26   6.66e-01   1.67e-01   1.67e-01   1.78e-04   1.92e-06   3.19e-11   0.00e+00   0.00e+00   
1.00000e+07  1.44e-26   6.67e-01   1.66e-01   1.66e-01   1.80e-04   1.92e-06   3.24e-11   0.00e+00   0.00e+00   
1.15478e+07  1.28e-26   6.67e-01   1.67e-01   1.67e-01   1.78e-04   1.92e-06   3.21e-11   0.00e+00   0.00e+00   
1.33352e+07  1.32e-26   6.67e-01   1.67e-01   1.67e-01   1.75e-04   1.92e-06   3.16e-11   0.00e+00   0.00e+00   
1.53993e+07  1.13e-26   6.66e-01   1.67e-01   1.67e-01   1.77e-04   1.92e-06   3.18e-11   0.00e+00   0.00e+00   
1.77828e+07  8.00e-26   6.67e-01   1.66e-01   1.66e-01   1.75e-04   1.92e-06   3.15e-11   0.00e+00   0.00e+00   
2.05353e+07  1.13e-26   6.67e-01   1.66e-01   1.66e-01   1.76e-04   1.92e-06   3.18e-11   0.00e+00   0.00e+00   
2.37137e+07  1.01e-24   6.66e-01   1.67e-01   1.67e-01   1.82e-04   1.92e-06   3.27e-11   0.00e+00   0.00e+00   
2.73842e+07  9.01e-25   6.67e-01   1.66e-01   1.66e-01   1.81e-04   1.92e-06   3.26e-11   0.00e+00   0.00e+00   
