! 0       O + OH -> O2 + H
! 1       N + OH -> NO + H
! 2       C + OH -> CO + H
! 3       OH + C+ -> H + CO+
! 4       OH + H+ -> H + OH+
! 5       OH + H3+ -> H2 + H2O+
! 6       OH + He+ -> He + H + O+
! 7       OH + HCO+ -> H + HCO2+
! 8       OH + CRPhoton -> O + H
! 9       OH + HCO+ -> CO + H2O+
!            tot_rate   0          1          2          3          4          5          6          7          8          9          
1.00000e+00  1.33e-12   1.21e-02   3.13e-03   2.86e-04   9.83e-01   6.79e-05   1.67e-05   2.57e-04   1.05e-08   2.70e-04   6.53e-09   
1.15478e+00  1.42e-12   1.21e-02   3.13e-03   3.31e-04   9.83e-01   7.80e-05   1.68e-05   2.96e-04   1.13e-08   2.70e-04   7.02e-09   
1.33352e+00  1.51e-12   1.22e-02   3.15e-03   3.85e-04   9.83e-01   9.10e-05   1.69e-05   3.43e-04   1.23e-08   2.72e-04   7.57e-09   
1.53993e+00  1.59e-12   1.22e-02   3.16e-03   4.47e-04   9.83e-01   1.05e-04   1.70e-05   3.96e-04   1.33e-08   2.72e-04   8.25e-09   
1.77828e+00  1.66e-12   1.22e-02   3.18e-03   5.21e-04   9.83e-01   1.22e-04   1.71e-05   4.59e-04   1.44e-08   2.74e-04   8.92e-09   
2.05353e+00  1.73e-12   1.23e-02   3.18e-03   6.01e-04   9.82e-01   1.40e-04   1.72e-05   5.29e-04   1.56e-08   2.75e-04   9.65e-09   
2.37137e+00  1.79e-12   1.23e-02   3.20e-03   7.03e-04   9.82e-01   1.62e-04   1.74e-05   6.14e-04   1.69e-08   2.75e-04   1.04e-08   
2.73842e+00  1.84e-12   1.24e-02   3.22e-03   8.14e-04   9.82e-01   1.88e-04   1.76e-05   7.05e-04   1.83e-08   2.77e-04   1.13e-08   
3.16228e+00  1.89e-12   1.25e-02   3.25e-03   9.50e-04   9.81e-01   2.18e-04   1.78e-05   8.17e-04   1.98e-08   2.79e-04   1.23e-08   
3.65174e+00  1.93e-12   1.26e-02   3.28e-03   1.11e-03   9.81e-01   2.52e-04   1.81e-05   9.45e-04   2.14e-08   2.81e-04   1.32e-08   
4.21697e+00  1.97e-12   1.27e-02   3.30e-03   1.28e-03   9.81e-01   2.92e-04   1.83e-05   1.09e-03   2.30e-08   2.82e-04   1.42e-08   
4.86968e+00  2.00e-12   1.28e-02   3.34e-03   1.49e-03   9.80e-01   3.38e-04   1.87e-05   1.26e-03   2.47e-08   2.85e-04   1.53e-08   
5.62341e+00  2.03e-12   1.30e-02   3.39e-03   1.74e-03   9.79e-01   3.93e-04   1.91e-05   1.46e-03   2.65e-08   2.89e-04   1.64e-08   
6.49382e+00  2.06e-12   1.33e-02   3.45e-03   2.02e-03   9.78e-01   4.57e-04   1.97e-05   1.69e-03   2.84e-08   2.93e-04   1.76e-08   
7.49894e+00  2.11e-12   1.35e-02   3.51e-03   2.35e-03   9.77e-01   5.31e-04   2.02e-05   1.95e-03   3.04e-08   2.97e-04   1.88e-08   
8.65964e+00  2.15e-12   1.37e-02   3.58e-03   2.73e-03   9.76e-01   6.18e-04   2.09e-05   2.25e-03   3.24e-08   3.01e-04   2.01e-08   
1.00000e+01  2.21e-12   1.40e-02   3.66e-03   3.17e-03   9.75e-01   7.16e-04   2.16e-05   2.60e-03   3.46e-08   3.07e-04   2.14e-08   
1.15478e+01  2.26e-12   1.44e-02   3.76e-03   3.69e-03   9.73e-01   8.36e-04   2.25e-05   3.00e-03   3.71e-08   3.13e-04   2.30e-08   
1.33352e+01  2.33e-12   1.48e-02   3.87e-03   4.28e-03   9.72e-01   9.72e-04   2.36e-05   3.47e-03   3.98e-08   3.21e-04   2.47e-08   
1.53993e+01  2.40e-12   1.52e-02   4.00e-03   4.99e-03   9.70e-01   1.13e-03   2.49e-05   3.99e-03   4.29e-08   3.29e-04   2.67e-08   
1.77828e+01  2.48e-12   1.59e-02   4.19e-03   5.80e-03   9.67e-01   1.33e-03   2.66e-05   4.59e-03   4.72e-08   3.40e-04   2.92e-08   
2.05353e+01  2.58e-12   1.65e-02   4.38e-03   6.74e-03   9.65e-01   1.56e-03   2.85e-05   5.31e-03   5.19e-08   3.52e-04   3.22e-08   
2.37137e+01  2.70e-12   1.73e-02   4.58e-03   7.84e-03   9.61e-01   1.82e-03   3.08e-05   6.06e-03   5.77e-08   3.66e-04   3.58e-08   
2.73842e+01  2.84e-12   1.83e-02   4.86e-03   9.15e-03   9.58e-01   2.14e-03   3.36e-05   6.94e-03   6.51e-08   3.84e-04   4.05e-08   
3.16228e+01  3.00e-12   1.94e-02   5.17e-03   1.07e-02   9.53e-01   2.53e-03   3.70e-05   7.87e-03   7.47e-08   4.03e-04   4.63e-08   
3.65174e+01  3.20e-12   2.07e-02   5.54e-03   1.25e-02   9.48e-01   2.98e-03   4.13e-05   8.89e-03   8.70e-08   4.26e-04   5.38e-08   
4.21697e+01  3.43e-12   2.23e-02   5.98e-03   1.46e-02   9.43e-01   3.50e-03   4.67e-05   9.95e-03   1.03e-07   4.52e-04   6.39e-08   
4.86968e+01  3.70e-12   2.43e-02   6.54e-03   1.71e-02   9.36e-01   4.16e-03   5.33e-05   1.10e-02   1.24e-07   4.84e-04   7.71e-08   
5.62341e+01  4.02e-12   2.66e-02   7.21e-03   2.00e-02   9.28e-01   4.92e-03   6.19e-05   1.21e-02   1.54e-07   5.22e-04   9.53e-08   
6.49382e+01  4.41e-12   2.95e-02   8.03e-03   2.36e-02   9.19e-01   5.83e-03   7.30e-05   1.31e-02   1.95e-07   5.69e-04   1.21e-07   
7.49894e+01  4.88e-12   3.30e-02   9.04e-03   2.79e-02   9.08e-01   6.88e-03   8.77e-05   1.40e-02   2.54e-07   6.25e-04   1.57e-07   
8.65964e+01  5.45e-12   3.72e-02   1.03e-02   3.32e-02   8.95e-01   8.10e-03   1.08e-04   1.48e-02   3.39e-07   6.93e-04   2.11e-07   
1.00000e+02  6.17e-12   4.26e-02   1.19e-02   3.97e-02   8.79e-01   9.52e-03   1.35e-04   1.54e-02   4.72e-07   7.78e-04   2.92e-07   
1.15478e+02  7.02e-12   4.94e-02   1.39e-02   4.77e-02   8.60e-01   1.11e-02   1.72e-04   1.58e-02   6.76e-07   8.83e-04   4.19e-07   
1.33352e+02  8.15e-12   5.79e-02   1.64e-02   5.76e-02   8.36e-01   1.29e-02   2.27e-04   1.63e-02   1.02e-06   1.01e-03   6.29e-07   
1.53993e+02  9.60e-12   6.85e-02   1.96e-02   7.01e-02   8.07e-01   1.50e-02   3.06e-04   1.69e-02   1.59e-06   1.18e-03   9.88e-07   
1.77828e+02  1.15e-11   8.18e-02   2.37e-02   8.54e-02   7.71e-01   1.74e-02   4.24e-04   1.77e-02   2.60e-06   1.38e-03   1.62e-06   
2.05353e+02  1.39e-11   9.84e-02   2.87e-02   1.04e-01   7.26e-01   2.03e-02   5.98e-04   1.88e-02   4.42e-06   1.62e-03   2.74e-06   
2.37137e+02  1.71e-11   1.18e-01   3.48e-02   1.26e-01   6.73e-01   2.37e-02   8.49e-04   2.01e-02   7.61e-06   1.92e-03   4.73e-06   
2.73842e+02  2.11e-11   1.41e-01   4.19e-02   1.51e-01   6.11e-01   2.77e-02   1.20e-03   2.16e-02   1.33e-05   2.25e-03   8.25e-06   
3.16228e+02  2.62e-11   1.65e-01   4.97e-02   1.77e-01   5.47e-01   3.21e-02   1.68e-03   2.28e-02   2.28e-05   2.60e-03   1.41e-05   
3.65174e+02  3.22e-11   1.92e-01   5.84e-02   2.03e-01   4.78e-01   3.63e-02   2.29e-03   2.38e-02   3.82e-05   2.98e-03   2.37e-05   
4.21697e+02  3.91e-11   2.18e-01   6.72e-02   2.29e-01   4.12e-01   4.01e-02   3.04e-03   2.41e-02   6.19e-05   3.35e-03   3.84e-05   
4.86968e+02  4.65e-11   2.45e-01   7.61e-02   2.51e-01   3.50e-01   4.21e-02   3.87e-03   2.38e-02   9.65e-05   3.72e-03   5.97e-05   
5.62341e+02  5.40e-11   2.69e-01   8.48e-02   2.69e-01   3.00e-01   4.22e-02   4.76e-03   2.28e-02   1.44e-04   4.06e-03   8.91e-05   
6.49382e+02  6.06e-11   2.89e-01   9.32e-02   2.82e-01   2.59e-01   4.11e-02   5.61e-03   2.13e-02   2.05e-04   4.37e-03   1.27e-04   
7.49894e+02  6.62e-11   3.07e-01   1.01e-01   2.90e-01   2.28e-01   3.90e-02   6.38e-03   1.93e-02   2.80e-04   4.66e-03   1.74e-04   
8.65964e+02  7.02e-11   3.22e-01   1.08e-01   2.92e-01   2.07e-01   3.70e-02   7.08e-03   1.75e-02   3.69e-04   4.93e-03   2.29e-04   
1.00000e+03  7.27e-11   3.34e-01   1.15e-01   2.90e-01   1.91e-01   3.55e-02   7.74e-03   1.58e-02   4.76e-04   5.23e-03   2.94e-04   
1.15478e+03  7.48e-11   3.48e-01   1.22e-01   2.85e-01   1.78e-01   3.40e-02   8.46e-03   1.43e-02   6.15e-04   5.56e-03   3.81e-04   
1.33352e+03  7.69e-11   3.62e-01   1.30e-01   2.80e-01   1.63e-01   3.19e-02   9.45e-03   1.31e-02   8.30e-04   6.00e-03   5.14e-04   
1.53993e+03  7.98e-11   3.81e-01   1.42e-01   2.72e-01   1.40e-01   2.87e-02   1.11e-02   1.22e-02   1.24e-03   6.63e-03   7.69e-04   
1.77828e+03  8.47e-11   4.11e-01   1.58e-01   2.60e-01   1.06e-01   2.31e-02   1.41e-02   1.17e-02   2.27e-03   7.62e-03   1.41e-03   
2.05353e+03  9.01e-11   4.57e-01   1.84e-01   2.23e-01   6.49e-02   1.65e-02   1.90e-02   1.14e-02   5.12e-03   9.24e-03   3.17e-03   
2.37137e+03  9.24e-11   5.19e-01   2.19e-01   1.34e-01   4.12e-02   1.29e-02   2.61e-02   1.18e-02   1.06e-02   1.18e-02   6.58e-03   
2.73842e+03  9.26e-11   5.64e-01   2.42e-01   5.05e-02   3.46e-02   1.24e-02   3.40e-02   1.30e-02   1.64e-02   1.48e-02   1.02e-02   
3.16228e+03  9.02e-11   5.77e-01   2.35e-01   2.54e-02   3.39e-02   1.30e-02   4.09e-02   1.42e-02   2.08e-02   1.73e-02   1.30e-02   
3.65174e+03  8.68e-11   5.83e-01   2.13e-01   2.19e-02   3.53e-02   1.38e-02   4.72e-02   1.53e-02   2.48e-02   1.96e-02   1.53e-02   
4.21697e+03  8.35e-11   5.88e-01   1.87e-01   2.19e-02   3.77e-02   1.52e-02   5.35e-02   1.66e-02   2.84e-02   2.19e-02   1.76e-02   
4.86968e+03  8.07e-11   5.91e-01   1.62e-01   2.28e-02   4.10e-02   1.68e-02   5.95e-02   1.80e-02   3.15e-02   2.40e-02   1.96e-02   
5.62341e+03  7.83e-11   5.90e-01   1.43e-01   2.41e-02   4.48e-02   1.88e-02   6.47e-02   1.93e-02   3.40e-02   2.58e-02   2.11e-02   
6.49382e+03  7.61e-11   5.83e-01   1.30e-01   2.56e-02   4.91e-02   2.08e-02   6.92e-02   2.05e-02   3.57e-02   2.73e-02   2.22e-02   
7.49894e+03  7.41e-11   5.73e-01   1.24e-01   2.75e-02   5.37e-02   2.29e-02   7.30e-02   2.16e-02   3.67e-02   2.83e-02   2.28e-02   
8.65964e+03  7.22e-11   5.60e-01   1.21e-01   2.96e-02   5.87e-02   2.53e-02   7.62e-02   2.27e-02   3.71e-02   2.91e-02   2.30e-02   
1.00000e+04  7.01e-11   5.43e-01   1.21e-01   3.21e-02   6.43e-02   2.81e-02   7.94e-02   2.38e-02   3.71e-02   2.98e-02   2.30e-02   
1.15478e+04  6.80e-11   5.25e-01   1.23e-01   3.47e-02   6.98e-02   3.10e-02   8.29e-02   2.51e-02   3.69e-02   3.04e-02   2.29e-02   
1.33352e+04  6.58e-11   5.05e-01   1.25e-01   3.77e-02   7.52e-02   3.41e-02   8.71e-02   2.66e-02   3.68e-02   3.12e-02   2.28e-02   
1.53993e+04  6.36e-11   4.84e-01   1.26e-01   4.04e-02   7.99e-02   3.70e-02   9.25e-02   2.85e-02   3.66e-02   3.21e-02   2.26e-02   
1.77828e+04  6.14e-11   4.62e-01   1.27e-01   4.31e-02   8.32e-02   3.99e-02   9.96e-02   3.09e-02   3.68e-02   3.32e-02   2.28e-02   
2.05353e+04  5.92e-11   4.39e-01   1.27e-01   4.54e-02   8.49e-02   4.25e-02   1.09e-01   3.39e-02   3.75e-02   3.48e-02   2.33e-02   
2.37137e+04  5.72e-11   4.15e-01   1.26e-01   4.74e-02   8.55e-02   4.53e-02   1.21e-01   3.76e-02   3.81e-02   3.67e-02   2.36e-02   
2.73842e+04  5.50e-11   3.87e-01   1.24e-01   4.96e-02   8.58e-02   4.82e-02   1.36e-01   4.22e-02   3.87e-02   3.91e-02   2.40e-02   
3.16228e+04  5.29e-11   3.58e-01   1.21e-01   5.18e-02   8.57e-02   5.15e-02   1.54e-01   4.77e-02   3.88e-02   4.12e-02   2.40e-02   
3.65174e+04  5.04e-11   3.23e-01   1.18e-01   5.48e-02   8.61e-02   5.56e-02   1.73e-01   5.42e-02   3.83e-02   4.38e-02   2.38e-02   
4.21697e+04  4.79e-11   2.88e-01   1.14e-01   5.79e-02   8.63e-02   6.04e-02   1.95e-01   6.16e-02   3.70e-02   4.62e-02   2.28e-02   
4.86968e+04  4.51e-11   2.51e-01   1.09e-01   6.14e-02   8.63e-02   6.65e-02   2.20e-01   7.05e-02   3.46e-02   4.83e-02   2.14e-02   
5.62341e+04  4.23e-11   2.14e-01   1.03e-01   6.50e-02   8.56e-02   7.40e-02   2.44e-01   8.09e-02   3.12e-02   5.04e-02   1.93e-02   
6.49382e+04  3.94e-11   1.77e-01   9.66e-02   6.89e-02   8.46e-02   8.31e-02   2.69e-01   9.25e-02   2.67e-02   5.16e-02   1.66e-02   
7.49894e+04  3.62e-11   1.42e-01   8.93e-02   7.33e-02   8.32e-02   9.54e-02   2.90e-01   1.06e-01   2.16e-02   5.23e-02   1.34e-02   
8.65964e+04  3.27e-11   1.11e-01   8.14e-02   7.80e-02   8.20e-02   1.12e-01   3.04e-01   1.21e-01   1.63e-02   5.20e-02   1.01e-02   
1.00000e+05  2.89e-11   8.48e-02   7.27e-02   8.41e-02   8.13e-02   1.34e-01   3.08e-01   1.37e-01   1.13e-02   5.09e-02   7.03e-03   
1.15478e+05  2.49e-11   6.30e-02   6.30e-02   9.12e-02   8.23e-02   1.67e-01   2.96e-01   1.53e-01   7.15e-03   4.82e-02   4.42e-03   
1.33352e+05  2.10e-11   4.66e-02   5.23e-02   9.98e-02   8.60e-02   2.12e-01   2.64e-01   1.66e-01   4.08e-03   4.39e-02   2.53e-03   
1.53993e+05  1.78e-11   3.50e-02   4.04e-02   1.08e-01   9.32e-02   2.74e-01   2.15e-01   1.74e-01   2.12e-03   3.84e-02   1.31e-03   
1.77828e+05  1.55e-11   2.71e-02   2.89e-02   1.14e-01   1.02e-01   3.57e-01   1.53e-01   1.71e-01   9.60e-04   3.14e-02   5.95e-04   
2.05353e+05  1.42e-11   1.90e-02   1.64e-02   1.07e-01   1.11e-01   5.09e-01   6.73e-02   1.41e-01   2.31e-04   1.99e-02   1.43e-04   
2.37137e+05  1.77e-11   8.12e-03   5.87e-03   5.38e-02   9.42e-02   7.39e-01   1.22e-02   7.45e-02   2.21e-05   8.01e-03   1.37e-05   
2.73842e+05  1.71e-11   7.54e-03   5.08e-03   5.47e-02   9.41e-02   7.42e-01   1.17e-02   7.25e-02   2.03e-05   7.83e-03   1.26e-05   
3.16228e+05  1.65e-11   7.38e-03   4.62e-03   5.74e-02   9.68e-02   7.38e-01   1.14e-02   7.20e-02   1.97e-05   7.75e-03   1.22e-05   
3.65174e+05  1.60e-11   7.39e-03   4.35e-03   6.05e-02   1.00e-01   7.33e-01   1.13e-02   7.14e-02   1.94e-05   7.77e-03   1.20e-05   
4.21697e+05  1.55e-11   7.35e-03   4.19e-03   6.34e-02   1.03e-01   7.28e-01   1.11e-02   7.09e-02   1.92e-05   7.67e-03   1.19e-05   
4.86968e+05  1.51e-11   7.30e-03   4.11e-03   6.63e-02   1.05e-01   7.23e-01   1.11e-02   7.10e-02   1.91e-05   7.70e-03   1.19e-05   
5.62341e+05  1.45e-11   7.43e-03   4.11e-03   7.01e-02   1.08e-01   7.15e-01   1.12e-02   7.15e-02   1.93e-05   7.77e-03   1.20e-05   
6.49382e+05  1.41e-11   7.47e-03   4.16e-03   7.40e-02   1.11e-01   7.07e-01   1.15e-02   7.19e-02   1.99e-05   7.83e-03   1.23e-05   
7.49894e+05  1.35e-11   7.72e-03   4.28e-03   7.87e-02   1.14e-01   6.97e-01   1.22e-02   7.38e-02   2.11e-05   8.09e-03   1.31e-05   
8.65964e+05  1.27e-11   2.11e-02   1.80e-02   1.13e-01   7.57e-02   2.87e-01   2.38e-01   1.86e-01   1.50e-03   4.11e-02   9.29e-04   
1.00000e+06  1.34e-11   1.93e-02   1.21e-02   1.15e-01   1.06e-01   4.62e-01   9.52e-02   1.57e-01   3.64e-04   2.41e-02   2.25e-04   
1.15478e+06  1.58e-11   7.38e-03   4.09e-03   6.16e-02   1.01e-01   7.32e-01   1.12e-02   7.13e-02   1.95e-05   7.70e-03   1.21e-05   
1.33352e+06  1.45e-11   7.43e-03   4.11e-03   7.02e-02   1.08e-01   7.16e-01   1.13e-02   7.16e-02   1.95e-05   7.77e-03   1.21e-05   
1.53993e+06  1.32e-11   7.95e-03   4.40e-03   8.17e-02   1.14e-01   6.90e-01   1.29e-02   7.55e-02   2.25e-05   8.33e-03   1.39e-05   
1.77828e+06  1.74e-11   8.06e-03   4.25e-03   5.64e-02   9.73e-02   7.37e-01   1.20e-02   7.37e-02   2.19e-05   7.94e-03   1.36e-05   
2.05353e+06  1.47e-11   7.44e-03   4.11e-03   6.96e-02   1.08e-01   7.16e-01   1.13e-02   7.16e-02   1.95e-05   7.78e-03   1.21e-05   
2.37137e+06  1.33e-11   2.22e-02   1.82e-02   1.12e-01   7.76e-02   2.87e-01   2.37e-01   1.85e-01   1.57e-03   4.10e-02   9.72e-04   
2.73842e+06  1.50e-11   7.41e-03   4.10e-03   6.74e-02   1.06e-01   7.21e-01   1.12e-02   7.14e-02   1.95e-05   7.74e-03   1.21e-05   
3.16228e+06  1.37e-11   2.23e-02   1.64e-02   1.16e-01   9.12e-02   3.46e-01   1.79e-01   1.80e-01   1.01e-03   3.45e-02   6.30e-04   
3.65174e+06  1.39e-11   7.56e-03   4.21e-03   7.56e-02   1.12e-01   7.04e-01   1.17e-02   7.27e-02   2.05e-05   7.92e-03   1.27e-05   
4.21697e+06  1.50e-11   7.34e-03   4.09e-03   6.74e-02   1.06e-01   7.21e-01   1.12e-02   7.14e-02   1.94e-05   7.74e-03   1.20e-05   
4.86968e+06  1.56e-11   7.36e-03   4.10e-03   6.30e-02   1.02e-01   7.29e-01   1.12e-02   7.10e-02   1.95e-05   7.74e-03   1.21e-05   
5.62341e+06  1.54e-11   7.39e-03   4.11e-03   6.42e-02   1.04e-01   7.26e-01   1.12e-02   7.13e-02   1.95e-05   7.72e-03   1.21e-05   
6.49382e+06  1.45e-11   7.43e-03   4.11e-03   7.02e-02   1.08e-01   7.16e-01   1.13e-02   7.16e-02   1.96e-05   7.78e-03   1.22e-05   
7.49894e+06  1.26e-11   2.09e-02   1.79e-02   1.13e-01   7.63e-02   2.91e-01   2.35e-01   1.85e-01   1.46e-03   4.08e-02   9.03e-04   
8.65964e+06  1.47e-11   7.39e-03   4.12e-03   6.85e-02   1.07e-01   7.19e-01   1.13e-02   7.12e-02   1.95e-05   7.80e-03   1.21e-05   
1.00000e+07  1.58e-11   7.32e-03   4.10e-03   6.17e-02   1.01e-01   7.32e-01   1.12e-02   7.13e-02   1.95e-05   7.70e-03   1.21e-05   
1.15478e+07  1.52e-11   7.37e-03   4.10e-03   6.58e-02   1.05e-01   7.24e-01   1.12e-02   7.11e-02   1.94e-05   7.70e-03   1.20e-05   
1.33352e+07  1.31e-11   8.12e-03   4.50e-03   8.35e-02   1.15e-01   6.86e-01   1.33e-02   7.66e-02   2.34e-05   8.51e-03   1.46e-05   
1.53993e+07  1.41e-11   7.54e-03   4.18e-03   7.40e-02   1.11e-01   7.07e-01   1.16e-02   7.26e-02   2.01e-05   7.90e-03   1.24e-05   
1.77828e+07  1.10e-11   1.90e-02   1.49e-02   1.39e-01   9.25e-02   3.66e-01   1.50e-01   1.74e-01   6.32e-04   3.09e-02   3.92e-04   
2.05353e+07  1.41e-11   7.51e-03   4.17e-03   7.37e-02   1.10e-01   7.08e-01   1.15e-02   7.22e-02   2.00e-05   7.86e-03   1.25e-05   
2.37137e+07  1.32e-11   2.20e-02   1.82e-02   1.12e-01   7.64e-02   2.86e-01   2.39e-01   1.85e-01   1.57e-03   4.12e-02   9.76e-04   
2.73842e+07  1.30e-11   2.16e-02   1.82e-02   1.12e-01   7.58e-02   2.85e-01   2.41e-01   1.86e-01   1.56e-03   4.14e-02   9.71e-04   
