! 0       C2H5OH + CRPhoton -> C2H5 + OH
! 1       C2H5OH + C+ -> C2H3 + H3CO+
! 2       C2H5OH + C+ -> C + C2H5OH+
! 3       C2H5OH + H3+ -> CH4 + H2O + CH3+
! 4       C2H5OH + He+ -> OH + He + C2H5+
! 5       C2H5OH + HCO+ -> CO + C2H5OH2+
! 6       C2H5OH + H3O+ -> H2O + C2H5OH2+
! 7       C2H5OH + H+ -> H + C2H5OH+
! 8       C2H5OH + H3+ -> H2 + H2 + CH3CHOH+
! 9       C2H5OH + H3+ -> CH4 + H2 + H3CO+
! 10     C2H5OH + H3+ -> H2O + H2 + H2 + C2H3+
!            tot_rate   0          1          2          3          4          5          6          7          8          9          10         
1.00000e+00  9.57e-27   3.90e-04   5.00e-01   5.00e-01   5.04e-06   1.83e-04   6.05e-09   1.04e-08   2.53e-05   1.68e-06   1.35e-06   1.35e-06   
1.15478e+00  1.68e-26   3.90e-04   5.00e-01   5.00e-01   5.06e-06   2.12e-04   6.50e-09   1.05e-08   2.93e-05   1.69e-06   1.35e-06   1.35e-06   
1.33352e+00  2.90e-26   3.93e-04   5.00e-01   5.00e-01   5.10e-06   2.45e-04   7.03e-09   1.06e-08   3.38e-05   1.70e-06   1.36e-06   1.36e-06   
1.53993e+00  4.98e-26   3.91e-04   5.00e-01   5.00e-01   5.12e-06   2.81e-04   7.60e-09   1.07e-08   3.91e-05   1.70e-06   1.36e-06   1.36e-06   
1.77828e+00  8.45e-26   3.94e-04   5.00e-01   5.00e-01   5.16e-06   3.27e-04   8.25e-09   1.08e-08   4.52e-05   1.72e-06   1.37e-06   1.37e-06   
2.05353e+00  1.42e-25   3.96e-04   5.00e-01   5.00e-01   5.20e-06   3.77e-04   8.92e-09   1.10e-08   5.23e-05   1.74e-06   1.38e-06   1.38e-06   
2.37137e+00  2.38e-25   3.96e-04   4.99e-01   4.99e-01   5.25e-06   4.37e-04   9.70e-09   1.11e-08   6.04e-05   1.75e-06   1.40e-06   1.40e-06   
2.73842e+00  3.92e-25   4.00e-04   4.99e-01   4.99e-01   5.33e-06   5.05e-04   1.05e-08   1.13e-08   7.03e-05   1.77e-06   1.42e-06   1.42e-06   
3.16228e+00  6.45e-25   4.02e-04   4.99e-01   4.99e-01   5.37e-06   5.82e-04   1.14e-08   1.15e-08   8.13e-05   1.78e-06   1.43e-06   1.43e-06   
3.65174e+00  1.05e-24   4.05e-04   4.99e-01   4.99e-01   5.44e-06   6.73e-04   1.22e-08   1.18e-08   9.41e-05   1.82e-06   1.45e-06   1.45e-06   
4.21697e+00  1.67e-24   4.09e-04   4.99e-01   4.99e-01   5.54e-06   7.78e-04   1.32e-08   1.22e-08   1.09e-04   1.85e-06   1.48e-06   1.48e-06   
4.86968e+00  2.64e-24   4.12e-04   4.99e-01   4.99e-01   5.64e-06   8.96e-04   1.42e-08   1.25e-08   1.26e-04   1.88e-06   1.50e-06   1.50e-06   
5.62341e+00  4.09e-24   4.18e-04   4.99e-01   4.99e-01   5.77e-06   1.04e-03   1.53e-08   1.30e-08   1.47e-04   1.93e-06   1.54e-06   1.54e-06   
6.49382e+00  6.25e-24   4.22e-04   4.99e-01   4.99e-01   5.92e-06   1.20e-03   1.63e-08   1.35e-08   1.71e-04   1.97e-06   1.58e-06   1.58e-06   
7.49894e+00  9.40e-24   4.29e-04   4.99e-01   4.99e-01   6.10e-06   1.39e-03   1.74e-08   1.41e-08   1.99e-04   2.03e-06   1.63e-06   1.63e-06   
8.65964e+00  1.39e-23   4.37e-04   4.99e-01   4.99e-01   6.31e-06   1.61e-03   1.87e-08   1.49e-08   2.31e-04   2.10e-06   1.68e-06   1.68e-06   
1.00000e+01  2.03e-23   4.44e-04   4.99e-01   4.99e-01   6.57e-06   1.86e-03   2.00e-08   1.58e-08   2.69e-04   2.18e-06   1.74e-06   1.74e-06   
1.15478e+01  2.91e-23   4.54e-04   4.98e-01   4.98e-01   6.81e-06   2.15e-03   2.14e-08   1.69e-08   3.12e-04   2.27e-06   1.82e-06   1.82e-06   
1.33352e+01  4.09e-23   4.67e-04   4.98e-01   4.98e-01   7.21e-06   2.49e-03   2.32e-08   1.84e-08   3.66e-04   2.40e-06   1.92e-06   1.92e-06   
1.53993e+01  5.76e-23   4.79e-04   4.98e-01   4.98e-01   7.58e-06   2.88e-03   2.50e-08   2.00e-08   4.27e-04   2.53e-06   2.03e-06   2.03e-06   
1.77828e+01  8.04e-23   4.95e-04   4.98e-01   4.98e-01   8.09e-06   3.31e-03   2.73e-08   2.22e-08   5.02e-04   2.70e-06   2.15e-06   2.15e-06   
2.05353e+01  1.12e-22   5.14e-04   4.97e-01   4.97e-01   8.70e-06   3.82e-03   3.02e-08   2.48e-08   5.89e-04   2.90e-06   2.32e-06   2.32e-06   
2.37137e+01  1.57e-22   5.37e-04   4.97e-01   4.97e-01   9.43e-06   4.39e-03   3.37e-08   2.82e-08   6.95e-04   3.14e-06   2.52e-06   2.52e-06   
2.73842e+01  2.21e-22   5.64e-04   4.97e-01   4.97e-01   1.03e-05   5.01e-03   3.82e-08   3.26e-08   8.17e-04   3.44e-06   2.75e-06   2.75e-06   
3.16228e+01  3.16e-22   5.94e-04   4.96e-01   4.96e-01   1.14e-05   5.72e-03   4.39e-08   3.82e-08   9.64e-04   3.79e-06   3.04e-06   3.04e-06   
3.65174e+01  4.58e-22   6.31e-04   4.96e-01   4.96e-01   1.28e-05   6.51e-03   5.13e-08   4.61e-08   1.14e-03   4.26e-06   3.41e-06   3.41e-06   
4.21697e+01  6.76e-22   6.74e-04   4.95e-01   4.95e-01   1.45e-05   7.32e-03   6.12e-08   5.63e-08   1.36e-03   4.83e-06   3.87e-06   3.87e-06   
4.86968e+01  1.02e-21   7.25e-04   4.95e-01   4.95e-01   1.67e-05   8.18e-03   7.43e-08   7.05e-08   1.61e-03   5.57e-06   4.46e-06   4.46e-06   
5.62341e+01  1.60e-21   7.87e-04   4.94e-01   4.94e-01   1.95e-05   9.06e-03   9.24e-08   9.06e-08   1.92e-03   6.50e-06   5.21e-06   5.21e-06   
6.49382e+01  2.59e-21   8.63e-04   4.93e-01   4.93e-01   2.32e-05   9.83e-03   1.18e-07   1.19e-07   2.29e-03   7.75e-06   6.21e-06   6.21e-06   
7.49894e+01  4.32e-21   9.62e-04   4.93e-01   4.93e-01   2.82e-05   1.06e-02   1.55e-07   1.64e-07   2.73e-03   9.41e-06   7.52e-06   7.52e-06   
8.65964e+01  7.01e-21   1.08e-03   4.92e-01   4.92e-01   3.49e-05   1.14e-02   2.11e-07   2.31e-07   3.27e-03   1.17e-05   9.33e-06   9.33e-06   
1.00000e+02  6.19e-21   1.23e-03   4.91e-01   4.91e-01   4.44e-05   1.20e-02   2.97e-07   3.39e-07   3.89e-03   1.48e-05   1.19e-05   1.19e-05   
1.15478e+02  1.76e-22   1.43e-03   4.90e-01   4.90e-01   5.86e-05   1.26e-02   4.36e-07   5.22e-07   4.65e-03   1.95e-05   1.56e-05   1.56e-05   
1.33352e+02  2.37e-22   1.68e-03   4.89e-01   4.89e-01   7.85e-05   1.34e-02   6.71e-07   8.40e-07   5.53e-03   2.62e-05   2.10e-05   2.10e-05   
1.53993e+02  3.22e-22   2.01e-03   4.88e-01   4.88e-01   1.10e-04   1.43e-02   1.09e-06   1.42e-06   6.65e-03   3.67e-05   2.93e-05   2.93e-05   
1.77828e+02  4.34e-22   2.47e-03   4.86e-01   4.86e-01   1.58e-04   1.57e-02   1.86e-06   2.54e-06   8.05e-03   5.28e-05   4.22e-05   4.22e-05   
2.05353e+02  5.76e-22   3.07e-03   4.84e-01   4.84e-01   2.36e-04   1.75e-02   3.31e-06   4.75e-06   9.89e-03   7.86e-05   6.28e-05   6.28e-05   
2.37137e+02  7.44e-22   3.88e-03   4.81e-01   4.81e-01   3.59e-04   2.02e-02   6.15e-06   9.24e-06   1.24e-02   1.20e-04   9.58e-05   9.58e-05   
2.73842e+02  9.42e-22   4.97e-03   4.77e-01   4.77e-01   5.54e-04   2.35e-02   1.17e-05   1.84e-05   1.58e-02   1.85e-04   1.48e-04   1.48e-04   
3.16228e+02  1.17e-21   6.38e-03   4.71e-01   4.71e-01   8.62e-04   2.77e-02   2.22e-05   3.70e-05   2.04e-02   2.86e-04   2.29e-04   2.29e-04   
3.65174e+02  1.44e-21   8.21e-03   4.64e-01   4.64e-01   1.32e-03   3.24e-02   4.20e-05   7.38e-05   2.61e-02   4.41e-04   3.52e-04   3.52e-04   
4.21697e+02  1.74e-21   1.06e-02   4.56e-01   4.56e-01   2.00e-03   3.76e-02   7.78e-05   1.43e-04   3.27e-02   6.68e-04   5.33e-04   5.33e-04   
4.86968e+02  2.06e-21   1.35e-02   4.48e-01   4.48e-01   2.93e-03   4.26e-02   1.39e-04   2.68e-04   3.96e-02   9.79e-04   7.81e-04   7.81e-04   
5.62341e+02  2.41e-21   1.69e-02   4.39e-01   4.39e-01   4.14e-03   4.68e-02   2.38e-04   4.72e-04   4.56e-02   1.38e-03   1.11e-03   1.11e-03   
6.49382e+02  2.80e-21   2.07e-02   4.31e-01   4.31e-01   5.56e-03   4.96e-02   3.85e-04   7.59e-04   5.03e-02   1.85e-03   1.48e-03   1.48e-03   
7.49894e+02  3.22e-21   2.46e-02   4.25e-01   4.25e-01   7.05e-03   5.06e-02   5.87e-04   1.12e-03   5.34e-02   2.35e-03   1.88e-03   1.88e-03   
8.65964e+02  3.47e-21   2.85e-02   4.21e-01   4.21e-01   8.53e-03   4.98e-02   8.47e-04   1.53e-03   5.53e-02   2.85e-03   2.28e-03   2.28e-03   
1.00000e+03  3.50e-21   3.22e-02   4.17e-01   4.17e-01   9.99e-03   4.82e-02   1.17e-03   1.97e-03   5.68e-02   3.34e-03   2.66e-03   2.66e-03   
1.15478e+03  3.37e-21   3.67e-02   4.12e-01   4.12e-01   1.17e-02   4.65e-02   1.62e-03   2.51e-03   5.81e-02   3.88e-03   3.11e-03   3.11e-03   
1.33352e+03  3.33e-21   4.26e-02   4.05e-01   4.05e-01   1.40e-02   4.59e-02   2.34e-03   3.33e-03   5.86e-02   4.68e-03   3.75e-03   3.75e-03   
1.53993e+03  3.62e-21   5.28e-02   3.92e-01   3.92e-01   1.84e-02   4.81e-02   3.92e-03   5.16e-03   5.88e-02   6.13e-03   4.92e-03   4.92e-03   
1.77828e+03  4.96e-21   7.40e-02   3.61e-01   3.61e-01   2.84e-02   5.59e-02   8.73e-03   1.06e-02   5.83e-02   9.46e-03   7.56e-03   7.56e-03   
2.05353e+03  9.38e-21   1.18e-01   2.90e-01   2.90e-01   5.03e-02   7.13e-02   2.58e-02   2.90e-02   5.45e-02   1.67e-02   1.34e-02   1.34e-02   
2.37137e+03  2.12e-20   1.66e-01   2.03e-01   2.03e-01   7.65e-02   8.17e-02   5.90e-02   5.90e-02   4.68e-02   2.54e-02   2.03e-02   2.03e-02   
2.73842e+03  4.04e-20   1.90e-01   1.56e-01   1.56e-01   9.13e-02   8.26e-02   8.34e-02   7.45e-02   4.16e-02   3.04e-02   2.44e-02   2.44e-02   
3.16228e+03  5.54e-20   2.00e-01   1.38e-01   1.38e-01   9.89e-02   8.10e-02   9.55e-02   7.72e-02   3.88e-02   3.30e-02   2.63e-02   2.63e-02   
3.65174e+03  5.64e-20   2.06e-01   1.29e-01   1.29e-01   1.03e-01   7.92e-02   1.02e-01   7.58e-02   3.76e-02   3.44e-02   2.75e-02   2.75e-02   
4.21697e+03  4.94e-20   2.09e-01   1.25e-01   1.25e-01   1.06e-01   7.78e-02   1.06e-01   7.31e-02   3.73e-02   3.53e-02   2.82e-02   2.82e-02   
4.86968e+03  4.18e-20   2.09e-01   1.24e-01   1.24e-01   1.07e-01   7.66e-02   1.08e-01   6.99e-02   3.78e-02   3.59e-02   2.87e-02   2.87e-02   
5.62341e+03  3.59e-20   2.07e-01   1.26e-01   1.26e-01   1.08e-01   7.60e-02   1.07e-01   6.62e-02   3.90e-02   3.62e-02   2.89e-02   2.89e-02   
6.49382e+03  3.15e-20   2.05e-01   1.29e-01   1.29e-01   1.08e-01   7.58e-02   1.06e-01   6.25e-02   4.03e-02   3.62e-02   2.89e-02   2.89e-02   
7.49894e+03  2.82e-20   2.02e-01   1.34e-01   1.34e-01   1.08e-01   7.55e-02   1.03e-01   5.85e-02   4.22e-02   3.62e-02   2.88e-02   2.88e-02   
8.65964e+03  2.56e-20   1.98e-01   1.40e-01   1.40e-01   1.08e-01   7.56e-02   9.94e-02   5.42e-02   4.44e-02   3.59e-02   2.87e-02   2.87e-02   
1.00000e+04  2.37e-20   1.93e-01   1.46e-01   1.46e-01   1.07e-01   7.60e-02   9.50e-02   5.02e-02   4.69e-02   3.58e-02   2.86e-02   2.86e-02   
1.15478e+04  2.24e-20   1.88e-01   1.51e-01   1.51e-01   1.07e-01   7.64e-02   9.03e-02   4.65e-02   4.96e-02   3.56e-02   2.85e-02   2.85e-02   
1.33352e+04  2.17e-20   1.84e-01   1.56e-01   1.56e-01   1.07e-01   7.74e-02   8.57e-02   4.29e-02   5.20e-02   3.57e-02   2.86e-02   2.86e-02   
1.53993e+04  2.19e-20   1.81e-01   1.58e-01   1.58e-01   1.09e-01   7.91e-02   8.19e-02   4.00e-02   5.40e-02   3.62e-02   2.90e-02   2.90e-02   
1.77828e+04  2.29e-20   1.79e-01   1.57e-01   1.57e-01   1.12e-01   8.16e-02   7.86e-02   3.77e-02   5.54e-02   3.72e-02   2.98e-02   2.98e-02   
2.05353e+04  2.48e-20   1.78e-01   1.52e-01   1.52e-01   1.16e-01   8.53e-02   7.57e-02   3.62e-02   5.64e-02   3.88e-02   3.10e-02   3.10e-02   
2.37137e+04  2.75e-20   1.78e-01   1.45e-01   1.45e-01   1.23e-01   8.99e-02   7.32e-02   3.49e-02   5.68e-02   4.08e-02   3.27e-02   3.27e-02   
2.73842e+04  3.04e-20   1.78e-01   1.38e-01   1.38e-01   1.30e-01   9.51e-02   7.01e-02   3.36e-02   5.69e-02   4.34e-02   3.45e-02   3.45e-02   
3.16228e+04  3.33e-20   1.78e-01   1.29e-01   1.29e-01   1.38e-01   1.01e-01   6.60e-02   3.21e-02   5.73e-02   4.59e-02   3.66e-02   3.66e-02   
3.65174e+04  3.59e-20   1.77e-01   1.22e-01   1.22e-01   1.46e-01   1.07e-01   6.12e-02   3.01e-02   5.79e-02   4.87e-02   3.90e-02   3.90e-02   
4.21697e+04  3.81e-20   1.75e-01   1.15e-01   1.15e-01   1.54e-01   1.15e-01   5.52e-02   2.79e-02   5.91e-02   5.15e-02   4.10e-02   4.10e-02   
4.86968e+04  3.95e-20   1.72e-01   1.07e-01   1.07e-01   1.62e-01   1.23e-01   4.86e-02   2.53e-02   6.10e-02   5.42e-02   4.33e-02   4.33e-02   
5.62341e+04  4.00e-20   1.68e-01   1.01e-01   1.01e-01   1.70e-01   1.33e-01   4.13e-02   2.26e-02   6.40e-02   5.68e-02   4.53e-02   4.53e-02   
6.49382e+04  3.93e-20   1.63e-01   9.39e-02   9.39e-02   1.77e-01   1.44e-01   3.36e-02   1.97e-02   6.80e-02   5.90e-02   4.71e-02   4.71e-02   
7.49894e+04  3.71e-20   1.58e-01   8.81e-02   8.81e-02   1.82e-01   1.57e-01   2.59e-02   1.67e-02   7.43e-02   6.06e-02   4.85e-02   4.85e-02   
8.65964e+04  3.33e-20   1.51e-01   8.32e-02   8.32e-02   1.84e-01   1.72e-01   1.87e-02   1.36e-02   8.35e-02   6.13e-02   4.90e-02   4.90e-02   
1.00000e+05  2.78e-20   1.43e-01   8.04e-02   8.04e-02   1.80e-01   1.89e-01   1.26e-02   1.06e-02   9.77e-02   6.00e-02   4.81e-02   4.81e-02   
1.15478e+05  2.12e-20   1.33e-01   8.02e-02   8.02e-02   1.70e-01   2.08e-01   7.83e-03   7.78e-03   1.19e-01   5.66e-02   4.54e-02   4.54e-02   
1.33352e+05  1.42e-20   1.21e-01   8.36e-02   8.36e-02   1.52e-01   2.26e-01   4.45e-03   5.37e-03   1.51e-01   5.05e-02   4.04e-02   4.04e-02   
1.53993e+05  8.05e-21   1.07e-01   9.10e-02   9.10e-02   1.25e-01   2.38e-01   2.33e-03   3.48e-03   1.97e-01   4.16e-02   3.33e-02   3.33e-02   
1.77828e+05  3.53e-21   8.95e-02   1.02e-01   1.02e-01   9.09e-02   2.41e-01   1.09e-03   2.08e-03   2.64e-01   3.03e-02   2.42e-02   2.42e-02   
2.05353e+05  5.87e-22   6.02e-02   1.18e-01   1.18e-01   4.24e-02   2.10e-01   2.78e-04   8.35e-04   3.97e-01   1.41e-02   1.13e-02   1.13e-02   
2.37137e+05  1.07e-23   2.59e-02   1.08e-01   1.08e-01   8.24e-03   1.19e-01   2.83e-05   1.90e-04   6.19e-01   2.75e-03   2.20e-03   2.20e-03   
2.73842e+05  9.17e-24   2.55e-02   1.08e-01   1.08e-01   7.92e-03   1.17e-01   2.62e-05   1.76e-04   6.22e-01   2.64e-03   2.12e-03   2.12e-03   
3.16228e+05  8.57e-24   2.52e-02   1.11e-01   1.11e-01   7.73e-03   1.15e-01   2.54e-05   1.66e-04   6.18e-01   2.58e-03   2.05e-03   2.05e-03   
3.65174e+05  8.31e-24   2.49e-02   1.14e-01   1.14e-01   7.57e-03   1.14e-01   2.49e-05   1.58e-04   6.14e-01   2.53e-03   2.02e-03   2.02e-03   
4.21697e+05  8.22e-24   2.48e-02   1.17e-01   1.17e-01   7.50e-03   1.13e-01   2.47e-05   1.52e-04   6.08e-01   2.49e-03   2.00e-03   2.00e-03   
4.86968e+05  8.31e-24   2.49e-02   1.20e-01   1.20e-01   7.47e-03   1.13e-01   2.47e-05   1.47e-04   6.03e-01   2.49e-03   2.00e-03   2.00e-03   
5.62341e+05  8.65e-24   2.50e-02   1.23e-01   1.23e-01   7.53e-03   1.13e-01   2.49e-05   1.43e-04   5.97e-01   2.51e-03   2.01e-03   2.01e-03   
6.49382e+05  9.39e-24   2.53e-02   1.26e-01   1.26e-01   7.70e-03   1.14e-01   2.55e-05   1.42e-04   5.89e-01   2.57e-03   2.06e-03   2.06e-03   
7.49894e+05  1.11e-23   2.60e-02   1.28e-01   1.28e-01   8.15e-03   1.17e-01   2.69e-05   1.45e-04   5.80e-01   2.71e-03   2.17e-03   2.17e-03   
8.65964e+05  5.84e-21   1.11e-01   7.21e-02   7.21e-02   1.35e-01   2.48e-01   1.61e-03   2.64e-03   2.02e-01   4.49e-02   3.60e-02   3.60e-02   
1.00000e+06  1.11e-21   7.10e-02   1.09e-01   1.09e-01   5.85e-02   2.28e-01   4.25e-04   1.10e-03   3.51e-01   1.95e-02   1.56e-02   1.56e-02   
1.15478e+06  8.55e-24   2.49e-02   1.15e-01   1.15e-01   7.58e-03   1.14e-01   2.50e-05   1.57e-04   6.11e-01   2.53e-03   2.02e-03   2.02e-03   
1.33352e+06  9.01e-24   2.51e-02   1.23e-01   1.23e-01   7.60e-03   1.14e-01   2.51e-05   1.44e-04   5.95e-01   2.53e-03   2.03e-03   2.03e-03   
1.53993e+06  1.30e-23   2.68e-02   1.30e-01   1.30e-01   8.64e-03   1.20e-01   2.87e-05   1.50e-04   5.72e-01   2.87e-03   2.30e-03   2.30e-03   
1.77828e+06  1.07e-23   2.57e-02   1.11e-01   1.11e-01   8.06e-03   1.17e-01   2.81e-05   1.82e-04   6.15e-01   2.69e-03   2.15e-03   2.15e-03   
2.05353e+06  8.96e-24   2.50e-02   1.23e-01   1.23e-01   7.57e-03   1.14e-01   2.50e-05   1.45e-04   5.96e-01   2.52e-03   2.02e-03   2.02e-03   
2.37137e+06  6.33e-21   1.11e-01   7.36e-02   7.36e-02   1.34e-01   2.48e-01   1.69e-03   2.73e-03   2.01e-01   4.47e-02   3.58e-02   3.58e-02   
2.73842e+06  8.73e-24   2.50e-02   1.20e-01   1.20e-01   7.54e-03   1.13e-01   2.50e-05   1.48e-04   6.01e-01   2.51e-03   2.00e-03   2.00e-03   
3.16228e+06  4.00e-21   9.62e-02   8.92e-02   8.92e-02   1.04e-01   2.47e-01   1.12e-03   2.11e-03   2.49e-01   3.47e-02   2.77e-02   2.77e-02   
3.65174e+06  1.02e-23   2.55e-02   1.26e-01   1.26e-01   7.89e-03   1.15e-01   2.61e-05   1.44e-04   5.86e-01   2.63e-03   2.10e-03   2.10e-03   
4.21697e+06  8.76e-24   2.49e-02   1.21e-01   1.21e-01   7.54e-03   1.13e-01   2.50e-05   1.47e-04   6.00e-01   2.51e-03   2.01e-03   2.01e-03   
4.86968e+06  8.64e-24   2.49e-02   1.17e-01   1.17e-01   7.56e-03   1.14e-01   2.50e-05   1.54e-04   6.08e-01   2.52e-03   2.01e-03   2.01e-03   
5.62341e+06  8.62e-24   2.49e-02   1.17e-01   1.17e-01   7.55e-03   1.14e-01   2.50e-05   1.53e-04   6.08e-01   2.52e-03   2.02e-03   2.02e-03   
6.49382e+06  9.12e-24   2.51e-02   1.23e-01   1.23e-01   7.62e-03   1.14e-01   2.52e-05   1.45e-04   5.95e-01   2.54e-03   2.03e-03   2.03e-03   
7.49894e+06  5.68e-21   1.11e-01   7.29e-02   7.29e-02   1.33e-01   2.48e-01   1.57e-03   2.59e-03   2.04e-01   4.45e-02   3.55e-02   3.55e-02   
8.65964e+06  8.88e-24   2.50e-02   1.22e-01   1.22e-01   7.56e-03   1.14e-01   2.50e-05   1.46e-04   5.98e-01   2.52e-03   2.02e-03   2.02e-03   
1.00000e+07  8.66e-24   2.49e-02   1.15e-01   1.15e-01   7.60e-03   1.14e-01   2.52e-05   1.57e-04   6.11e-01   2.53e-03   2.02e-03   2.02e-03   
1.15478e+07  8.67e-24   2.49e-02   1.19e-01   1.19e-01   7.54e-03   1.13e-01   2.49e-05   1.50e-04   6.04e-01   2.51e-03   2.01e-03   2.01e-03   
1.33352e+07  1.43e-23   2.73e-02   1.30e-01   1.30e-01   8.95e-03   1.22e-01   2.98e-05   1.54e-04   5.68e-01   2.98e-03   2.38e-03   2.38e-03   
1.53993e+07  9.82e-24   2.54e-02   1.25e-01   1.25e-01   7.78e-03   1.15e-01   2.58e-05   1.44e-04   5.89e-01   2.60e-03   2.08e-03   2.08e-03   
1.77828e+07  1.96e-21   8.95e-02   9.46e-02   9.46e-02   9.05e-02   2.48e-01   7.26e-04   1.49e-03   2.74e-01   3.01e-02   2.41e-02   2.41e-02   
2.05353e+07  9.64e-24   2.53e-02   1.26e-01   1.26e-01   7.73e-03   1.14e-01   2.56e-05   1.43e-04   5.89e-01   2.57e-03   2.06e-03   2.06e-03   
2.37137e+07  6.35e-21   1.11e-01   7.31e-02   7.31e-02   1.35e-01   2.47e-01   1.70e-03   2.74e-03   2.00e-01   4.50e-02   3.61e-02   3.61e-02   
2.73842e+07  6.23e-21   1.12e-01   7.23e-02   7.23e-02   1.36e-01   2.47e-01   1.69e-03   2.71e-03   1.99e-01   4.54e-02   3.63e-02   3.63e-02   
