! 0       H3+ + e- -> H + H + H
! 1       H3+ + e- -> H2 + H
! 2       CO + H3+ -> H2 + HCO+
! 3       O + H3+ -> H2 + OH+
! 4       C + H3+ -> H2 + CH+
! 5       CO + H3+ -> H2 + HOC+
! 6       O + H3+ -> H + H2O+
! 7       N2 + H3+ -> H2 + N2H+
! 8       OH + H3+ -> H2 + H2O+
! 9       H2O + H3+ -> H2 + H3O+
!            tot_rate   0          1          2          3          4          5          6          7          8          9          
1.00000e+00  2.74e-10   6.45e-01   3.46e-01   2.50e-07   6.12e-03   6.19e-05   3.24e-08   2.62e-03   7.94e-11   8.13e-08   3.44e-08   
1.15478e+00  2.75e-10   6.45e-01   3.46e-01   3.25e-07   6.12e-03   7.18e-05   4.23e-08   2.63e-03   1.19e-10   8.71e-08   3.44e-08   
1.33352e+00  2.75e-10   6.45e-01   3.46e-01   4.26e-07   6.16e-03   8.34e-05   5.54e-08   2.64e-03   1.79e-10   9.25e-08   3.45e-08   
1.53993e+00  2.75e-10   6.45e-01   3.46e-01   5.57e-07   6.16e-03   9.69e-05   7.25e-08   2.64e-03   2.68e-10   9.83e-08   3.48e-08   
1.77828e+00  2.75e-10   6.45e-01   3.46e-01   7.36e-07   6.19e-03   1.13e-04   9.54e-08   2.66e-03   4.01e-10   1.03e-07   3.51e-08   
2.05353e+00  2.75e-10   6.45e-01   3.46e-01   9.65e-07   6.23e-03   1.31e-04   1.26e-07   2.67e-03   5.97e-10   1.09e-07   3.54e-08   
2.37137e+00  2.75e-10   6.44e-01   3.47e-01   1.27e-06   6.26e-03   1.52e-04   1.66e-07   2.68e-03   8.88e-10   1.14e-07   3.59e-08   
2.73842e+00  2.75e-10   6.44e-01   3.47e-01   1.68e-06   6.30e-03   1.77e-04   2.19e-07   2.69e-03   1.31e-09   1.18e-07   3.64e-08   
3.16228e+00  2.75e-10   6.44e-01   3.47e-01   2.21e-06   6.33e-03   2.06e-04   2.89e-07   2.71e-03   1.94e-09   1.22e-07   3.71e-08   
3.65174e+00  2.76e-10   6.45e-01   3.45e-01   2.90e-06   6.34e-03   2.39e-04   3.81e-07   2.72e-03   2.84e-09   1.26e-07   3.73e-08   
4.21697e+00  2.76e-10   6.45e-01   3.46e-01   3.80e-06   6.41e-03   2.78e-04   5.00e-07   2.75e-03   4.17e-09   1.31e-07   3.84e-08   
4.86968e+00  2.76e-10   6.45e-01   3.46e-01   5.04e-06   6.48e-03   3.23e-04   6.59e-07   2.77e-03   6.09e-09   1.35e-07   3.95e-08   
5.62341e+00  2.76e-10   6.44e-01   3.46e-01   6.59e-06   6.55e-03   3.77e-04   8.69e-07   2.81e-03   8.87e-09   1.41e-07   4.05e-08   
6.49382e+00  2.76e-10   6.44e-01   3.46e-01   8.61e-06   6.62e-03   4.38e-04   1.14e-06   2.84e-03   1.28e-08   1.47e-07   4.20e-08   
7.49894e+00  2.77e-10   6.44e-01   3.46e-01   1.12e-05   6.73e-03   5.10e-04   1.49e-06   2.89e-03   1.86e-08   1.54e-07   4.34e-08   
8.65964e+00  2.77e-10   6.43e-01   3.46e-01   1.46e-05   6.83e-03   5.93e-04   1.94e-06   2.93e-03   2.68e-08   1.62e-07   4.55e-08   
1.00000e+01  2.78e-10   6.44e-01   3.45e-01   1.89e-05   6.95e-03   6.87e-04   2.52e-06   2.98e-03   3.85e-08   1.71e-07   4.75e-08   
1.15478e+01  2.78e-10   6.44e-01   3.45e-01   2.44e-05   7.12e-03   8.02e-04   3.28e-06   3.05e-03   5.50e-08   1.83e-07   5.03e-08   
1.33352e+01  2.78e-10   6.43e-01   3.45e-01   3.14e-05   7.29e-03   9.34e-04   4.24e-06   3.13e-03   7.87e-08   1.98e-07   5.39e-08   
1.53993e+01  2.79e-10   6.42e-01   3.46e-01   4.02e-05   7.50e-03   1.09e-03   5.49e-06   3.22e-03   1.12e-07   2.15e-07   5.81e-08   
1.77828e+01  2.80e-10   6.43e-01   3.44e-01   5.14e-05   7.72e-03   1.26e-03   7.04e-06   3.31e-03   1.60e-07   2.36e-07   6.32e-08   
2.05353e+01  2.80e-10   6.42e-01   3.45e-01   6.53e-05   8.03e-03   1.48e-03   9.03e-06   3.44e-03   2.27e-07   2.63e-07   6.99e-08   
2.37137e+01  2.81e-10   6.42e-01   3.45e-01   8.30e-05   8.34e-03   1.72e-03   1.15e-05   3.56e-03   3.23e-07   2.97e-07   7.84e-08   
2.73842e+01  2.81e-10   6.40e-01   3.45e-01   1.05e-04   8.75e-03   2.01e-03   1.48e-05   3.74e-03   4.59e-07   3.39e-07   8.90e-08   
3.16228e+01  2.82e-10   6.41e-01   3.43e-01   1.32e-04   9.17e-03   2.35e-03   1.89e-05   3.93e-03   6.48e-07   3.93e-07   1.03e-07   
3.65174e+01  2.83e-10   6.40e-01   3.43e-01   1.67e-04   9.72e-03   2.76e-03   2.42e-05   4.17e-03   9.19e-07   4.67e-07   1.21e-07   
4.21697e+01  2.83e-10   6.39e-01   3.43e-01   2.11e-04   1.04e-02   3.24e-03   3.11e-05   4.45e-03   1.30e-06   5.64e-07   1.46e-07   
4.86968e+01  2.84e-10   6.37e-01   3.42e-01   2.67e-04   1.11e-02   3.80e-03   4.01e-05   4.75e-03   1.85e-06   6.94e-07   1.81e-07   
5.62341e+01  2.84e-10   6.36e-01   3.41e-01   3.39e-04   1.21e-02   4.50e-03   5.20e-05   5.17e-03   2.62e-06   8.75e-07   2.29e-07   
6.49382e+01  2.85e-10   6.35e-01   3.40e-01   4.32e-04   1.31e-02   5.33e-03   6.74e-05   5.61e-03   3.72e-06   1.13e-06   2.98e-07   
7.49894e+01  2.85e-10   6.32e-01   3.39e-01   5.55e-04   1.45e-02   6.36e-03   8.89e-05   6.22e-03   5.34e-06   1.50e-06   4.04e-07   
8.65964e+01  2.84e-10   6.30e-01   3.38e-01   7.18e-04   1.62e-02   7.67e-03   1.18e-04   6.93e-03   7.71e-06   2.07e-06   5.63e-07   
1.00000e+02  2.84e-10   6.27e-01   3.36e-01   9.30e-04   1.83e-02   9.26e-03   1.57e-04   7.85e-03   1.12e-05   2.92e-06   8.13e-07   
1.15478e+02  2.84e-10   6.23e-01   3.33e-01   1.22e-03   2.09e-02   1.13e-02   2.12e-04   8.98e-03   1.64e-05   4.26e-06   1.20e-06   
1.33352e+02  2.83e-10   6.18e-01   3.31e-01   1.62e-03   2.43e-02   1.39e-02   2.91e-04   1.04e-02   2.44e-05   6.53e-06   1.89e-06   
1.53993e+02  2.82e-10   6.10e-01   3.28e-01   2.18e-03   2.88e-02   1.73e-02   4.04e-04   1.23e-02   3.69e-05   1.04e-05   3.11e-06   
1.77828e+02  2.82e-10   6.02e-01   3.22e-01   2.93e-03   3.44e-02   2.16e-02   5.60e-04   1.47e-02   5.56e-05   1.73e-05   5.35e-06   
2.05353e+02  2.81e-10   5.90e-01   3.17e-01   3.98e-03   4.16e-02   2.74e-02   7.89e-04   1.79e-02   8.49e-05   2.96e-05   9.67e-06   
2.37137e+02  2.81e-10   5.76e-01   3.09e-01   5.40e-03   5.08e-02   3.47e-02   1.11e-03   2.18e-02   1.29e-04   5.15e-05   1.79e-05   
2.73842e+02  2.81e-10   5.56e-01   2.99e-01   7.34e-03   6.27e-02   4.38e-02   1.55e-03   2.68e-02   1.94e-04   9.05e-05   3.40e-05   
3.16228e+02  2.81e-10   5.34e-01   2.87e-01   9.87e-03   7.62e-02   5.49e-02   2.17e-03   3.27e-02   2.86e-04   1.56e-04   6.45e-05   
3.65174e+02  2.80e-10   5.07e-01   2.73e-01   1.32e-02   9.28e-02   6.79e-02   3.00e-03   3.96e-02   4.14e-04   2.63e-04   1.21e-04   
4.21697e+02  2.80e-10   4.78e-01   2.56e-01   1.73e-02   1.11e-01   8.24e-02   4.10e-03   4.74e-02   5.85e-04   4.24e-04   2.19e-04   
4.86968e+02  2.80e-10   4.46e-01   2.38e-01   2.26e-02   1.30e-01   9.71e-02   5.57e-03   5.53e-02   8.10e-04   6.42e-04   3.78e-04   
5.62341e+02  2.79e-10   4.12e-01   2.21e-01   2.90e-02   1.48e-01   1.12e-01   7.45e-03   6.34e-02   1.10e-03   9.20e-04   6.12e-04   
6.49382e+02  2.80e-10   3.83e-01   2.04e-01   3.68e-02   1.64e-01   1.23e-01   9.83e-03   7.04e-02   1.47e-03   1.22e-03   9.12e-04   
7.49894e+02  2.79e-10   3.55e-01   1.90e-01   4.59e-02   1.77e-01   1.32e-01   1.28e-02   7.60e-02   1.94e-03   1.51e-03   1.26e-03   
8.65964e+02  2.79e-10   3.32e-01   1.78e-01   5.64e-02   1.87e-01   1.37e-01   1.64e-02   8.00e-02   2.51e-03   1.78e-03   1.62e-03   
1.00000e+03  2.78e-10   3.14e-01   1.68e-01   6.83e-02   1.93e-01   1.39e-01   2.08e-02   8.30e-02   3.19e-03   2.02e-03   1.98e-03   
1.15478e+03  2.78e-10   2.96e-01   1.59e-01   8.23e-02   1.98e-01   1.38e-01   2.61e-02   8.52e-02   4.03e-03   2.28e-03   2.37e-03   
1.33352e+03  2.78e-10   2.74e-01   1.47e-01   1.00e-01   2.04e-01   1.36e-01   3.29e-02   8.74e-02   5.07e-03   2.62e-03   2.92e-03   
1.53993e+03  2.78e-10   2.43e-01   1.30e-01   1.24e-01   2.13e-01   1.33e-01   4.25e-02   9.11e-02   6.52e-03   3.18e-03   3.96e-03   
1.77828e+03  2.78e-10   1.94e-01   1.04e-01   1.59e-01   2.27e-01   1.28e-01   5.66e-02   9.73e-02   8.76e-03   4.29e-03   6.38e-03   
2.05353e+03  2.77e-10   1.34e-01   7.22e-02   2.08e-01   2.41e-01   1.06e-01   7.69e-02   1.03e-01   1.21e-02   6.17e-03   1.22e-02   
2.37137e+03  2.77e-10   1.01e-01   5.44e-02   2.57e-01   2.37e-01   5.63e-02   9.81e-02   1.02e-01   1.67e-02   8.69e-03   2.05e-02   
2.73842e+03  2.78e-10   9.51e-02   5.12e-02   2.91e-01   2.20e-01   1.81e-02   1.13e-01   9.44e-02   2.30e-02   1.13e-02   2.58e-02   
3.16228e+03  2.78e-10   9.52e-02   5.10e-02   3.07e-01   2.01e-01   8.12e-03   1.21e-01   8.59e-02   3.13e-02   1.33e-02   2.71e-02   
3.65174e+03  2.79e-10   9.62e-02   5.17e-02   3.16e-01   1.83e-01   6.35e-03   1.26e-01   7.86e-02   4.02e-02   1.47e-02   2.68e-02   
4.21697e+03  2.79e-10   9.75e-02   5.24e-02   3.22e-01   1.69e-01   5.85e-03   1.29e-01   7.24e-02   4.77e-02   1.60e-02   2.60e-02   
4.86968e+03  2.79e-10   9.97e-02   5.34e-02   3.28e-01   1.58e-01   5.63e-03   1.32e-01   6.78e-02   5.34e-02   1.72e-02   2.51e-02   
5.62341e+03  2.79e-10   1.03e-01   5.48e-02   3.32e-01   1.49e-01   5.63e-03   1.34e-01   6.38e-02   5.70e-02   1.82e-02   2.42e-02   
6.49382e+03  2.79e-10   1.06e-01   5.67e-02   3.35e-01   1.42e-01   5.77e-03   1.36e-01   6.10e-02   5.84e-02   1.89e-02   2.34e-02   
7.49894e+03  2.79e-10   1.09e-01   5.89e-02   3.37e-01   1.37e-01   6.07e-03   1.37e-01   5.85e-02   5.85e-02   1.94e-02   2.25e-02   
8.65964e+03  2.78e-10   1.14e-01   6.14e-02   3.38e-01   1.32e-01   6.47e-03   1.38e-01   5.68e-02   5.75e-02   1.98e-02   2.16e-02   
1.00000e+04  2.78e-10   1.19e-01   6.40e-02   3.39e-01   1.28e-01   6.98e-03   1.38e-01   5.50e-02   5.57e-02   2.00e-02   2.08e-02   
1.15478e+04  2.78e-10   1.26e-01   6.73e-02   3.38e-01   1.24e-01   7.59e-03   1.38e-01   5.33e-02   5.36e-02   2.03e-02   2.00e-02   
1.33352e+04  2.78e-10   1.32e-01   7.10e-02   3.37e-01   1.20e-01   8.25e-03   1.37e-01   5.11e-02   5.11e-02   2.06e-02   1.93e-02   
1.53993e+04  2.77e-10   1.39e-01   7.46e-02   3.34e-01   1.15e-01   8.91e-03   1.36e-01   4.94e-02   4.83e-02   2.12e-02   1.89e-02   
1.77828e+04  2.77e-10   1.46e-01   7.83e-02   3.29e-01   1.10e-01   9.53e-03   1.34e-01   4.73e-02   4.58e-02   2.21e-02   1.87e-02   
2.05353e+04  2.77e-10   1.54e-01   8.27e-02   3.22e-01   1.05e-01   1.00e-02   1.32e-01   4.48e-02   4.33e-02   2.34e-02   1.87e-02   
2.37137e+04  2.77e-10   1.62e-01   8.70e-02   3.14e-01   9.89e-02   1.05e-02   1.28e-01   4.22e-02   4.08e-02   2.50e-02   1.89e-02   
2.73842e+04  2.77e-10   1.71e-01   9.21e-02   3.03e-01   9.28e-02   1.10e-02   1.24e-01   3.97e-02   3.79e-02   2.71e-02   1.93e-02   
3.16228e+04  2.77e-10   1.83e-01   9.82e-02   2.89e-01   8.60e-02   1.16e-02   1.19e-01   3.68e-02   3.51e-02   2.93e-02   1.95e-02   
3.65174e+04  2.77e-10   1.97e-01   1.06e-01   2.73e-01   7.88e-02   1.24e-02   1.12e-01   3.38e-02   3.19e-02   3.16e-02   1.97e-02   
4.21697e+04  2.77e-10   2.14e-01   1.15e-01   2.54e-01   7.15e-02   1.33e-02   1.05e-01   3.07e-02   2.85e-02   3.38e-02   1.96e-02   
4.86968e+04  2.77e-10   2.35e-01   1.26e-01   2.31e-01   6.40e-02   1.45e-02   9.61e-02   2.75e-02   2.49e-02   3.58e-02   1.94e-02   
5.62341e+04  2.77e-10   2.59e-01   1.39e-01   2.06e-01   5.67e-02   1.60e-02   8.60e-02   2.42e-02   2.14e-02   3.72e-02   1.89e-02   
6.49382e+04  2.77e-10   2.87e-01   1.54e-01   1.77e-01   4.91e-02   1.78e-02   7.44e-02   2.11e-02   1.78e-02   3.83e-02   1.81e-02   
7.49894e+04  2.77e-10   3.21e-01   1.72e-01   1.47e-01   4.19e-02   2.01e-02   6.21e-02   1.80e-02   1.43e-02   3.79e-02   1.70e-02   
8.65964e+04  2.77e-10   3.59e-01   1.93e-01   1.16e-01   3.52e-02   2.30e-02   4.95e-02   1.51e-02   1.09e-02   3.59e-02   1.55e-02   
1.00000e+05  2.77e-10   4.01e-01   2.16e-01   8.64e-02   2.89e-02   2.67e-02   3.72e-02   1.24e-02   7.80e-03   3.21e-02   1.34e-02   
1.15478e+05  2.78e-10   4.47e-01   2.39e-01   6.05e-02   2.33e-02   3.14e-02   2.63e-02   9.98e-03   5.01e-03   2.65e-02   1.09e-02   
1.33352e+05  2.78e-10   4.89e-01   2.62e-01   4.06e-02   1.86e-02   3.70e-02   1.77e-02   7.98e-03   2.86e-03   2.00e-02   8.20e-03   
1.53993e+05  2.78e-10   5.25e-01   2.83e-01   2.61e-02   1.51e-02   4.35e-02   1.15e-02   6.44e-03   1.42e-03   1.38e-02   5.69e-03   
1.77828e+05  2.80e-10   5.58e-01   2.99e-01   1.59e-02   1.24e-02   4.86e-02   7.01e-03   5.29e-03   6.15e-04   8.48e-03   3.52e-03   
2.05353e+05  2.81e-10   5.91e-01   3.17e-01   6.98e-03   9.40e-03   4.95e-02   3.07e-03   4.02e-03   1.78e-04   3.41e-03   1.36e-03   
2.37137e+05  2.83e-10   6.26e-01   3.36e-01   1.63e-03   4.42e-03   2.71e-02   7.14e-04   1.89e-03   2.93e-05   7.64e-04   2.58e-04   
2.73842e+05  2.83e-10   6.26e-01   3.36e-01   1.55e-03   4.10e-03   2.77e-02   6.76e-04   1.75e-03   1.91e-05   7.07e-04   2.39e-04   
3.16228e+05  2.83e-10   6.26e-01   3.35e-01   1.53e-03   3.99e-03   2.89e-02   6.68e-04   1.71e-03   1.27e-05   6.65e-04   2.26e-04   
3.65174e+05  2.82e-10   6.24e-01   3.36e-01   1.53e-03   3.97e-03   3.04e-02   6.66e-04   1.70e-03   8.86e-06   6.38e-04   2.17e-04   
4.21697e+05  2.82e-10   6.23e-01   3.35e-01   1.53e-03   3.97e-03   3.18e-02   6.69e-04   1.70e-03   6.80e-06   6.09e-04   2.09e-04   
4.86968e+05  2.83e-10   6.23e-01   3.34e-01   1.54e-03   3.96e-03   3.33e-02   6.72e-04   1.69e-03   5.77e-06   5.91e-04   2.03e-04   
5.62341e+05  2.83e-10   6.22e-01   3.33e-01   1.55e-03   3.96e-03   3.48e-02   6.79e-04   1.70e-03   5.41e-06   5.76e-04   2.00e-04   
6.49382e+05  2.82e-10   6.20e-01   3.33e-01   1.59e-03   4.00e-03   3.65e-02   6.94e-04   1.72e-03   5.46e-06   5.70e-04   2.00e-04   
7.49894e+05  2.83e-10   6.19e-01   3.32e-01   1.65e-03   4.10e-03   3.89e-02   7.21e-04   1.76e-03   5.76e-06   5.80e-04   2.05e-04   
8.65964e+05  2.78e-10   5.35e-01   2.87e-01   1.70e-02   9.01e-03   4.49e-02   7.61e-03   3.88e-03   2.19e-04   1.09e-02   4.49e-03   
1.00000e+06  2.80e-10   5.82e-01   3.12e-01   8.63e-03   9.28e-03   5.17e-02   3.82e-03   4.00e-03   5.99e-05   4.57e-03   1.86e-03   
1.15478e+06  2.82e-10   6.24e-01   3.35e-01   1.54e-03   3.97e-03   3.10e-02   6.73e-04   1.71e-03   5.10e-06   6.31e-04   2.15e-04   
1.33352e+06  2.83e-10   6.22e-01   3.33e-01   1.56e-03   3.99e-03   3.51e-02   6.85e-04   1.70e-03   5.23e-06   5.79e-04   2.01e-04   
1.53993e+06  2.82e-10   6.17e-01   3.32e-01   1.72e-03   4.22e-03   4.04e-02   7.51e-04   1.81e-03   6.09e-06   6.02e-04   2.15e-04   
1.77828e+06  2.83e-10   6.25e-01   3.35e-01   1.65e-03   4.38e-03   2.84e-02   7.17e-04   1.87e-03   5.72e-06   7.35e-04   2.48e-04   
2.05353e+06  2.83e-10   6.22e-01   3.33e-01   1.56e-03   3.96e-03   3.46e-02   6.82e-04   1.70e-03   5.19e-06   5.83e-04   2.02e-04   
2.37137e+06  2.79e-10   5.35e-01   2.86e-01   1.78e-02   9.47e-03   4.45e-02   7.97e-03   4.06e-03   2.28e-04   1.13e-02   4.67e-03   
2.73842e+06  2.83e-10   6.22e-01   3.34e-01   1.55e-03   3.96e-03   3.35e-02   6.79e-04   1.70e-03   5.13e-06   5.94e-04   2.05e-04   
3.16228e+06  2.79e-10   5.55e-01   2.97e-01   1.48e-02   1.00e-02   4.87e-02   6.59e-03   4.29e-03   1.49e-04   8.77e-03   3.61e-03   
3.65174e+06  2.83e-10   6.19e-01   3.32e-01   1.62e-03   4.07e-03   3.75e-02   7.08e-04   1.74e-03   5.52e-06   5.77e-04   2.03e-04   
4.21697e+06  2.83e-10   6.22e-01   3.34e-01   1.55e-03   3.96e-03   3.36e-02   6.79e-04   1.70e-03   5.13e-06   5.94e-04   2.05e-04   
4.86968e+06  2.82e-10   6.23e-01   3.35e-01   1.54e-03   3.97e-03   3.17e-02   6.73e-04   1.70e-03   5.10e-06   6.20e-04   2.12e-04   
5.62341e+06  2.82e-10   6.23e-01   3.35e-01   1.54e-03   3.96e-03   3.21e-02   6.76e-04   1.70e-03   5.10e-06   6.12e-04   2.10e-04   
6.49382e+06  2.83e-10   6.22e-01   3.33e-01   1.57e-03   3.99e-03   3.51e-02   6.85e-04   1.71e-03   5.26e-06   5.79e-04   2.02e-04   
7.49894e+06  2.78e-10   5.35e-01   2.88e-01   1.67e-02   8.98e-03   4.56e-02   7.51e-03   3.84e-03   2.14e-04   1.07e-02   4.42e-03   
8.65964e+06  2.83e-10   6.22e-01   3.33e-01   1.56e-03   3.96e-03   3.42e-02   6.82e-04   1.70e-03   5.16e-06   5.87e-04   2.03e-04   
1.00000e+07  2.82e-10   6.23e-01   3.35e-01   1.54e-03   3.97e-03   3.11e-02   6.73e-04   1.71e-03   5.14e-06   6.31e-04   2.15e-04   
1.15478e+07  2.83e-10   6.23e-01   3.34e-01   1.55e-03   3.96e-03   3.29e-02   6.76e-04   1.70e-03   5.13e-06   6.02e-04   2.07e-04   
1.33352e+07  2.82e-10   6.16e-01   3.31e-01   1.76e-03   4.29e-03   4.11e-02   7.69e-04   1.84e-03   6.34e-06   6.16e-04   2.22e-04   
1.53993e+07  2.82e-10   6.20e-01   3.33e-01   1.60e-03   4.04e-03   3.68e-02   7.01e-04   1.73e-03   5.45e-06   5.77e-04   2.02e-04   
1.77828e+07  2.79e-10   5.59e-01   3.00e-01   1.08e-02   8.89e-03   6.02e-02   4.77e-03   3.80e-03   7.28e-05   5.91e-03   2.60e-03   
2.05353e+07  2.82e-10   6.20e-01   3.33e-01   1.59e-03   4.04e-03   3.65e-02   6.98e-04   1.72e-03   5.38e-06   5.77e-04   2.02e-04   
2.37137e+07  2.79e-10   5.34e-01   2.86e-01   1.78e-02   9.40e-03   4.45e-02   7.96e-03   4.02e-03   2.29e-04   1.13e-02   4.66e-03   
2.73842e+07  2.78e-10   5.33e-01   2.87e-01   1.76e-02   9.21e-03   4.46e-02   7.88e-03   3.96e-03   2.29e-04   1.13e-02   4.64e-03   
