! 0       NH3 + H3+ -> H2 + NH4+
! 1       NH3 + HCO+ -> CO + NH4+
! 2       NH3 + C+ -> H + H2NC+
! 3       NH3 + H+ -> H + NH3+
! 4       NH3 + He+ -> He + H + NH2+
! 5       NH3 + H3O+ -> H2O + NH4+
! 6       NH3 + CRPhoton -> NH + H2
! 7       NH3 + CRPhoton -> NH2 + H
! 8       NH3 + C+ -> C + NH3+
! 9       NH3 + CRPhoton -> NH3+ + e-
! 10      NH3 + C+ -> H2 + HCN+
!            tot_rate   0          1          2          3          4          5          6          7          8          9          10         
1.00000e+00  6.47e-14   9.57e-05   3.93e-08   6.68e-01   2.02e-04   6.96e-04   5.32e-08   6.29e-04   4.00e-04   2.78e-01   2.10e-04   4.98e-02   
1.15478e+00  5.84e-14   9.59e-05   4.21e-08   6.67e-01   2.33e-04   8.04e-04   5.35e-08   6.29e-04   4.01e-04   2.79e-01   2.09e-04   4.97e-02   
1.33352e+00  5.17e-14   9.65e-05   4.56e-08   6.67e-01   2.71e-04   9.28e-04   5.40e-08   6.30e-04   4.02e-04   2.78e-01   2.11e-04   4.97e-02   
1.53993e+00  4.50e-14   9.72e-05   4.94e-08   6.67e-01   3.14e-04   1.07e-03   5.45e-08   6.34e-04   4.03e-04   2.78e-01   2.11e-04   4.98e-02   
1.77828e+00  3.84e-14   9.76e-05   5.34e-08   6.66e-01   3.62e-04   1.24e-03   5.49e-08   6.35e-04   4.04e-04   2.79e-01   2.11e-04   4.97e-02   
2.05353e+00  3.20e-14   9.82e-05   5.79e-08   6.66e-01   4.16e-04   1.43e-03   5.57e-08   6.35e-04   4.04e-04   2.78e-01   2.12e-04   4.97e-02   
2.37137e+00  2.59e-14   9.91e-05   6.24e-08   6.67e-01   4.82e-04   1.65e-03   5.63e-08   6.36e-04   4.05e-04   2.78e-01   2.12e-04   4.97e-02   
2.73842e+00  2.03e-14   1.01e-04   6.80e-08   6.65e-01   5.57e-04   1.91e-03   5.77e-08   6.41e-04   4.09e-04   2.78e-01   2.14e-04   4.98e-02   
3.16228e+00  1.53e-14   1.02e-04   7.36e-08   6.65e-01   6.48e-04   2.21e-03   5.86e-08   6.47e-04   4.12e-04   2.79e-01   2.16e-04   4.98e-02   
3.65174e+00  1.12e-14   1.03e-04   7.90e-08   6.65e-01   7.48e-04   2.55e-03   5.97e-08   6.49e-04   4.13e-04   2.78e-01   2.16e-04   4.96e-02   
4.21697e+00  7.79e-15   1.04e-04   8.51e-08   6.65e-01   8.65e-04   2.94e-03   6.12e-08   6.54e-04   4.16e-04   2.77e-01   2.18e-04   4.96e-02   
4.86968e+00  5.15e-15   1.06e-04   9.15e-08   6.64e-01   1.00e-03   3.40e-03   6.31e-08   6.60e-04   4.19e-04   2.78e-01   2.19e-04   4.95e-02   
5.62341e+00  3.24e-15   1.08e-04   9.79e-08   6.64e-01   1.16e-03   3.92e-03   6.52e-08   6.67e-04   4.23e-04   2.77e-01   2.22e-04   4.94e-02   
6.49382e+00  1.93e-15   1.11e-04   1.05e-07   6.63e-01   1.35e-03   4.53e-03   6.78e-08   6.73e-04   4.29e-04   2.77e-01   2.25e-04   4.95e-02   
7.49894e+00  1.12e-15   1.14e-04   1.12e-07   6.62e-01   1.57e-03   5.22e-03   7.09e-08   6.82e-04   4.34e-04   2.77e-01   2.27e-04   4.94e-02   
8.65964e+00  6.55e-16   1.18e-04   1.19e-07   6.61e-01   1.82e-03   6.02e-03   7.45e-08   6.92e-04   4.40e-04   2.76e-01   2.31e-04   4.93e-02   
1.00000e+01  4.28e-16   1.22e-04   1.27e-07   6.61e-01   2.11e-03   6.96e-03   7.91e-08   7.03e-04   4.48e-04   2.75e-01   2.33e-04   4.93e-02   
1.15478e+01  3.49e-16   1.27e-04   1.36e-07   6.59e-01   2.45e-03   8.02e-03   8.45e-08   7.16e-04   4.55e-04   2.76e-01   2.39e-04   4.93e-02   
1.33352e+01  3.59e-16   1.32e-04   1.45e-07   6.58e-01   2.84e-03   9.20e-03   9.06e-08   7.31e-04   4.66e-04   2.74e-01   2.43e-04   4.91e-02   
1.53993e+01  4.25e-16   1.39e-04   1.57e-07   6.57e-01   3.30e-03   1.06e-02   9.87e-08   7.49e-04   4.76e-04   2.73e-01   2.50e-04   4.90e-02   
1.77828e+01  5.38e-16   1.48e-04   1.70e-07   6.55e-01   3.85e-03   1.21e-02   1.09e-07   7.70e-04   4.89e-04   2.73e-01   2.57e-04   4.87e-02   
2.05353e+01  7.01e-16   1.57e-04   1.87e-07   6.52e-01   4.50e-03   1.39e-02   1.21e-07   7.94e-04   5.05e-04   2.73e-01   2.64e-04   4.87e-02   
2.37137e+01  9.21e-16   1.69e-04   2.07e-07   6.50e-01   5.24e-03   1.59e-02   1.37e-07   8.22e-04   5.22e-04   2.71e-01   2.74e-04   4.84e-02   
2.73842e+01  1.21e-15   1.84e-04   2.33e-07   6.48e-01   6.14e-03   1.80e-02   1.56e-07   8.53e-04   5.44e-04   2.71e-01   2.85e-04   4.83e-02   
3.16228e+01  1.57e-15   2.02e-04   2.66e-07   6.45e-01   7.21e-03   2.03e-02   1.83e-07   8.94e-04   5.68e-04   2.69e-01   2.97e-04   4.81e-02   
3.65174e+01  2.00e-15   2.24e-04   3.08e-07   6.41e-01   8.42e-03   2.28e-02   2.16e-07   9.37e-04   5.96e-04   2.68e-01   3.13e-04   4.79e-02   
4.21697e+01  2.49e-15   2.51e-04   3.62e-07   6.38e-01   9.91e-03   2.54e-02   2.62e-07   9.91e-04   6.30e-04   2.67e-01   3.30e-04   4.77e-02   
4.86968e+01  3.05e-15   2.85e-04   4.32e-07   6.35e-01   1.16e-02   2.79e-02   3.23e-07   1.05e-03   6.68e-04   2.65e-01   3.50e-04   4.72e-02   
5.62341e+01  3.63e-15   3.28e-04   5.32e-07   6.31e-01   1.36e-02   3.06e-02   4.10e-07   1.13e-03   7.19e-04   2.64e-01   3.77e-04   4.71e-02   
6.49382e+01  4.24e-15   3.84e-04   6.67e-07   6.27e-01   1.60e-02   3.28e-02   5.33e-07   1.22e-03   7.76e-04   2.62e-01   4.06e-04   4.67e-02   
7.49894e+01  4.83e-15   4.59e-04   8.63e-07   6.23e-01   1.88e-02   3.48e-02   7.14e-07   1.33e-03   8.46e-04   2.61e-01   4.43e-04   4.63e-02   
8.65964e+01  5.39e-15   5.60e-04   1.15e-06   6.19e-01   2.21e-02   3.65e-02   9.94e-07   1.47e-03   9.36e-04   2.58e-01   4.91e-04   4.62e-02   
1.00000e+02  5.96e-15   6.98e-04   1.59e-06   6.14e-01   2.57e-02   3.78e-02   1.43e-06   1.64e-03   1.05e-03   2.57e-01   5.47e-04   4.58e-02   
1.15478e+02  6.56e-15   8.93e-04   2.29e-06   6.10e-01   3.00e-02   3.89e-02   2.15e-06   1.86e-03   1.18e-03   2.54e-01   6.20e-04   4.54e-02   
1.33352e+02  7.22e-15   1.18e-03   3.42e-06   6.04e-01   3.49e-02   4.00e-02   3.37e-06   2.13e-03   1.36e-03   2.52e-01   7.13e-04   4.50e-02   
1.53993e+02  8.02e-15   1.60e-03   5.41e-06   5.97e-01   4.08e-02   4.17e-02   5.57e-06   2.49e-03   1.60e-03   2.49e-01   8.32e-04   4.45e-02   
1.77828e+02  9.18e-15   2.23e-03   8.96e-06   5.88e-01   4.78e-02   4.42e-02   9.63e-06   2.96e-03   1.88e-03   2.45e-01   9.87e-04   4.38e-02   
2.05353e+02  1.14e-14   3.20e-03   1.55e-05   5.77e-01   5.68e-02   4.79e-02   1.74e-05   3.56e-03   2.26e-03   2.40e-01   1.19e-03   4.30e-02   
2.37137e+02  1.59e-14   4.68e-03   2.75e-05   5.61e-01   6.84e-02   5.27e-02   3.24e-05   4.31e-03   2.74e-03   2.34e-01   1.44e-03   4.18e-02   
2.73842e+02  2.25e-14   6.89e-03   4.98e-05   5.42e-01   8.31e-02   5.86e-02   6.13e-05   5.24e-03   3.34e-03   2.27e-01   1.75e-03   4.04e-02   
3.16228e+02  3.02e-14   1.01e-02   8.97e-05   5.19e-01   1.01e-01   6.52e-02   1.17e-04   6.39e-03   4.07e-03   2.17e-01   2.13e-03   3.87e-02   
3.65174e+02  3.83e-14   1.46e-02   1.59e-04   4.93e-01   1.22e-01   7.21e-02   2.20e-04   7.75e-03   4.93e-03   2.06e-01   2.58e-03   3.68e-02   
4.21697e+02  4.62e-14   2.06e-02   2.75e-04   4.67e-01   1.43e-01   7.79e-02   4.00e-04   9.30e-03   5.93e-03   1.95e-01   3.09e-03   3.48e-02   
4.86968e+02  5.35e-14   2.84e-02   4.59e-04   4.41e-01   1.61e-01   8.25e-02   6.97e-04   1.11e-02   7.04e-03   1.84e-01   3.70e-03   3.29e-02   
5.62341e+02  6.08e-14   3.75e-02   7.37e-04   4.19e-01   1.74e-01   8.49e-02   1.14e-03   1.30e-02   8.27e-03   1.74e-01   4.32e-03   3.12e-02   
6.49382e+02  6.80e-14   4.72e-02   1.12e-03   4.03e-01   1.81e-01   8.48e-02   1.74e-03   1.50e-02   9.53e-03   1.68e-01   5.00e-03   3.00e-02   
7.49894e+02  7.49e-14   5.71e-02   1.63e-03   3.92e-01   1.81e-01   8.22e-02   2.44e-03   1.69e-02   1.08e-02   1.64e-01   5.64e-03   2.92e-02   
8.65964e+02  8.13e-14   6.63e-02   2.25e-03   3.86e-01   1.81e-01   7.77e-02   3.20e-03   1.88e-02   1.20e-02   1.61e-01   6.27e-03   2.88e-02   
1.00000e+03  8.72e-14   7.47e-02   2.98e-03   3.83e-01   1.79e-01   7.22e-02   3.96e-03   2.05e-02   1.31e-02   1.59e-01   6.84e-03   2.86e-02   
1.15478e+03  9.27e-14   8.36e-02   3.96e-03   3.81e-01   1.75e-01   6.69e-02   4.83e-03   2.23e-02   1.42e-02   1.59e-01   7.46e-03   2.84e-02   
1.33352e+03  9.96e-14   9.61e-02   5.49e-03   3.74e-01   1.69e-01   6.30e-02   6.16e-03   2.48e-02   1.58e-02   1.57e-01   8.26e-03   2.79e-02   
1.53993e+03  1.11e-13   1.18e-01   8.63e-03   3.56e-01   1.59e-01   6.18e-02   8.93e-03   2.88e-02   1.84e-02   1.49e-01   9.58e-03   2.66e-02   
1.77828e+03  1.34e-13   1.65e-01   1.74e-02   3.08e-01   1.42e-01   6.50e-02   1.67e-02   3.65e-02   2.32e-02   1.29e-01   1.22e-02   2.30e-02   
2.05353e+03  1.95e-13   2.44e-01   4.29e-02   2.17e-01   1.11e-01   6.96e-02   3.79e-02   4.84e-02   3.08e-02   9.05e-02   1.62e-02   1.62e-02   
2.37137e+03  3.32e-13   3.13e-01   8.28e-02   1.34e-01   8.04e-02   6.69e-02   6.54e-02   5.75e-02   3.67e-02   5.57e-02   1.92e-02   9.97e-03   
2.73842e+03  5.25e-13   3.48e-01   1.09e-01   9.86e-02   6.65e-02   6.30e-02   7.65e-02   6.15e-02   3.90e-02   4.11e-02   2.06e-02   7.35e-03   
3.16228e+03  7.52e-13   3.66e-01   1.22e-01   8.60e-02   6.04e-02   6.01e-02   7.71e-02   6.29e-02   4.00e-02   3.59e-02   2.10e-02   6.41e-03   
3.65174e+03  9.83e-13   3.74e-01   1.28e-01   8.04e-02   5.74e-02   5.78e-02   7.45e-02   6.34e-02   4.03e-02   3.36e-02   2.12e-02   5.99e-03   
4.21697e+03  1.18e-12   3.80e-01   1.31e-01   7.80e-02   5.65e-02   5.61e-02   7.12e-02   6.34e-02   4.04e-02   3.26e-02   2.12e-02   5.82e-03   
4.86968e+03  1.31e-12   3.84e-01   1.32e-01   7.76e-02   5.68e-02   5.50e-02   6.75e-02   6.32e-02   4.03e-02   3.24e-02   2.11e-02   5.79e-03   
5.62341e+03  1.39e-12   3.86e-01   1.32e-01   7.90e-02   5.82e-02   5.44e-02   6.38e-02   6.27e-02   3.99e-02   3.29e-02   2.09e-02   5.87e-03   
6.49382e+03  1.41e-12   3.87e-01   1.30e-01   8.15e-02   6.06e-02   5.42e-02   6.02e-02   6.21e-02   3.96e-02   3.39e-02   2.07e-02   6.05e-03   
7.49894e+03  1.38e-12   3.88e-01   1.27e-01   8.45e-02   6.38e-02   5.44e-02   5.66e-02   6.13e-02   3.90e-02   3.54e-02   2.04e-02   6.32e-03   
8.65964e+03  1.33e-12   3.88e-01   1.23e-01   8.93e-02   6.75e-02   5.46e-02   5.28e-02   6.03e-02   3.84e-02   3.71e-02   2.01e-02   6.63e-03   
1.00000e+04  1.26e-12   3.88e-01   1.19e-01   9.33e-02   7.16e-02   5.52e-02   4.92e-02   5.93e-02   3.77e-02   3.91e-02   1.98e-02   6.97e-03   
1.15478e+04  1.20e-12   3.89e-01   1.13e-01   9.79e-02   7.59e-02   5.59e-02   4.56e-02   5.81e-02   3.70e-02   4.08e-02   1.94e-02   7.29e-03   
1.33352e+04  1.13e-12   3.91e-01   1.08e-01   1.01e-01   7.97e-02   5.68e-02   4.23e-02   5.70e-02   3.63e-02   4.21e-02   1.90e-02   7.52e-03   
1.53993e+04  1.09e-12   3.96e-01   1.02e-01   1.02e-01   8.27e-02   5.79e-02   3.93e-02   5.59e-02   3.56e-02   4.26e-02   1.86e-02   7.62e-03   
1.77828e+04  1.06e-12   4.04e-01   9.73e-02   1.01e-01   8.44e-02   5.94e-02   3.69e-02   5.50e-02   3.49e-02   4.21e-02   1.83e-02   7.53e-03   
2.05353e+04  1.06e-12   4.16e-01   9.29e-02   9.74e-02   8.45e-02   6.12e-02   3.49e-02   5.40e-02   3.43e-02   4.05e-02   1.80e-02   7.23e-03   
2.37137e+04  1.07e-12   4.31e-01   8.83e-02   9.14e-02   8.37e-02   6.33e-02   3.30e-02   5.32e-02   3.38e-02   3.82e-02   1.77e-02   6.81e-03   
2.73842e+04  1.10e-12   4.48e-01   8.30e-02   8.51e-02   8.24e-02   6.57e-02   3.13e-02   5.22e-02   3.32e-02   3.55e-02   1.74e-02   6.33e-03   
3.16228e+04  1.13e-12   4.66e-01   7.67e-02   7.88e-02   8.13e-02   6.85e-02   2.92e-02   5.10e-02   3.25e-02   3.29e-02   1.70e-02   5.88e-03   
3.65174e+04  1.15e-12   4.83e-01   6.96e-02   7.31e-02   8.08e-02   7.15e-02   2.69e-02   4.97e-02   3.16e-02   3.05e-02   1.66e-02   5.45e-03   
4.21697e+04  1.17e-12   5.01e-01   6.17e-02   6.77e-02   8.09e-02   7.49e-02   2.44e-02   4.82e-02   3.07e-02   2.83e-02   1.61e-02   5.05e-03   
4.86968e+04  1.18e-12   5.18e-01   5.32e-02   6.28e-02   8.20e-02   7.90e-02   2.18e-02   4.66e-02   2.96e-02   2.62e-02   1.55e-02   4.68e-03   
5.62341e+04  1.18e-12   5.33e-01   4.43e-02   5.82e-02   8.43e-02   8.36e-02   1.91e-02   4.47e-02   2.84e-02   2.43e-02   1.49e-02   4.34e-03   
6.49382e+04  1.17e-12   5.46e-01   3.54e-02   5.41e-02   8.86e-02   8.94e-02   1.64e-02   4.28e-02   2.73e-02   2.26e-02   1.43e-02   4.04e-03   
7.49894e+04  1.14e-12   5.55e-01   2.70e-02   5.06e-02   9.49e-02   9.58e-02   1.37e-02   4.08e-02   2.59e-02   2.11e-02   1.36e-02   3.77e-03   
8.65964e+04  1.06e-12   5.55e-01   1.94e-02   4.80e-02   1.06e-01   1.04e-01   1.11e-02   3.86e-02   2.46e-02   2.00e-02   1.29e-02   3.58e-03   
1.00000e+05  9.38e-13   5.44e-01   1.30e-02   4.69e-02   1.24e-01   1.14e-01   8.62e-03   3.64e-02   2.32e-02   1.96e-02   1.21e-02   3.50e-03   
1.15478e+05  7.65e-13   5.15e-01   8.10e-03   4.76e-02   1.52e-01   1.26e-01   6.36e-03   3.41e-02   2.17e-02   1.99e-02   1.14e-02   3.54e-03   
1.33352e+05  5.66e-13   4.66e-01   4.68e-03   5.10e-02   1.94e-01   1.39e-01   4.43e-03   3.14e-02   2.01e-02   2.12e-02   1.05e-02   3.80e-03   
1.53993e+05  3.87e-13   3.90e-01   2.50e-03   5.71e-02   2.61e-01   1.50e-01   2.92e-03   2.84e-02   1.81e-02   2.39e-02   9.46e-03   4.26e-03   
1.77828e+05  2.54e-13   2.90e-01   1.19e-03   6.61e-02   3.55e-01   1.55e-01   1.79e-03   2.43e-02   1.55e-02   2.75e-02   8.10e-03   4.92e-03   
2.05353e+05  1.54e-13   1.36e-01   3.05e-04   7.67e-02   5.38e-01   1.36e-01   7.21e-04   1.64e-02   1.05e-02   3.20e-02   5.48e-03   5.70e-03   
2.37137e+05  1.08e-13   2.45e-02   2.89e-05   6.34e-02   7.75e-01   7.06e-02   1.52e-04   6.56e-03   4.17e-03   2.65e-02   2.19e-03   4.73e-03   
2.73842e+05  1.09e-13   2.35e-02   2.67e-05   6.37e-02   7.78e-01   6.92e-02   1.41e-04   6.44e-03   4.10e-03   2.66e-02   2.14e-03   4.74e-03   
3.16228e+05  1.09e-13   2.30e-02   2.58e-05   6.56e-02   7.76e-01   6.86e-02   1.32e-04   6.38e-03   4.06e-03   2.74e-02   2.12e-03   4.90e-03   
3.65174e+05  1.09e-13   2.27e-02   2.55e-05   6.78e-02   7.74e-01   6.84e-02   1.27e-04   6.36e-03   4.04e-03   2.83e-02   2.12e-03   5.05e-03   
4.21697e+05  1.09e-13   2.25e-02   2.53e-05   7.00e-02   7.71e-01   6.83e-02   1.22e-04   6.36e-03   4.04e-03   2.92e-02   2.12e-03   5.22e-03   
4.86968e+05  1.09e-13   2.26e-02   2.54e-05   7.21e-02   7.67e-01   6.85e-02   1.19e-04   6.38e-03   4.06e-03   3.01e-02   2.13e-03   5.37e-03   
5.62341e+05  1.09e-13   2.28e-02   2.58e-05   7.43e-02   7.63e-01   6.90e-02   1.17e-04   6.44e-03   4.10e-03   3.10e-02   2.15e-03   5.53e-03   
6.49382e+05  1.09e-13   2.35e-02   2.65e-05   7.64e-02   7.57e-01   6.99e-02   1.16e-04   6.56e-03   4.17e-03   3.19e-02   2.19e-03   5.69e-03   
7.49894e+05  1.10e-13   2.50e-02   2.83e-05   7.87e-02   7.49e-01   7.21e-02   1.19e-04   6.80e-03   4.33e-03   3.29e-02   2.27e-03   5.87e-03   
8.65964e+05  3.10e-13   4.10e-01   1.68e-03   4.55e-02   2.58e-01   1.51e-01   2.16e-03   2.88e-02   1.83e-02   1.90e-02   9.62e-03   3.39e-03   
1.00000e+06  1.68e-13   1.88e-01   4.67e-04   7.13e-02   4.75e-01   1.47e-01   9.56e-04   1.94e-02   1.24e-02   2.98e-02   6.47e-03   5.32e-03   
1.15478e+06  1.10e-13   2.28e-02   2.57e-05   6.88e-02   7.73e-01   6.86e-02   1.26e-04   6.37e-03   4.06e-03   2.87e-02   2.12e-03   5.13e-03   
1.33352e+06  1.10e-13   2.31e-02   2.61e-05   7.46e-02   7.62e-01   6.93e-02   1.17e-04   6.48e-03   4.12e-03   3.11e-02   2.16e-03   5.56e-03   
1.53993e+06  1.11e-13   2.66e-02   3.02e-05   7.97e-02   7.43e-01   7.40e-02   1.24e-04   7.03e-03   4.47e-03   3.33e-02   2.34e-03   5.94e-03   
1.77828e+06  1.11e-13   2.41e-02   2.88e-05   6.59e-02   7.74e-01   7.03e-02   1.47e-04   6.52e-03   4.16e-03   2.75e-02   2.18e-03   4.91e-03   
2.05353e+06  1.10e-13   2.30e-02   2.60e-05   7.40e-02   7.64e-01   6.91e-02   1.19e-04   6.46e-03   4.11e-03   3.09e-02   2.15e-03   5.51e-03   
2.37137e+06  3.12e-13   4.10e-01   1.76e-03   4.64e-02   2.58e-01   1.51e-01   2.25e-03   2.87e-02   1.83e-02   1.93e-02   9.58e-03   3.46e-03   
2.73842e+06  1.10e-13   2.28e-02   2.58e-05   7.24e-02   7.67e-01   6.88e-02   1.20e-04   6.41e-03   4.08e-03   3.02e-02   2.14e-03   5.40e-03   
3.16228e+06  2.44e-13   3.26e-01   1.21e-03   5.74e-02   3.29e-01   1.56e-01   1.78e-03   2.57e-02   1.63e-02   2.40e-02   8.56e-03   4.26e-03   
3.65174e+06  1.11e-13   2.41e-02   2.74e-05   7.72e-02   7.55e-01   7.09e-02   1.18e-04   6.66e-03   4.24e-03   3.23e-02   2.22e-03   5.76e-03   
4.21697e+06  1.11e-13   2.28e-02   2.58e-05   7.27e-02   7.66e-01   6.89e-02   1.20e-04   6.42e-03   4.09e-03   3.03e-02   2.14e-03   5.41e-03   
4.86968e+06  1.11e-13   2.28e-02   2.57e-05   6.98e-02   7.71e-01   6.85e-02   1.25e-04   6.38e-03   4.06e-03   2.92e-02   2.13e-03   5.20e-03   
5.62341e+06  1.11e-13   2.28e-02   2.57e-05   7.04e-02   7.70e-01   6.85e-02   1.24e-04   6.38e-03   4.06e-03   2.94e-02   2.13e-03   5.25e-03   
6.49382e+06  1.11e-13   2.32e-02   2.62e-05   7.47e-02   7.62e-01   6.94e-02   1.19e-04   6.49e-03   4.13e-03   3.11e-02   2.16e-03   5.57e-03   
7.49894e+06  3.08e-13   4.06e-01   1.64e-03   4.61e-02   2.62e-01   1.52e-01   2.12e-03   2.87e-02   1.82e-02   1.92e-02   9.54e-03   3.44e-03   
8.65964e+06  1.11e-13   2.29e-02   2.60e-05   7.35e-02   7.65e-01   6.90e-02   1.19e-04   6.44e-03   4.10e-03   3.07e-02   2.14e-03   5.47e-03   
1.00000e+07  1.11e-13   2.28e-02   2.58e-05   6.89e-02   7.73e-01   6.85e-02   1.26e-04   6.37e-03   4.06e-03   2.88e-02   2.13e-03   5.14e-03   
1.15478e+07  1.11e-13   2.28e-02   2.58e-05   7.17e-02   7.68e-01   6.87e-02   1.21e-04   6.40e-03   4.08e-03   2.99e-02   2.13e-03   5.34e-03   
1.33352e+07  1.12e-13   2.76e-02   3.16e-05   8.02e-02   7.40e-01   7.52e-02   1.28e-04   7.17e-03   4.56e-03   3.35e-02   2.39e-03   5.98e-03   
1.53993e+07  1.11e-13   2.38e-02   2.69e-05   7.64e-02   7.57e-01   7.03e-02   1.17e-04   6.60e-03   4.19e-03   3.19e-02   2.20e-03   5.70e-03   
1.77828e+07  2.00e-13   2.86e-01   7.89e-04   6.09e-02   3.65e-01   1.58e-01   1.26e-03   2.41e-02   1.53e-02   2.55e-02   8.04e-03   4.55e-03   
2.05353e+07  1.11e-13   2.36e-02   2.67e-05   7.61e-02   7.58e-01   7.00e-02   1.17e-04   6.56e-03   4.18e-03   3.17e-02   2.19e-03   5.67e-03   
2.37137e+07  3.14e-13   4.11e-01   1.77e-03   4.62e-02   2.57e-01   1.51e-01   2.25e-03   2.89e-02   1.84e-02   1.92e-02   9.62e-03   3.44e-03   
2.73842e+07  3.16e-13   4.14e-01   1.75e-03   4.55e-02   2.55e-01   1.51e-01   2.23e-03   2.89e-02   1.84e-02   1.90e-02   9.64e-03   3.38e-03   
