! 0       CH3CHCH2 + OH -> CH3CHO + CH3
! 1       O + C2H5 -> CH3CHO + H
! 2       CH3CHOH+ + e- -> CH3CHO + H
! 3       CH + CH3OH -> CH3CHO + H
! 4       *H + *CH3CO -> CH3CHO
! 5       CH3OCH2 + H -> CH3CHO + H2
! 6       NH3 + CH3CHOH+ -> CH3CHO + NH4+
! 7       CH3COCH4+ + e- -> CH3CHO + CH3
! 8       CH3CHO+ + GRAIN -> CH3CHO + GRAIN
! 9       CH3CHOH+ + GRAIN -> CH3CHO + H + GRAIN
!            tot_rate   0          1          2          3          4          5          6          7          8          9          
1.00000e+00  1.92e-19   1.88e-08   7.27e-03   3.31e-04   9.92e-01   5.61e-16   1.09e-12   3.27e-13   2.10e-08   1.84e-07   2.69e-10   
1.15478e+00  1.21e-19   4.72e-08   1.96e-02   6.69e-04   9.80e-01   1.78e-15   3.87e-12   5.98e-13   2.41e-08   2.07e-07   5.45e-10   
1.33352e+00  7.14e-20   1.26e-07   5.64e-02   1.44e-03   9.42e-01   6.06e-15   1.44e-11   1.15e-12   2.72e-08   2.28e-07   1.18e-09   
1.53993e+00  4.12e-20   3.37e-07   1.64e-01   3.16e-03   8.33e-01   2.18e-14   5.34e-11   2.19e-12   2.84e-08   2.34e-07   2.57e-09   
1.77828e+00  2.69e-20   7.88e-07   4.17e-01   6.02e-03   5.76e-01   7.18e-14   1.72e-10   3.60e-12   2.50e-08   2.01e-07   4.95e-09   
2.05353e+00  2.46e-20   1.29e-06   7.44e-01   8.17e-03   2.46e-01   1.76e-13   3.89e-10   4.11e-12   1.70e-08   1.34e-07   6.75e-09   
2.37137e+00  3.19e-20   1.47e-06   9.27e-01   7.70e-03   6.36e-02   3.19e-13   6.11e-10   3.16e-12   1.16e-08   8.99e-08   6.39e-09   
2.73842e+00  4.80e-20   1.42e-06   9.80e-01   6.24e-03   1.18e-02   5.22e-13   8.22e-10   2.02e-12   1.02e-08   7.78e-08   5.18e-09   
3.16228e+00  7.44e-20   1.32e-06   9.92e-01   4.85e-03   1.75e-03   8.68e-13   1.06e-09   1.20e-12   1.04e-08   7.78e-08   4.06e-09   
3.65174e+00  1.15e-19   1.20e-06   9.95e-01   3.74e-03   2.08e-04   1.48e-12   1.36e-09   6.86e-13   1.10e-08   8.02e-08   3.16e-09   
4.21697e+00  1.72e-19   1.12e-06   9.96e-01   2.95e-03   2.31e-05   2.64e-12   1.78e-09   3.81e-13   1.16e-08   8.39e-08   2.50e-09   
4.86968e+00  2.54e-19   1.04e-06   9.97e-01   2.32e-03   5.83e-06   4.81e-12   2.33e-09   2.02e-13   1.23e-08   8.67e-08   1.99e-09   
5.62341e+00  3.65e-19   9.81e-07   9.97e-01   1.87e-03   4.99e-06   8.93e-12   3.12e-09   1.04e-13   1.30e-08   8.96e-08   1.62e-09   
6.49382e+00  5.13e-19   9.33e-07   9.98e-01   1.52e-03   5.42e-06   1.69e-11   4.21e-09   5.18e-14   1.36e-08   9.24e-08   1.33e-09   
7.49894e+00  7.01e-19   9.04e-07   9.98e-01   1.26e-03   6.05e-06   3.26e-11   5.82e-09   2.55e-14   1.43e-08   9.54e-08   1.12e-09   
8.65964e+00  9.34e-19   8.92e-07   9.98e-01   1.07e-03   6.84e-06   6.38e-11   8.12e-09   1.31e-14   1.50e-08   9.82e-08   9.67e-10   
1.00000e+01  1.21e-18   8.99e-07   9.98e-01   9.32e-04   7.84e-06   1.25e-10   1.15e-08   7.72e-15   1.57e-08   1.01e-07   8.58e-10   
1.15478e+01  1.52e-18   9.33e-07   9.98e-01   8.34e-04   9.20e-06   2.46e-10   1.64e-08   5.87e-15   1.66e-08   1.04e-07   7.82e-10   
1.33352e+01  1.87e-18   9.88e-07   9.99e-01   7.69e-04   1.08e-05   4.80e-10   2.37e-08   5.77e-15   1.75e-08   1.07e-07   7.37e-10   
1.53993e+01  2.24e-18   1.08e-06   9.99e-01   7.27e-04   1.32e-05   9.36e-10   3.46e-08   6.82e-15   1.85e-08   1.11e-07   7.18e-10   
1.77828e+01  2.65e-18   1.22e-06   9.99e-01   7.05e-04   1.62e-05   1.81e-09   5.09e-08   8.89e-15   1.96e-08   1.15e-07   7.16e-10   
2.05353e+01  3.08e-18   1.43e-06   9.99e-01   7.00e-04   2.04e-05   3.50e-09   7.59e-08   1.23e-14   2.10e-08   1.19e-07   7.39e-10   
2.37137e+01  3.56e-18   1.73e-06   9.98e-01   7.14e-04   2.61e-05   6.72e-09   1.14e-07   1.77e-14   2.26e-08   1.24e-07   7.85e-10   
2.73842e+01  4.09e-18   2.17e-06   9.98e-01   7.39e-04   3.38e-05   1.29e-08   1.71e-07   2.62e-14   2.45e-08   1.30e-07   8.52e-10   
3.16228e+01  4.73e-18   2.79e-06   9.98e-01   7.76e-04   4.40e-05   2.43e-08   2.58e-07   3.91e-14   2.69e-08   1.37e-07   9.41e-10   
3.65174e+01  5.50e-18   3.75e-06   9.98e-01   8.24e-04   5.75e-05   4.56e-08   3.87e-07   5.89e-14   2.96e-08   1.45e-07   1.06e-09   
4.21697e+01  6.47e-18   5.18e-06   9.98e-01   8.81e-04   7.57e-05   8.47e-08   5.82e-07   8.85e-14   3.31e-08   1.54e-07   1.21e-09   
4.86968e+01  7.70e-18   7.42e-06   9.98e-01   9.51e-04   1.01e-04   1.57e-07   8.84e-07   1.34e-13   3.72e-08   1.66e-07   1.40e-09   
5.62341e+01  9.25e-18   1.10e-05   9.98e-01   1.04e-03   1.36e-04   2.96e-07   1.36e-06   2.01e-13   4.24e-08   1.79e-07   1.66e-09   
6.49382e+01  1.12e-17   1.71e-05   9.97e-01   1.15e-03   1.86e-04   5.75e-07   2.13e-06   3.06e-13   4.91e-08   1.97e-07   2.01e-09   
7.49894e+01  1.38e-17   2.72e-05   9.97e-01   1.29e-03   2.59e-04   1.20e-06   3.40e-06   4.70e-13   5.71e-08   2.16e-07   2.48e-09   
8.65964e+01  1.72e-17   4.51e-05   9.97e-01   1.46e-03   3.61e-04   2.99e-06   5.43e-06   7.35e-13   6.76e-08   2.40e-07   3.13e-09   
1.00000e+02  2.13e-17   7.76e-05   9.97e-01   1.64e-03   3.98e-04   1.50e-05   5.88e-06   1.15e-12   8.09e-08   2.71e-07   3.98e-09   
1.15478e+02  3.03e-16   1.20e-05   9.95e-01   4.75e-04   8.04e-07   4.25e-03   2.82e-05   4.78e-13   9.33e-08   2.96e-07   1.32e-09   
1.33352e+02  5.08e-16   1.61e-05   9.96e-01   4.00e-04   7.01e-07   3.50e-03   3.07e-05   5.93e-13   1.20e-07   3.62e-07   1.31e-09   
1.53993e+02  6.70e-16   2.78e-05   9.96e-01   4.36e-04   8.09e-07   3.78e-03   4.42e-05   9.99e-13   1.49e-07   4.33e-07   1.70e-09   
1.77828e+02  7.65e-16   5.49e-05   9.94e-01   5.77e-04   1.17e-06   5.16e-03   8.09e-05   2.17e-12   1.88e-07   5.28e-07   2.73e-09   
2.05353e+02  6.36e-16   1.46e-04   9.87e-01   1.15e-03   2.72e-06   1.14e-02   2.40e-04   7.92e-12   2.45e-07   6.63e-07   6.66e-09   
2.37137e+02  3.02e-16   6.55e-04   9.52e-01   3.87e-03   1.17e-05   4.20e-02   1.22e-03   5.69e-11   3.23e-07   8.46e-07   2.81e-08   
2.73842e+02  1.91e-16   2.13e-03   8.88e-01   8.62e-03   3.28e-05   9.72e-02   3.85e-03   2.74e-10   4.05e-07   1.03e-06   7.89e-08   
3.16228e+02  1.73e-16   4.69e-03   8.39e-01   1.20e-02   5.78e-05   1.37e-01   7.35e-03   7.98e-10   5.35e-07   1.28e-06   1.41e-07   
3.65174e+02  1.67e-16   9.41e-03   8.09e-01   1.41e-02   8.69e-05   1.56e-01   1.13e-02   1.84e-09   7.37e-07   1.61e-06   2.10e-07   
4.21697e+02  1.61e-16   1.82e-02   8.14e-01   1.51e-02   1.15e-04   1.39e-01   1.34e-02   3.60e-09   1.05e-06   2.01e-06   2.79e-07   
4.86968e+02  1.53e-16   3.41e-02   8.55e-01   1.53e-02   1.36e-04   8.48e-02   1.07e-02   6.33e-09   1.53e-06   2.53e-06   3.57e-07   
5.62341e+02  1.49e-16   5.96e-02   8.93e-01   1.63e-02   1.77e-04   2.63e-02   4.33e-03   1.11e-08   2.20e-06   3.08e-06   4.68e-07   
6.49382e+02  1.55e-16   9.34e-02   8.82e-01   1.80e-02   3.55e-04   4.89e-03   9.60e-04   1.91e-08   3.03e-06   3.61e-06   6.19e-07   
7.49894e+02  1.70e-16   1.34e-01   8.42e-01   1.92e-02   9.71e-04   3.27e-03   7.18e-04   2.97e-08   3.98e-06   4.18e-06   7.71e-07   
8.65964e+02  1.91e-16   1.83e-01   7.89e-01   1.87e-02   5.18e-03   2.96e-03   7.58e-04   3.97e-08   4.92e-06   4.73e-06   8.63e-07   
1.00000e+03  2.24e-16   2.35e-01   7.24e-01   1.69e-02   2.13e-02   2.53e-03   7.42e-04   4.69e-08   5.81e-06   5.18e-06   8.67e-07   
1.15478e+03  2.68e-16   2.91e-01   6.65e-01   1.48e-02   2.58e-02   2.22e-03   7.40e-04   5.31e-08   6.69e-06   5.79e-06   8.63e-07   
1.33352e+03  3.35e-16   3.49e-01   6.06e-01   1.30e-02   2.95e-02   1.90e-03   7.19e-04   6.33e-08   7.97e-06   6.45e-06   8.68e-07   
1.53993e+03  4.60e-16   4.07e-01   5.48e-01   1.20e-02   3.13e-02   1.61e-03   6.91e-04   9.24e-08   1.05e-05   7.37e-06   9.78e-07   
1.77828e+03  7.37e-16   4.61e-01   4.94e-01   1.29e-02   3.04e-02   1.35e-03   6.67e-04   2.14e-07   1.70e-05   8.79e-06   1.45e-06   
2.05353e+03  1.49e-15   5.09e-01   4.49e-01   1.65e-02   2.32e-02   1.08e-03   6.10e-04   8.80e-07   3.02e-05   9.74e-06   2.77e-06   
2.37137e+03  3.61e-15   5.48e-01   4.21e-01   1.97e-02   1.01e-02   6.59e-04   4.21e-04   3.07e-06   3.10e-05   9.28e-06   4.46e-06   
2.73842e+03  8.28e-15   5.69e-01   4.06e-01   2.20e-02   3.12e-03   3.05e-04   2.21e-04   6.57e-06   1.51e-05   8.84e-06   5.48e-06   
3.16228e+03  1.28e-14   5.72e-01   4.02e-01   2.46e-02   1.74e-03   1.70e-04   1.41e-04   1.11e-05   9.14e-06   9.14e-06   6.33e-06   
3.65174e+03  1.45e-14   5.70e-01   4.02e-01   2.59e-02   1.54e-03   1.21e-04   1.13e-04   1.56e-05   8.08e-06   9.32e-06   6.75e-06   
4.21697e+03  1.46e-14   5.68e-01   4.04e-01   2.62e-02   1.52e-03   9.50e-05   9.70e-05   1.89e-05   7.72e-06   9.36e-06   6.90e-06   
4.86968e+03  1.44e-14   5.66e-01   4.07e-01   2.60e-02   1.52e-03   7.80e-05   8.64e-05   2.07e-05   7.52e-06   9.40e-06   6.89e-06   
5.62341e+03  1.40e-14   5.64e-01   4.09e-01   2.55e-02   1.54e-03   6.59e-05   7.89e-05   2.11e-05   7.38e-06   9.46e-06   6.77e-06   
6.49382e+03  1.35e-14   5.63e-01   4.10e-01   2.49e-02   1.58e-03   5.77e-05   7.35e-05   2.04e-05   7.38e-06   9.64e-06   6.58e-06   
7.49894e+03  1.30e-14   5.63e-01   4.11e-01   2.42e-02   1.62e-03   5.19e-05   6.94e-05   1.88e-05   7.45e-06   9.76e-06   6.34e-06   
8.65964e+03  1.26e-14   5.63e-01   4.12e-01   2.35e-02   1.67e-03   4.76e-05   6.62e-05   1.69e-05   7.55e-06   1.00e-05   6.06e-06   
1.00000e+04  1.23e-14   5.64e-01   4.12e-01   2.26e-02   1.71e-03   4.43e-05   6.36e-05   1.48e-05   7.69e-06   1.02e-05   5.75e-06   
1.15478e+04  1.22e-14   5.65e-01   4.12e-01   2.18e-02   1.72e-03   4.15e-05   6.12e-05   1.28e-05   7.82e-06   1.04e-05   5.46e-06   
1.33352e+04  1.24e-14   5.66e-01   4.11e-01   2.10e-02   1.68e-03   3.90e-05   5.90e-05   1.12e-05   7.94e-06   1.04e-05   5.19e-06   
1.53993e+04  1.29e-14   5.68e-01   4.10e-01   2.04e-02   1.59e-03   3.66e-05   5.70e-05   1.00e-05   8.04e-06   1.04e-05   5.00e-06   
1.77828e+04  1.40e-14   5.71e-01   4.08e-01   2.01e-02   1.45e-03   3.41e-05   5.48e-05   9.36e-06   8.14e-06   1.04e-05   4.87e-06   
2.05353e+04  1.55e-14   5.74e-01   4.05e-01   1.99e-02   1.27e-03   3.17e-05   5.27e-05   9.07e-06   8.24e-06   1.01e-05   4.83e-06   
2.37137e+04  1.75e-14   5.78e-01   4.01e-01   1.98e-02   1.10e-03   2.93e-05   5.07e-05   9.04e-06   8.29e-06   9.78e-06   4.83e-06   
2.73842e+04  1.96e-14   5.81e-01   3.98e-01   1.98e-02   9.38e-04   2.72e-05   4.88e-05   9.07e-06   8.31e-06   9.43e-06   4.84e-06   
3.16228e+04  2.18e-14   5.86e-01   3.94e-01   1.96e-02   7.96e-04   2.51e-05   4.67e-05   9.02e-06   8.33e-06   9.06e-06   4.81e-06   
3.65174e+04  2.40e-14   5.92e-01   3.88e-01   1.94e-02   6.71e-04   2.32e-05   4.50e-05   8.80e-06   8.34e-06   8.67e-06   4.75e-06   
4.21697e+04  2.58e-14   5.97e-01   3.83e-01   1.91e-02   5.66e-04   2.16e-05   4.31e-05   8.42e-06   8.38e-06   8.30e-06   4.69e-06   
4.86968e+04  2.71e-14   6.05e-01   3.76e-01   1.88e-02   4.76e-04   2.01e-05   4.13e-05   7.89e-06   8.44e-06   7.96e-06   4.57e-06   
5.62341e+04  2.79e-14   6.12e-01   3.69e-01   1.84e-02   3.94e-04   1.86e-05   3.97e-05   7.23e-06   8.45e-06   7.63e-06   4.40e-06   
6.49382e+04  2.79e-14   6.20e-01   3.62e-01   1.79e-02   3.26e-04   1.73e-05   3.76e-05   6.45e-06   8.53e-06   7.34e-06   4.23e-06   
7.49894e+04  2.70e-14   6.27e-01   3.56e-01   1.72e-02   2.68e-04   1.60e-05   3.59e-05   5.53e-06   8.57e-06   7.16e-06   4.01e-06   
8.65964e+04  2.48e-14   6.32e-01   3.51e-01   1.66e-02   2.21e-04   1.50e-05   3.43e-05   4.43e-06   8.65e-06   7.08e-06   3.73e-06   
1.00000e+05  2.18e-14   6.34e-01   3.50e-01   1.56e-02   1.84e-04   1.41e-05   3.28e-05   3.26e-06   8.69e-06   7.22e-06   3.39e-06   
1.15478e+05  1.79e-14   6.30e-01   3.56e-01   1.44e-02   1.54e-04   1.35e-05   3.15e-05   2.10e-06   8.69e-06   7.69e-06   2.99e-06   
1.33352e+05  1.39e-14   6.13e-01   3.74e-01   1.27e-02   1.30e-04   1.33e-05   3.04e-05   1.14e-06   8.41e-06   8.56e-06   2.47e-06   
1.53993e+05  1.02e-14   5.76e-01   4.13e-01   1.06e-02   1.08e-04   1.35e-05   2.94e-05   5.06e-07   7.74e-06   9.72e-06   1.86e-06   
1.77828e+05  7.08e-15   5.10e-01   4.82e-01   8.05e-03   8.53e-05   1.41e-05   2.80e-05   1.77e-07   6.24e-06   1.09e-05   1.21e-06   
2.05353e+05  3.73e-15   3.54e-01   6.41e-01   4.19e-03   5.50e-05   1.48e-05   2.44e-05   2.43e-08   3.09e-06   1.13e-05   4.32e-07   
2.37137e+05  1.04e-15   4.84e-02   9.51e-01   8.20e-04   1.92e-05   8.45e-06   1.24e-05   5.60e-10   3.79e-07   7.26e-06   3.75e-08   
2.73842e+05  9.11e-16   5.08e-02   9.48e-01   8.14e-04   2.03e-05   8.57e-06   1.24e-05   5.37e-10   3.75e-07   7.19e-06   3.65e-08   
3.16228e+05  8.22e-16   5.52e-02   9.44e-01   8.19e-04   2.34e-05   8.73e-06   1.24e-05   5.28e-10   3.83e-07   7.09e-06   3.64e-08   
3.65174e+05  7.35e-16   6.23e-02   9.37e-01   8.40e-04   2.75e-05   9.04e-06   1.27e-05   5.36e-10   3.96e-07   7.03e-06   3.70e-08   
4.21697e+05  6.50e-16   7.24e-02   9.27e-01   8.77e-04   3.28e-05   9.53e-06   1.31e-05   5.57e-10   4.11e-07   6.99e-06   3.85e-08   
4.86968e+05  5.68e-16   8.67e-02   9.12e-01   9.35e-04   3.98e-05   1.03e-05   1.37e-05   5.95e-10   4.30e-07   6.96e-06   4.10e-08   
5.62341e+05  4.93e-16   1.07e-01   8.92e-01   1.02e-03   4.91e-05   1.13e-05   1.47e-05   6.61e-10   4.54e-07   6.96e-06   4.50e-08   
6.49382e+05  4.31e-16   1.35e-01   8.64e-01   1.15e-03   6.06e-05   1.28e-05   1.61e-05   7.66e-10   4.85e-07   7.01e-06   5.13e-08   
7.49894e+05  3.89e-16   1.78e-01   8.20e-01   1.34e-03   7.46e-05   1.50e-05   1.82e-05   9.59e-10   5.43e-07   7.15e-06   6.17e-08   
8.65964e+05  6.31e-15   7.59e-01   2.28e-01   1.22e-02   1.07e-04   1.49e-05   3.15e-05   4.85e-07   8.56e-06   9.70e-06   2.27e-06   
1.00000e+06  4.28e-15   4.46e-01   5.48e-01   5.60e-03   6.33e-05   1.50e-05   2.64e-05   5.02e-08   4.32e-06   1.16e-05   6.84e-07   
1.15478e+06  7.29e-16   6.51e-02   9.34e-01   8.52e-04   2.85e-05   9.16e-06   1.28e-05   5.51e-10   4.05e-07   7.04e-06   3.76e-08   
1.33352e+06  5.11e-16   1.07e-01   8.92e-01   1.02e-03   4.81e-05   1.13e-05   1.47e-05   6.75e-10   4.62e-07   6.99e-06   4.54e-08   
1.53993e+06  4.11e-16   1.95e-01   8.03e-01   1.42e-03   7.59e-05   1.57e-05   1.90e-05   1.10e-09   5.87e-07   7.30e-06   6.74e-08   
1.77828e+06  1.02e-15   5.05e-02   9.49e-01   8.15e-04   2.16e-05   8.50e-06   1.23e-05   5.62e-10   3.90e-07   7.19e-06   3.69e-08   
2.05353e+06  5.40e-16   9.91e-02   9.00e-01   9.92e-04   4.46e-05   1.09e-05   1.43e-05   6.54e-10   4.54e-07   7.00e-06   4.39e-08   
2.37137e+06  7.01e-15   7.14e-01   2.74e-01   1.19e-02   1.03e-04   1.44e-05   3.11e-05   4.76e-07   8.40e-06   9.72e-06   2.21e-06   
2.73842e+06  6.00e-16   8.52e-02   9.14e-01   9.32e-04   3.84e-05   1.02e-05   1.37e-05   6.09e-10   4.37e-07   6.99e-06   4.12e-08   
3.16228e+06  6.47e-15   5.98e-01   3.93e-01   9.29e-03   8.68e-05   1.44e-05   2.94e-05   2.23e-07   7.05e-06   1.08e-05   1.51e-06   
3.65174e+06  4.49e-16   1.40e-01   8.59e-01   1.17e-03   6.05e-05   1.30e-05   1.63e-05   8.17e-10   5.07e-07   7.07e-06   5.32e-08   
4.21697e+06  5.94e-16   8.64e-02   9.13e-01   9.38e-04   3.89e-05   1.02e-05   1.37e-05   6.13e-10   4.38e-07   6.99e-06   4.14e-08   
4.86968e+06  7.05e-16   6.86e-02   9.30e-01   8.65e-04   3.04e-05   9.33e-06   1.29e-05   5.64e-10   4.13e-07   7.02e-06   3.82e-08   
5.62341e+06  6.79e-16   7.21e-02   9.27e-01   8.78e-04   3.21e-05   9.49e-06   1.31e-05   5.72e-10   4.19e-07   7.02e-06   3.88e-08   
6.49382e+06  5.22e-16   1.05e-01   8.94e-01   1.02e-03   4.71e-05   1.12e-05   1.46e-05   6.76e-10   4.61e-07   7.01e-06   4.52e-08   
7.49894e+06  6.23e-15   7.55e-01   2.33e-01   1.20e-02   1.06e-04   1.49e-05   3.15e-05   4.72e-07   8.53e-06   9.78e-06   2.23e-06   
8.65964e+06  5.64e-16   9.32e-02   9.06e-01   9.66e-04   4.20e-05   1.06e-05   1.40e-05   6.35e-10   4.47e-07   6.98e-06   4.27e-08   
1.00000e+07  7.40e-16   6.48e-02   9.34e-01   8.50e-04   2.83e-05   9.14e-06   1.28e-05   5.56e-10   4.07e-07   7.03e-06   3.76e-08   
1.15478e+07  6.30e-16   7.96e-02   9.19e-01   9.10e-04   3.57e-05   9.88e-06   1.34e-05   5.92e-10   4.29e-07   6.99e-06   4.02e-08   
1.33352e+07  4.26e-16   2.06e-01   7.93e-01   1.48e-03   7.67e-05   1.61e-05   1.95e-05   1.19e-09   6.19e-07   7.39e-06   7.13e-08   
1.53993e+07  4.67e-16   1.29e-01   8.70e-01   1.12e-03   5.66e-05   1.24e-05   1.58e-05   7.69e-10   4.93e-07   7.05e-06   5.06e-08   
1.77828e+07  3.36e-15   7.15e-01   2.76e-01   8.79e-03   1.03e-04   1.76e-05   3.13e-05   1.49e-07   7.51e-06   1.09e-05   1.33e-06   
2.05353e+07  4.78e-16   1.23e-01   8.76e-01   1.10e-03   5.44e-05   1.21e-05   1.55e-05   7.44e-10   4.85e-07   7.02e-06   4.91e-08   
2.37137e+07  6.97e-15   7.20e-01   2.68e-01   1.20e-02   1.04e-04   1.45e-05   3.11e-05   4.86e-07   8.43e-06   9.68e-06   2.24e-06   
2.73842e+07  6.72e-15   7.38e-01   2.50e-01   1.22e-02   1.05e-04   1.46e-05   3.14e-05   5.00e-07   8.54e-06   9.65e-06   2.28e-06   
