! 0       *H + *NH2 -> *NH3
! 1       NH3 + GRAIN -> *NH3 + GRAIN
! 2       *H2 + *NH2 -> *NH3 + *H
!            tot_rate   0          1          2          
1.00000e+00  2.00e-18   2.04e-08   1.00e+00   7.00e-22   
1.15478e+00  1.80e-18   2.09e-08   1.00e+00   7.06e-22   
1.33352e+00  1.60e-18   2.14e-08   1.00e+00   7.12e-22   
1.53993e+00  1.40e-18   2.24e-08   1.00e+00   7.29e-22   
1.77828e+00  1.20e-18   2.38e-08   1.00e+00   7.60e-22   
2.05353e+00  1.00e-18   2.60e-08   1.00e+00   8.13e-22   
2.37137e+00  8.14e-19   2.92e-08   1.00e+00   8.93e-22   
2.73842e+00  6.42e-19   3.43e-08   1.00e+00   1.02e-21   
3.16228e+00  4.89e-19   4.19e-08   1.00e+00   1.22e-21   
3.65174e+00  3.58e-19   5.42e-08   1.00e+00   1.53e-21   
4.21697e+00  2.51e-19   7.49e-08   1.00e+00   2.05e-21   
4.86968e+00  1.68e-19   1.10e-07   1.00e+00   2.90e-21   
5.62341e+00  1.07e-19   1.73e-07   1.00e+00   4.41e-21   
6.49382e+00  6.44e-20   2.93e-07   1.00e+00   7.22e-21   
7.49894e+00  3.78e-20   5.24e-07   1.00e+00   1.23e-20   
8.65964e+00  2.25e-20   9.42e-07   1.00e+00   2.12e-20   
1.00000e+01  1.50e-20   1.54e-06   1.00e+00   3.36e-20   
1.15478e+01  1.25e-20   2.07e-06   1.00e+00   4.38e-20   
1.33352e+01  1.31e-20   2.27e-06   1.00e+00   4.69e-20   
1.53993e+01  1.59e-20   2.23e-06   1.00e+00   4.48e-20   
1.77828e+01  2.08e-20   2.09e-06   1.00e+00   4.09e-20   
2.05353e+01  2.81e-20   1.95e-06   1.00e+00   3.70e-20   
2.37137e+01  3.84e-20   1.84e-06   1.00e+00   3.36e-20   
2.73842e+01  5.27e-20   1.76e-06   1.00e+00   3.07e-20   
3.16228e+01  7.18e-20   1.71e-06   1.00e+00   2.86e-20   
3.65174e+01  9.69e-20   1.72e-06   1.00e+00   2.69e-20   
4.21697e+01  1.29e-19   1.79e-06   1.00e+00   2.58e-20   
4.86968e+01  1.69e-19   1.95e-06   1.00e+00   2.55e-20   
5.62341e+01  2.18e-19   2.28e-06   1.00e+00   2.61e-20   
6.49382e+01  2.78e-19   2.96e-06   1.00e+00   2.82e-20   
7.49894e+01  3.51e-19   4.59e-06   1.00e+00   3.33e-20   
8.65964e+01  4.39e-19   1.04e-05   1.00e+00   4.76e-20   
1.00000e+02  5.49e-19   9.62e-05   1.00e+00   1.38e-19   
1.15478e+02  7.02e-15   1.00e+00   9.94e-05   4.49e-19   
1.33352e+02  1.44e-14   1.00e+00   6.24e-05   3.27e-19   
1.53993e+02  3.05e-14   1.00e+00   3.90e-05   2.30e-19   
1.77828e+02  7.54e-14   1.00e+00   2.19e-05   1.46e-19   
2.05353e+02  2.42e-13   1.00e+00   1.03e-05   7.89e-20   
2.37137e+02  6.62e-13   1.00e+00   6.56e-06   4.29e-20   
2.73842e+02  1.24e-12   1.00e+00   6.18e-06   2.68e-20   
3.16228e+02  1.89e-12   1.00e+00   6.77e-06   1.76e-20   
3.65174e+02  2.49e-12   1.00e+00   8.11e-06   1.18e-20   
4.21697e+02  2.98e-12   1.00e+00   1.01e-05   7.89e-21   
4.86968e+02  3.34e-12   1.00e+00   1.28e-05   5.27e-21   
5.62341e+02  3.61e-12   1.00e+00   1.63e-05   3.43e-21   
6.49382e+02  3.82e-12   1.00e+00   2.07e-05   2.08e-21   
7.49894e+02  4.00e-12   1.00e+00   2.55e-05   1.04e-21   
8.65964e+02  4.16e-12   1.00e+00   3.08e-05   2.17e-22   
1.00000e+03  4.30e-12   1.00e+00   3.65e-05   8.40e-23   
1.15478e+03  4.45e-12   1.00e+00   4.27e-05   7.91e-23   
1.33352e+03  4.60e-12   1.00e+00   5.15e-05   7.52e-23   
1.53993e+03  4.73e-12   1.00e+00   6.74e-05   7.27e-23   
1.77828e+03  4.84e-12   1.00e+00   1.06e-04   7.13e-23   
2.05353e+03  4.89e-12   1.00e+00   2.11e-04   7.07e-23   
2.37137e+03  4.82e-12   1.00e+00   4.48e-04   7.15e-23   
2.73842e+03  4.54e-12   9.99e-01   8.23e-04   7.42e-23   
3.16228e+03  4.10e-12   9.99e-01   1.36e-03   7.74e-23   
3.65174e+03  3.61e-12   9.98e-01   2.07e-03   7.96e-23   
4.21697e+03  3.19e-12   9.97e-01   2.83e-03   8.03e-23   
4.86968e+03  2.88e-12   9.96e-01   3.54e-03   8.02e-23   
5.62341e+03  2.69e-12   9.96e-01   3.98e-03   7.92e-23   
6.49382e+03  2.60e-12   9.96e-01   4.15e-03   7.77e-23   
7.49894e+03  2.60e-12   9.96e-01   4.04e-03   7.46e-23   
8.65964e+03  2.66e-12   9.96e-01   3.75e-03   7.11e-23   
1.00000e+04  2.76e-12   9.97e-01   3.38e-03   6.70e-23   
1.15478e+04  2.88e-12   9.97e-01   3.01e-03   6.25e-23   
1.33352e+04  3.02e-12   9.97e-01   2.67e-03   5.80e-23   
1.53993e+04  3.18e-12   9.98e-01   2.39e-03   5.32e-23   
1.77828e+04  3.35e-12   9.98e-01   2.18e-03   4.87e-23   
2.05353e+04  3.53e-12   9.98e-01   2.04e-03   4.51e-23   
2.37137e+04  3.72e-12   9.98e-01   1.94e-03   4.20e-23   
2.73842e+04  3.92e-12   9.98e-01   1.86e-03   3.93e-23   
3.16228e+04  4.14e-12   9.98e-01   1.77e-03   3.72e-23   
3.65174e+04  4.39e-12   9.98e-01   1.67e-03   3.56e-23   
4.21697e+04  4.65e-12   9.98e-01   1.56e-03   3.40e-23   
4.86968e+04  4.94e-12   9.99e-01   1.45e-03   3.26e-23   
5.62341e+04  5.25e-12   9.99e-01   1.32e-03   3.13e-23   
6.49382e+04  5.58e-12   9.99e-01   1.19e-03   2.99e-23   
7.49894e+04  5.94e-12   9.99e-01   1.05e-03   2.90e-23   
8.65964e+04  6.31e-12   9.99e-01   8.85e-04   2.79e-23   
1.00000e+05  6.69e-12   9.99e-01   7.04e-04   2.70e-23   
1.15478e+05  7.09e-12   9.99e-01   5.15e-04   2.64e-23   
1.33352e+05  7.47e-12   1.00e+00   3.39e-04   2.58e-23   
1.53993e+05  7.83e-12   1.00e+00   2.00e-04   2.54e-23   
1.77828e+05  8.15e-12   1.00e+00   1.09e-04   2.50e-23   
2.05353e+05  8.41e-12   1.00e+00   4.33e-05   2.49e-23   
2.37137e+05  8.63e-12   1.00e+00   1.17e-05   2.44e-23   
2.73842e+05  8.78e-12   1.00e+00   1.14e-05   2.45e-23   
3.16228e+05  8.89e-12   1.00e+00   1.12e-05   2.45e-23   
3.65174e+05  8.96e-12   1.00e+00   1.10e-05   2.46e-23   
4.21697e+05  9.01e-12   1.00e+00   1.10e-05   2.46e-23   
4.86968e+05  9.05e-12   1.00e+00   1.10e-05   2.46e-23   
5.62341e+05  9.08e-12   1.00e+00   1.10e-05   2.46e-23   
6.49382e+05  9.10e-12   1.00e+00   1.12e-05   2.46e-23   
7.49894e+05  9.12e-12   1.00e+00   1.17e-05   2.47e-23   
8.65964e+05  9.10e-12   1.00e+00   1.45e-04   2.52e-23   
1.00000e+06  9.07e-12   1.00e+00   5.21e-05   2.48e-23   
1.15478e+06  9.12e-12   1.00e+00   1.10e-05   2.46e-23   
1.33352e+06  9.15e-12   1.00e+00   1.11e-05   2.46e-23   
1.53993e+06  9.18e-12   1.00e+00   1.22e-05   2.47e-23   
1.77828e+06  9.12e-12   1.00e+00   1.13e-05   2.46e-23   
2.05353e+06  9.18e-12   1.00e+00   1.11e-05   2.46e-23   
2.37137e+06  9.16e-12   1.00e+00   1.44e-04   2.52e-23   
2.73842e+06  9.18e-12   1.00e+00   1.10e-05   2.46e-23   
3.16228e+06  9.14e-12   1.00e+00   1.00e-04   2.51e-23   
3.65174e+06  9.21e-12   1.00e+00   1.14e-05   2.46e-23   
4.21697e+06  9.19e-12   1.00e+00   1.10e-05   2.46e-23   
4.86968e+06  9.18e-12   1.00e+00   1.10e-05   2.46e-23   
5.62341e+06  9.18e-12   1.00e+00   1.10e-05   2.46e-23   
6.49382e+06  9.20e-12   1.00e+00   1.11e-05   2.47e-23   
7.49894e+06  9.19e-12   1.00e+00   1.41e-04   2.52e-23   
8.65964e+06  9.20e-12   1.00e+00   1.11e-05   2.46e-23   
1.00000e+07  9.18e-12   1.00e+00   1.10e-05   2.46e-23   
1.15478e+07  9.19e-12   1.00e+00   1.10e-05   2.46e-23   
1.33352e+07  9.22e-12   1.00e+00   1.25e-05   2.47e-23   
1.53993e+07  9.21e-12   1.00e+00   1.13e-05   2.46e-23   
1.77828e+07  9.21e-12   1.00e+00   7.61e-05   2.49e-23   
2.05353e+07  9.21e-12   1.00e+00   1.13e-05   2.46e-23   
2.37137e+07  9.17e-12   1.00e+00   1.45e-04   2.52e-23   
2.73842e+07  9.18e-12   1.00e+00   1.47e-04   2.53e-23   
