! 0       *H + *CH2CO -> *CH3CO
! 1       CH3CO + GRAIN -> *CH3CO + GRAIN
!            tot_rate   0          1          
1.00000e+00  2.99e-30   9.99e-01   6.18e-04   
1.15478e+00  5.13e-30   1.00e+00   2.85e-04   
1.33352e+00  8.94e-30   1.00e+00   1.16e-04   
1.53993e+00  1.64e-29   1.00e+00   4.05e-05   
1.77828e+00  3.15e-29   1.00e+00   1.24e-05   
2.05353e+00  6.37e-29   1.00e+00   3.69e-06   
2.37137e+00  1.35e-28   1.00e+00   1.41e-06   
2.73842e+00  2.97e-28   1.00e+00   8.11e-07   
3.16228e+00  6.66e-28   1.00e+00   5.81e-07   
3.65174e+00  1.51e-27   1.00e+00   4.28e-07   
4.21697e+00  3.40e-27   1.00e+00   3.15e-07   
4.86968e+00  7.62e-27   1.00e+00   2.28e-07   
5.62341e+00  1.69e-26   1.00e+00   1.64e-07   
6.49382e+00  3.73e-26   1.00e+00   1.16e-07   
7.49894e+00  8.11e-26   1.00e+00   8.36e-08   
8.65964e+00  1.74e-25   1.00e+00   6.03e-08   
1.00000e+01  3.63e-25   1.00e+00   4.49e-08   
1.15478e+01  7.40e-25   1.00e+00   3.47e-08   
1.33352e+01  1.47e-24   1.00e+00   2.79e-08   
1.53993e+01  2.84e-24   1.00e+00   2.36e-08   
1.77828e+01  5.39e-24   1.00e+00   2.08e-08   
2.05353e+01  1.01e-23   1.00e+00   1.91e-08   
2.37137e+01  1.87e-23   1.00e+00   1.82e-08   
2.73842e+01  3.42e-23   1.00e+00   1.79e-08   
3.16228e+01  6.24e-23   1.00e+00   1.81e-08   
3.65174e+01  1.13e-22   1.00e+00   1.87e-08   
4.21697e+01  2.06e-22   1.00e+00   1.96e-08   
4.86968e+01  3.78e-22   1.00e+00   2.09e-08   
5.62341e+01  7.06e-22   1.00e+00   2.27e-08   
6.49382e+01  1.37e-21   1.00e+00   2.47e-08   
7.49894e+01  2.87e-21   1.00e+00   2.74e-08   
8.65964e+01  7.15e-21   1.00e+00   3.06e-08   
1.00000e+02  3.52e-20   1.00e+00   3.38e-08   
1.15478e+02  1.29e-16   1.00e+00   4.05e-08   
1.33352e+02  1.78e-16   1.00e+00   4.81e-08   
1.53993e+02  2.53e-16   1.00e+00   5.81e-08   
1.77828e+02  3.95e-16   1.00e+00   7.14e-08   
2.05353e+02  7.23e-16   1.00e+00   8.87e-08   
2.37137e+02  1.27e-15   1.00e+00   1.12e-07   
2.73842e+02  1.86e-15   1.00e+00   1.41e-07   
3.16228e+02  2.37e-15   1.00e+00   1.79e-07   
3.65174e+02  2.60e-15   1.00e+00   2.25e-07   
4.21697e+02  2.24e-15   1.00e+00   2.81e-07   
4.86968e+02  1.30e-15   1.00e+00   3.46e-07   
5.62341e+02  3.91e-16   1.00e+00   4.22e-07   
6.49382e+02  7.60e-17   1.00e+00   5.00e-07   
7.49894e+02  5.56e-17   1.00e+00   5.72e-07   
8.65964e+02  5.66e-17   1.00e+00   6.57e-07   
1.00000e+03  5.66e-17   1.00e+00   7.53e-07   
1.15478e+03  5.93e-17   1.00e+00   8.67e-07   
1.33352e+03  6.38e-17   1.00e+00   1.03e-06   
1.53993e+03  7.40e-17   1.00e+00   1.31e-06   
1.77828e+03  9.99e-17   1.00e+00   1.91e-06   
2.05353e+03  1.61e-16   1.00e+00   3.44e-06   
2.37137e+03  2.38e-16   1.00e+00   8.19e-06   
2.73842e+03  2.53e-16   1.00e+00   2.45e-05   
3.16228e+03  2.18e-16   1.00e+00   5.73e-05   
3.65174e+03  1.75e-16   1.00e+00   9.31e-05   
4.21697e+03  1.39e-16   1.00e+00   1.27e-04   
4.86968e+03  1.12e-16   1.00e+00   1.60e-04   
5.62341e+03  9.20e-17   1.00e+00   1.88e-04   
6.49382e+03  7.78e-17   1.00e+00   2.09e-04   
7.49894e+03  6.75e-17   1.00e+00   2.21e-04   
8.65964e+03  5.99e-17   1.00e+00   2.25e-04   
1.00000e+04  5.43e-17   1.00e+00   2.26e-04   
1.15478e+04  5.05e-17   1.00e+00   2.24e-04   
1.33352e+04  4.82e-17   1.00e+00   2.22e-04   
1.53993e+04  4.73e-17   1.00e+00   2.24e-04   
1.77828e+04  4.78e-17   1.00e+00   2.32e-04   
2.05353e+04  4.93e-17   1.00e+00   2.45e-04   
2.37137e+04  5.13e-17   1.00e+00   2.65e-04   
2.73842e+04  5.32e-17   1.00e+00   2.89e-04   
3.16228e+04  5.48e-17   1.00e+00   3.14e-04   
3.65174e+04  5.57e-17   1.00e+00   3.37e-04   
4.21697e+04  5.56e-17   1.00e+00   3.60e-04   
4.86968e+04  5.44e-17   1.00e+00   3.75e-04   
5.62341e+04  5.20e-17   1.00e+00   3.84e-04   
6.49382e+04  4.82e-17   1.00e+00   3.84e-04   
7.49894e+04  4.32e-17   1.00e+00   3.68e-04   
8.65964e+04  3.72e-17   1.00e+00   3.39e-04   
1.00000e+05  3.07e-17   1.00e+00   2.93e-04   
1.15478e+05  2.43e-17   1.00e+00   2.34e-04   
1.33352e+05  1.85e-17   1.00e+00   1.71e-04   
1.53993e+05  1.38e-17   1.00e+00   1.14e-04   
1.77828e+05  9.98e-18   1.00e+00   6.77e-05   
2.05353e+05  5.51e-18   1.00e+00   2.70e-05   
2.37137e+05  8.80e-19   1.00e+00   1.04e-05   
2.73842e+05  7.81e-19   1.00e+00   9.59e-06   
3.16228e+05  7.18e-19   1.00e+00   8.93e-06   
3.65174e+05  6.65e-19   1.00e+00   8.29e-06   
4.21697e+05  6.19e-19   1.00e+00   7.63e-06   
4.86968e+05  5.81e-19   1.00e+00   6.94e-06   
5.62341e+05  5.57e-19   1.00e+00   6.25e-06   
6.49382e+05  5.51e-19   1.00e+00   5.57e-06   
7.49894e+05  5.82e-19   1.00e+00   4.97e-06   
8.65964e+05  9.38e-18   1.00e+00   8.22e-05   
1.00000e+06  6.44e-18   1.00e+00   3.52e-05   
1.15478e+06  6.68e-19   1.00e+00   8.11e-06   
1.33352e+06  5.76e-19   1.00e+00   6.28e-06   
1.53993e+06  6.45e-19   1.00e+00   4.93e-06   
1.77828e+06  8.69e-19   1.00e+00   9.93e-06   
2.05353e+06  5.87e-19   1.00e+00   6.52e-06   
2.37137e+06  1.01e-17   1.00e+00   8.82e-05   
2.73842e+06  6.09e-19   1.00e+00   7.03e-06   
3.16228e+06  9.31e-18   1.00e+00   6.86e-05   
3.65174e+06  5.84e-19   1.00e+00   5.55e-06   
4.21697e+06  6.07e-19   1.00e+00   6.97e-06   
4.86968e+06  6.58e-19   1.00e+00   7.87e-06   
5.62341e+06  6.44e-19   1.00e+00   7.67e-06   
6.49382e+06  5.84e-19   1.00e+00   6.35e-06   
7.49894e+06  9.26e-18   1.00e+00   8.07e-05   
8.65964e+06  5.96e-19   1.00e+00   6.73e-06   
1.00000e+07  6.76e-19   1.00e+00   8.14e-06   
1.15478e+07  6.22e-19   1.00e+00   7.28e-06   
1.33352e+07  6.88e-19   1.00e+00   4.94e-06   
1.53993e+07  5.80e-19   1.00e+00   5.76e-06   
1.77828e+07  5.91e-18   1.00e+00   3.77e-05   
2.05353e+07  5.79e-19   1.00e+00   5.89e-06   
2.37137e+07  1.01e-17   1.00e+00   8.78e-05   
2.73842e+07  9.80e-18   1.00e+00   8.64e-05   
