! 0       *CH3 + *CH2OH -> *C2H5OH
! 1       C2H5OH + GRAIN -> *C2H5OH + GRAIN
!            tot_rate   0          1          
1.00000e+00  9.06e-25   1.00e+00   3.06e-08   
1.15478e+00  1.57e-24   1.00e+00   3.10e-08   
1.33352e+00  2.67e-24   1.00e+00   3.17e-08   
1.53993e+00  4.53e-24   1.00e+00   3.20e-08   
1.77828e+00  7.63e-24   1.00e+00   3.25e-08   
2.05353e+00  1.28e-23   1.00e+00   3.27e-08   
2.37137e+00  2.13e-23   1.00e+00   3.31e-08   
2.73842e+00  3.52e-23   1.00e+00   3.32e-08   
3.16228e+00  5.78e-23   1.00e+00   3.34e-08   
3.65174e+00  9.38e-23   1.00e+00   3.37e-08   
4.21697e+00  1.50e-22   1.00e+00   3.40e-08   
4.86968e+00  2.38e-22   1.00e+00   3.42e-08   
5.62341e+00  3.71e-22   1.00e+00   3.45e-08   
6.49382e+00  5.70e-22   1.00e+00   3.47e-08   
7.49894e+00  8.62e-22   1.00e+00   3.52e-08   
8.65964e+00  1.28e-21   1.00e+00   3.56e-08   
1.00000e+01  1.88e-21   1.00e+00   3.61e-08   
1.15478e+01  2.71e-21   1.00e+00   3.68e-08   
1.33352e+01  3.87e-21   1.00e+00   3.75e-08   
1.53993e+01  5.46e-21   1.00e+00   3.85e-08   
1.77828e+01  7.68e-21   1.00e+00   3.95e-08   
2.05353e+01  1.08e-20   1.00e+00   4.08e-08   
2.37137e+01  1.52e-20   1.00e+00   4.26e-08   
2.73842e+01  2.16e-20   1.00e+00   4.46e-08   
3.16228e+01  3.10e-20   1.00e+00   4.71e-08   
3.65174e+01  4.52e-20   1.00e+00   5.00e-08   
4.21697e+01  6.71e-20   1.00e+00   5.37e-08   
4.86968e+01  1.02e-19   1.00e+00   5.81e-08   
5.62341e+01  1.60e-19   1.00e+00   6.37e-08   
6.49382e+01  2.60e-19   1.00e+00   7.04e-08   
7.49894e+01  4.36e-19   1.00e+00   7.87e-08   
8.65964e+01  7.03e-19   1.00e+00   9.02e-08   
1.00000e+02  5.55e-19   1.00e+00   1.17e-07   
1.15478e+02  4.12e-23   1.00e+00   5.27e-05   
1.33352e+02  3.10e-23   1.00e+00   1.13e-04   
1.53993e+02  1.92e-23   1.00e+00   3.04e-04   
1.77828e+02  8.24e-24   9.99e-01   1.19e-03   
2.05353e+02  1.86e-24   9.91e-01   8.94e-03   
2.37137e+02  3.83e-25   9.28e-01   7.24e-02   
2.73842e+02  1.42e-25   6.77e-01   3.23e-01   
3.16228e+02  1.05e-25   2.81e-01   7.19e-01   
3.65174e+02  1.31e-25   6.87e-02   9.31e-01   
4.21697e+02  1.98e-25   1.32e-02   9.87e-01   
4.86968e+02  3.06e-25   2.27e-03   9.98e-01   
5.62341e+02  4.63e-25   3.43e-04   1.00e+00   
6.49382e+02  6.83e-25   3.88e-05   1.00e+00   
7.49894e+02  9.71e-25   2.48e-06   1.00e+00   
8.65964e+02  1.26e-24   3.14e-07   1.00e+00   
1.00000e+03  1.51e-24   6.17e-07   1.00e+00   
1.15478e+03  1.73e-24   1.24e-06   1.00e+00   
1.33352e+03  2.07e-24   1.90e-06   1.00e+00   
1.53993e+03  2.91e-24   2.22e-06   1.00e+00   
1.77828e+03  5.85e-24   1.67e-06   1.00e+00   
2.05353e+03  1.84e-23   6.90e-07   1.00e+00   
2.37137e+03  6.06e-23   2.08e-07   1.00e+00   
2.73842e+03  1.36e-22   8.38e-08   1.00e+00   
3.16228e+03  2.00e-22   7.20e-08   1.00e+00   
3.65174e+03  2.13e-22   9.77e-08   1.00e+00   
4.21697e+03  1.90e-22   1.58e-07   1.00e+00   
4.86968e+03  1.63e-22   2.63e-07   1.00e+00   
5.62341e+03  1.40e-22   4.30e-07   1.00e+00   
6.49382e+03  1.22e-22   6.84e-07   1.00e+00   
7.49894e+03  1.08e-22   1.06e-06   1.00e+00   
8.65964e+03  9.63e-23   1.59e-06   1.00e+00   
1.00000e+04  8.71e-23   2.32e-06   1.00e+00   
1.15478e+04  8.03e-23   3.21e-06   1.00e+00   
1.33352e+04  7.64e-23   4.21e-06   1.00e+00   
1.53993e+04  7.58e-23   5.11e-06   1.00e+00   
1.77828e+04  7.87e-23   5.73e-06   1.00e+00   
2.05353e+04  8.53e-23   5.94e-06   1.00e+00   
2.37137e+04  9.46e-23   5.84e-06   1.00e+00   
2.73842e+04  1.05e-22   5.55e-06   1.00e+00   
3.16228e+04  1.16e-22   5.12e-06   1.00e+00   
3.65174e+04  1.24e-22   4.71e-06   1.00e+00   
4.21697e+04  1.31e-22   4.21e-06   1.00e+00   
4.86968e+04  1.35e-22   3.71e-06   1.00e+00   
5.62341e+04  1.35e-22   3.21e-06   1.00e+00   
6.49382e+04  1.30e-22   2.77e-06   1.00e+00   
7.49894e+04  1.20e-22   2.36e-06   1.00e+00   
8.65964e+04  1.05e-22   2.02e-06   1.00e+00   
1.00000e+05  8.40e-23   1.79e-06   1.00e+00   
1.15478e+05  6.05e-23   1.69e-06   1.00e+00   
1.33352e+05  3.75e-23   1.79e-06   1.00e+00   
1.53993e+05  1.90e-23   2.34e-06   1.00e+00   
1.77828e+05  7.00e-24   4.40e-06   1.00e+00   
2.05353e+05  7.81e-25   2.87e-05   1.00e+00   
2.37137e+05  6.10e-27   2.03e-03   9.98e-01   
2.73842e+05  5.15e-27   2.23e-03   9.98e-01   
3.16228e+05  4.76e-27   2.60e-03   9.97e-01   
3.65174e+05  4.58e-27   2.95e-03   9.97e-01   
4.21697e+05  4.51e-27   3.23e-03   9.97e-01   
4.86968e+05  4.57e-27   3.46e-03   9.97e-01   
5.62341e+05  4.77e-27   3.55e-03   9.96e-01   
6.49382e+05  5.24e-27   3.44e-03   9.97e-01   
7.49894e+05  6.37e-27   3.01e-03   9.97e-01   
8.65964e+05  1.48e-23   2.57e-06   1.00e+00   
1.00000e+06  1.75e-24   1.28e-05   1.00e+00   
1.15478e+06  4.71e-27   2.97e-03   9.97e-01   
1.33352e+06  4.99e-27   3.41e-03   9.97e-01   
1.53993e+06  7.67e-27   2.56e-03   9.97e-01   
1.77828e+06  6.04e-27   2.46e-03   9.98e-01   
2.05353e+06  4.95e-27   3.38e-03   9.97e-01   
2.37137e+06  1.59e-23   2.36e-06   1.00e+00   
2.73842e+06  4.81e-27   3.31e-03   9.97e-01   
3.16228e+06  8.66e-24   3.37e-06   1.00e+00   
3.65174e+06  5.78e-27   3.18e-03   9.97e-01   
4.21697e+06  4.83e-27   3.32e-03   9.97e-01   
4.86968e+06  4.75e-27   3.05e-03   9.97e-01   
5.62341e+06  4.74e-27   3.12e-03   9.97e-01   
6.49382e+06  5.06e-27   3.36e-03   9.97e-01   
7.49894e+06  1.43e-23   2.60e-06   1.00e+00   
8.65964e+06  4.90e-27   3.35e-03   9.97e-01   
1.00000e+07  4.77e-27   2.93e-03   9.97e-01   
1.15478e+07  4.78e-27   3.25e-03   9.97e-01   
1.33352e+07  8.63e-27   2.29e-03   9.98e-01   
1.53993e+07  5.51e-27   3.27e-03   9.97e-01   
1.77828e+07  3.92e-24   5.61e-06   1.00e+00   
2.05353e+07  5.39e-27   3.30e-03   9.97e-01   
2.37137e+07  1.61e-23   2.35e-06   1.00e+00   
2.73842e+07  1.58e-23   2.43e-06   1.00e+00   
