! 0       CH2 + O -> HCO + H
! 1       *H + *CO -> HCO
! 2       C2H + O2 -> HCO + CO
! 3       H3CO+ + e- -> HCO + H + H
! 4       H2CO+ + e- -> HCO + H
! 5       C6H- + HCO+ -> C6H + HCO
! 6       C7H- + HCO+ -> C7H + HCO
! 7       C8H- + HCO+ -> C8H + HCO
! 8       C9- + HCO+ -> C9 + HCO
! 9       C9H- + HCO+ -> C9H + HCO
! 10      CH + O2 -> HCO + O
!            tot_rate   0          1          2          3          4          5          6          7          8          9          10         
1.00000e+00  1.04e-12   9.83e-01   4.76e-15   6.98e-09   1.00e-03   3.38e-03   8.34e-17   1.47e-19   3.97e-21   8.19e-24   1.11e-24   6.09e-08   
1.15478e+00  1.17e-12   9.90e-01   5.73e-15   9.73e-09   4.96e-04   3.03e-03   1.95e-16   3.50e-19   9.82e-21   1.91e-23   3.63e-24   7.34e-08   
1.33352e+00  1.33e-12   9.94e-01   6.81e-15   1.33e-08   2.25e-04   2.73e-03   4.51e-16   8.28e-19   2.37e-20   4.37e-23   1.15e-23   8.74e-08   
1.53993e+00  1.50e-12   9.96e-01   8.29e-15   1.83e-08   9.29e-05   2.50e-03   1.04e-15   2.00e-18   5.62e-20   9.83e-23   3.60e-23   1.03e-07   
1.77828e+00  1.67e-12   9.97e-01   1.01e-14   2.47e-08   3.45e-05   2.31e-03   2.39e-15   4.88e-18   1.31e-19   2.19e-22   1.10e-22   1.21e-07   
2.05353e+00  1.87e-12   9.98e-01   1.23e-14   3.30e-08   1.13e-05   2.14e-03   5.39e-15   1.21e-17   2.96e-19   4.79e-22   3.25e-22   1.41e-07   
2.37137e+00  2.09e-12   9.98e-01   1.49e-14   4.33e-08   3.26e-06   2.00e-03   1.20e-14   3.00e-17   6.59e-19   1.03e-21   9.36e-22   1.61e-07   
2.73842e+00  2.31e-12   9.98e-01   1.84e-14   5.66e-08   9.03e-07   1.88e-03   2.65e-14   7.56e-17   1.44e-18   2.22e-21   2.65e-21   1.83e-07   
3.16228e+00  2.53e-12   9.98e-01   2.27e-14   7.30e-08   3.29e-07   1.80e-03   5.72e-14   1.91e-16   3.12e-18   4.73e-21   7.34e-21   2.08e-07   
3.65174e+00  2.76e-12   9.98e-01   2.81e-14   9.26e-08   2.22e-07   1.72e-03   1.21e-13   4.77e-16   6.69e-18   1.00e-20   1.99e-20   2.32e-07   
4.21697e+00  2.99e-12   9.98e-01   3.48e-14   1.16e-07   2.22e-07   1.66e-03   2.49e-13   1.18e-15   1.44e-17   2.11e-20   5.29e-20   2.59e-07   
4.86968e+00  3.21e-12   9.98e-01   4.27e-14   1.43e-07   2.41e-07   1.62e-03   4.96e-13   2.85e-15   3.10e-17   4.40e-20   1.40e-19   2.85e-07   
5.62341e+00  3.40e-12   9.98e-01   5.21e-14   1.76e-07   2.69e-07   1.61e-03   9.66e-13   6.71e-15   6.80e-17   9.22e-20   3.71e-19   3.15e-07   
6.49382e+00  3.58e-12   9.98e-01   6.21e-14   2.12e-07   2.99e-07   1.60e-03   1.82e-12   1.53e-14   1.51e-16   1.91e-19   9.82e-19   3.47e-07   
7.49894e+00  3.73e-12   9.98e-01   7.17e-14   2.54e-07   3.35e-07   1.61e-03   3.30e-12   3.35e-14   3.38e-16   3.97e-19   2.61e-18   3.81e-07   
8.65964e+00  3.86e-12   9.98e-01   7.81e-14   3.01e-07   3.79e-07   1.63e-03   5.83e-12   7.11e-14   7.68e-16   8.27e-19   7.00e-18   4.20e-07   
1.00000e+01  3.96e-12   9.98e-01   8.01e-14   3.51e-07   4.27e-07   1.67e-03   9.93e-12   1.45e-13   1.73e-15   1.73e-18   1.87e-17   4.63e-07   
1.15478e+01  4.05e-12   9.98e-01   7.64e-14   4.10e-07   4.84e-07   1.71e-03   1.64e-11   2.84e-13   3.85e-15   3.63e-18   4.92e-17   5.09e-07   
1.33352e+01  4.11e-12   9.98e-01   6.94e-14   4.75e-07   5.53e-07   1.78e-03   2.63e-11   5.40e-13   8.45e-15   7.72e-18   1.28e-16   5.67e-07   
1.53993e+01  4.17e-12   9.98e-01   6.14e-14   5.49e-07   6.33e-07   1.85e-03   4.15e-11   9.98e-13   1.81e-14   1.64e-17   3.24e-16   6.33e-07   
1.77828e+01  4.22e-12   9.98e-01   5.48e-14   6.38e-07   7.28e-07   1.92e-03   6.42e-11   1.81e-12   3.84e-14   3.53e-17   8.08e-16   7.11e-07   
2.05353e+01  4.26e-12   9.98e-01   4.95e-14   7.44e-07   8.43e-07   2.01e-03   9.93e-11   3.24e-12   8.05e-14   7.73e-17   2.00e-15   8.10e-07   
2.37137e+01  4.30e-12   9.98e-01   4.56e-14   8.77e-07   9.82e-07   2.12e-03   1.55e-10   5.84e-12   1.69e-13   1.72e-16   4.91e-15   9.35e-07   
2.73842e+01  4.34e-12   9.98e-01   4.26e-14   1.05e-06   1.15e-06   2.24e-03   2.44e-10   1.06e-11   3.57e-13   3.94e-16   1.21e-14   1.09e-06   
3.16228e+01  4.37e-12   9.98e-01   4.10e-14   1.27e-06   1.36e-06   2.38e-03   3.94e-10   1.97e-11   7.71e-13   9.38e-16   3.04e-14   1.30e-06   
3.65174e+01  4.40e-12   9.97e-01   4.04e-14   1.58e-06   1.62e-06   2.57e-03   6.52e-10   3.73e-11   1.71e-12   2.32e-15   7.77e-14   1.58e-06   
4.21697e+01  4.42e-12   9.97e-01   4.16e-14   2.01e-06   1.95e-06   2.78e-03   1.12e-09   7.30e-11   3.89e-12   5.97e-15   2.05e-13   1.97e-06   
4.86968e+01  4.42e-12   9.97e-01   4.50e-14   2.62e-06   2.40e-06   3.05e-03   1.98e-09   1.48e-10   9.15e-12   1.62e-14   5.58e-13   2.53e-06   
5.62341e+01  4.41e-12   9.96e-01   5.24e-14   3.50e-06   3.00e-06   3.40e-03   3.63e-09   3.09e-10   2.23e-11   4.59e-14   1.57e-12   3.31e-06   
6.49382e+01  4.37e-12   9.96e-01   6.85e-14   4.81e-06   3.82e-06   3.82e-03   6.87e-09   6.66e-10   5.61e-11   1.36e-13   4.56e-12   4.51e-06   
7.49894e+01  4.29e-12   9.95e-01   1.08e-13   6.83e-06   4.94e-06   4.36e-03   1.36e-08   1.49e-09   1.47e-10   4.27e-13   1.37e-11   6.34e-06   
8.65964e+01  4.16e-12   9.95e-01   2.55e-13   1.00e-05   6.39e-06   5.05e-03   2.79e-08   3.48e-09   3.99e-10   1.42e-12   4.30e-11   9.27e-06   
1.00000e+02  3.98e-12   9.94e-01   2.35e-12   1.52e-05   6.69e-06   5.96e-03   6.01e-08   8.45e-09   1.13e-09   4.96e-12   1.41e-10   1.41e-05   
1.15478e+02  3.73e-12   9.92e-01   9.20e-08   2.40e-05   4.67e-06   7.14e-03   1.34e-07   2.13e-08   3.33e-09   1.82e-11   4.77e-10   2.25e-05   
1.33352e+02  3.42e-12   9.91e-01   2.88e-07   3.92e-05   7.69e-06   8.68e-03   3.16e-07   5.64e-08   1.03e-08   7.16e-11   1.70e-09   3.74e-05   
1.53993e+02  3.05e-12   9.89e-01   6.78e-07   6.58e-05   1.32e-05   1.07e-02   7.69e-07   1.55e-07   3.31e-08   2.97e-10   6.32e-09   6.48e-05   
1.77828e+02  2.65e-12   9.86e-01   1.57e-06   1.14e-04   2.36e-05   1.33e-02   1.94e-06   4.38e-07   1.08e-07   1.28e-09   2.41e-08   1.18e-04   
2.05353e+02  2.24e-12   9.83e-01   4.07e-06   2.01e-04   4.31e-05   1.64e-02   4.91e-06   1.25e-06   3.55e-07   5.63e-09   9.24e-08   2.21e-04   
2.37137e+02  1.85e-12   9.78e-01   1.04e-05   3.52e-04   8.00e-05   2.04e-02   1.22e-05   3.47e-06   1.14e-06   2.42e-08   3.44e-07   4.20e-04   
2.73842e+02  1.52e-12   9.72e-01   2.34e-05   6.05e-04   1.47e-04   2.52e-02   2.91e-05   9.26e-06   3.43e-06   9.92e-08   1.20e-06   7.95e-04   
3.16228e+02  1.26e-12   9.65e-01   5.01e-05   1.00e-03   2.68e-04   3.08e-02   6.47e-05   2.29e-05   9.49e-06   3.76e-07   3.84e-06   1.49e-03   
3.65174e+02  1.07e-12   9.55e-01   1.05e-04   1.62e-03   4.78e-04   3.76e-02   1.34e-04   5.22e-05   2.40e-05   1.29e-06   1.10e-05   2.69e-03   
4.21697e+02  9.36e-13   9.43e-01   2.16e-04   2.49e-03   8.15e-04   4.56e-02   2.52e-04   1.08e-04   5.40e-05   3.96e-06   2.79e-05   4.66e-03   
4.86968e+02  8.44e-13   9.26e-01   4.41e-04   3.67e-03   1.34e-03   5.52e-02   4.37e-04   2.04e-04   1.09e-04   1.08e-05   6.23e-05   7.69e-03   
5.62341e+02  7.78e-13   9.05e-01   9.13e-04   5.23e-03   2.10e-03   6.67e-02   7.06e-04   3.54e-04   1.99e-04   2.62e-05   1.24e-04   1.20e-02   
6.49382e+02  7.24e-13   8.79e-01   2.03e-03   7.19e-03   3.15e-03   8.02e-02   1.08e-03   5.75e-04   3.40e-04   5.75e-05   2.27e-04   1.76e-02   
7.49894e+02  6.75e-13   8.46e-01   5.62e-03   9.57e-03   4.53e-03   9.50e-02   1.63e-03   8.99e-04   5.48e-04   1.16e-04   3.85e-04   2.40e-02   
8.65964e+02  6.42e-13   7.86e-01   3.70e-02   1.19e-02   6.38e-03   1.08e-01   2.37e-03   1.35e-03   8.45e-04   2.16e-04   6.18e-04   2.97e-02   
1.00000e+03  6.50e-13   6.79e-01   1.23e-01   1.34e-02   9.28e-03   1.18e-01   3.25e-03   1.91e-03   1.21e-03   3.68e-04   9.14e-04   3.22e-02   
1.15478e+03  6.28e-13   5.98e-01   1.77e-01   1.54e-02   1.20e-02   1.28e-01   4.81e-03   2.88e-03   1.86e-03   6.63e-04   1.44e-03   3.46e-02   
1.33352e+03  6.28e-13   4.98e-01   2.47e-01   1.73e-02   1.58e-02   1.37e-01   7.51e-03   4.62e-03   3.01e-03   1.27e-03   2.40e-03   3.52e-02   
1.53993e+03  6.70e-13   3.84e-01   3.18e-01   1.94e-02   2.16e-02   1.44e-01   1.33e-02   8.40e-03   5.52e-03   2.84e-03   4.54e-03   3.40e-02   
1.77828e+03  8.06e-13   2.52e-01   3.60e-01   2.30e-02   3.26e-02   1.48e-01   2.84e-02   1.86e-02   1.23e-02   8.12e-03   1.06e-02   3.13e-02   
2.05353e+03  1.17e-12   1.22e-01   3.32e-01   3.02e-02   5.33e-02   1.29e-01   5.98e-02   4.06e-02   2.65e-02   2.31e-02   2.43e-02   2.48e-02   
2.37137e+03  1.58e-12   4.45e-02   3.20e-01   5.30e-02   8.08e-02   8.39e-02   7.76e-02   5.27e-02   3.45e-02   3.44e-02   3.28e-02   1.75e-02   
2.73842e+03  1.62e-12   1.66e-02   3.90e-01   1.20e-01   1.04e-01   5.04e-02   5.11e-02   3.44e-02   2.34e-02   3.01e-02   2.22e-02   1.36e-02   
3.16228e+03  1.75e-12   8.39e-03   4.32e-01   1.87e-01   1.11e-01   3.74e-02   2.92e-02   1.99e-02   1.43e-02   2.31e-02   1.32e-02   1.20e-02   
3.65174e+03  1.95e-12   5.44e-03   4.56e-01   2.18e-01   1.14e-01   3.34e-02   2.05e-02   1.40e-02   1.05e-02   1.78e-02   9.60e-03   1.08e-02   
4.21697e+03  2.13e-12   3.81e-03   4.84e-01   2.23e-01   1.17e-01   3.20e-02   1.56e-02   1.06e-02   8.13e-03   1.42e-02   7.47e-03   9.30e-03   
4.86968e+03  2.28e-12   2.81e-03   5.13e-01   2.15e-01   1.19e-01   3.16e-02   1.24e-02   8.34e-03   6.50e-03   1.16e-02   6.01e-03   7.81e-03   
5.62341e+03  2.42e-12   2.17e-03   5.45e-01   2.00e-01   1.21e-01   3.19e-02   1.01e-02   6.73e-03   5.28e-03   9.66e-03   4.87e-03   6.48e-03   
6.49382e+03  2.56e-12   1.74e-03   5.75e-01   1.81e-01   1.22e-01   3.27e-02   8.41e-03   5.56e-03   4.38e-03   8.14e-03   4.03e-03   5.36e-03   
7.49894e+03  2.67e-12   1.46e-03   6.03e-01   1.62e-01   1.24e-01   3.39e-02   7.15e-03   4.68e-03   3.71e-03   7.00e-03   3.37e-03   4.45e-03   
8.65964e+03  2.77e-12   1.27e-03   6.27e-01   1.44e-01   1.24e-01   3.52e-02   6.24e-03   4.04e-03   3.19e-03   6.09e-03   2.88e-03   3.71e-03   
1.00000e+04  2.86e-12   1.13e-03   6.47e-01   1.29e-01   1.24e-01   3.67e-02   5.56e-03   3.57e-03   2.82e-03   5.46e-03   2.52e-03   3.15e-03   
1.15478e+04  2.93e-12   1.03e-03   6.63e-01   1.17e-01   1.22e-01   3.79e-02   5.13e-03   3.24e-03   2.57e-03   4.99e-03   2.27e-03   2.69e-03   
1.33352e+04  2.96e-12   9.49e-04   6.72e-01   1.11e-01   1.22e-01   3.88e-02   4.90e-03   3.07e-03   2.43e-03   4.76e-03   2.14e-03   2.35e-03   
1.53993e+04  2.97e-12   8.86e-04   6.74e-01   1.10e-01   1.21e-01   3.98e-02   4.85e-03   3.03e-03   2.40e-03   4.68e-03   2.10e-03   2.10e-03   
1.77828e+04  2.95e-12   8.31e-04   6.68e-01   1.14e-01   1.22e-01   4.00e-02   4.99e-03   3.10e-03   2.44e-03   4.78e-03   2.14e-03   1.92e-03   
2.05353e+04  2.90e-12   7.80e-04   6.56e-01   1.24e-01   1.23e-01   3.97e-02   5.28e-03   3.25e-03   2.56e-03   5.00e-03   2.26e-03   1.79e-03   
2.37137e+04  2.83e-12   7.32e-04   6.36e-01   1.40e-01   1.26e-01   3.92e-02   5.59e-03   3.45e-03   2.71e-03   5.27e-03   2.41e-03   1.70e-03   
2.73842e+04  2.73e-12   6.88e-04   6.15e-01   1.57e-01   1.28e-01   3.88e-02   5.96e-03   3.65e-03   2.86e-03   5.52e-03   2.57e-03   1.62e-03   
3.16228e+04  2.60e-12   6.53e-04   5.91e-01   1.75e-01   1.32e-01   3.84e-02   6.34e-03   3.84e-03   3.01e-03   5.76e-03   2.73e-03   1.53e-03   
3.65174e+04  2.44e-12   6.26e-04   5.69e-01   1.92e-01   1.35e-01   3.84e-02   6.67e-03   4.03e-03   3.15e-03   5.98e-03   2.87e-03   1.43e-03   
4.21697e+04  2.24e-12   6.12e-04   5.49e-01   2.05e-01   1.39e-01   3.89e-02   7.01e-03   4.19e-03   3.26e-03   6.16e-03   3.00e-03   1.33e-03   
4.86968e+04  2.00e-12   6.06e-04   5.31e-01   2.16e-01   1.44e-01   4.03e-02   7.26e-03   4.32e-03   3.35e-03   6.31e-03   3.09e-03   1.22e-03   
5.62341e+04  1.73e-12   6.12e-04   5.17e-01   2.21e-01   1.49e-01   4.22e-02   7.45e-03   4.37e-03   3.37e-03   6.36e-03   3.12e-03   1.10e-03   
6.49382e+04  1.44e-12   6.33e-04   5.07e-01   2.20e-01   1.55e-01   4.55e-02   7.51e-03   4.36e-03   3.34e-03   6.29e-03   3.09e-03   9.80e-04   
7.49894e+04  1.14e-12   6.81e-04   5.02e-01   2.13e-01   1.62e-01   5.07e-02   7.45e-03   4.25e-03   3.23e-03   6.10e-03   2.98e-03   8.75e-04   
8.65964e+04  8.52e-13   7.68e-04   5.06e-01   1.95e-01   1.68e-01   5.83e-02   7.19e-03   4.04e-03   3.03e-03   5.79e-03   2.77e-03   7.76e-04   
1.00000e+05  6.02e-13   9.13e-04   5.17e-01   1.68e-01   1.73e-01   6.93e-02   6.72e-03   3.71e-03   2.74e-03   5.32e-03   2.46e-03   6.80e-04   
1.15478e+05  4.01e-13   1.16e-03   5.39e-01   1.33e-01   1.70e-01   8.49e-02   6.02e-03   3.25e-03   2.38e-03   4.72e-03   2.08e-03   5.89e-04   
1.33352e+05  2.57e-13   1.57e-03   5.71e-01   9.56e-02   1.58e-01   1.04e-01   5.05e-03   2.68e-03   1.94e-03   3.96e-03   1.65e-03   5.01e-04   
1.53993e+05  1.64e-13   2.25e-03   6.09e-01   6.21e-02   1.34e-01   1.25e-01   3.89e-03   2.02e-03   1.46e-03   3.07e-03   1.19e-03   4.17e-04   
1.77828e+05  1.07e-13   3.41e-03   6.55e-01   3.63e-02   9.84e-02   1.44e-01   2.58e-03   1.31e-03   9.35e-04   2.02e-03   7.36e-04   3.36e-04   
2.05353e+05  6.22e-14   6.26e-03   7.29e-01   1.30e-02   4.54e-02   1.56e-01   9.28e-04   4.42e-04   3.11e-04   6.73e-04   2.22e-04   2.14e-04   
2.37137e+05  2.81e-14   8.98e-03   8.13e-01   5.67e-04   1.20e-02   1.35e-01   1.56e-05   5.45e-06   3.64e-06   6.81e-06   1.91e-06   5.77e-05   
2.73842e+05  2.61e-14   9.48e-03   8.10e-01   5.41e-04   1.20e-02   1.39e-01   1.65e-05   5.80e-06   3.83e-06   7.10e-06   2.01e-06   5.56e-05   
3.16228e+05  2.61e-14   9.90e-03   8.10e-01   5.37e-04   1.20e-02   1.41e-01   1.88e-05   6.68e-06   4.30e-06   7.87e-06   2.28e-06   5.45e-05   
3.65174e+05  2.62e-14   1.03e-02   8.09e-01   5.53e-04   1.21e-02   1.44e-01   2.20e-05   7.94e-06   5.04e-06   9.04e-06   2.66e-06   5.46e-05   
4.21697e+05  2.65e-14   1.08e-02   8.09e-01   5.74e-04   1.22e-02   1.46e-01   2.61e-05   9.52e-06   5.97e-06   1.06e-05   3.18e-06   5.48e-05   
4.86968e+05  2.67e-14   1.12e-02   8.08e-01   6.06e-04   1.23e-02   1.48e-01   3.14e-05   1.17e-05   7.22e-06   1.27e-05   3.89e-06   5.54e-05   
5.62341e+05  2.70e-14   1.17e-02   8.07e-01   6.59e-04   1.25e-02   1.51e-01   3.85e-05   1.46e-05   8.99e-06   1.57e-05   4.92e-06   5.66e-05   
6.49382e+05  2.74e-14   1.21e-02   8.04e-01   7.35e-04   1.29e-02   1.54e-01   4.90e-05   1.89e-05   1.17e-05   2.04e-05   6.47e-06   5.81e-05   
7.49894e+05  2.79e-14   1.25e-02   8.01e-01   8.76e-04   1.34e-02   1.57e-01   6.75e-05   2.68e-05   1.66e-05   2.94e-05   9.48e-06   6.17e-05   
8.65964e+05  1.01e-13   2.31e-03   5.60e-01   4.68e-02   1.68e-01   1.53e-01   4.56e-03   2.37e-03   1.71e-03   3.63e-03   1.44e-03   2.89e-04   
1.00000e+06  6.52e-14   5.29e-03   6.92e-01   1.86e-02   6.47e-02   1.63e-01   1.52e-03   7.45e-04   5.27e-04   1.16e-03   3.97e-04   2.42e-04   
1.15478e+06  2.65e-14   1.05e-02   8.09e-01   5.71e-04   1.21e-02   1.44e-01   2.40e-05   8.69e-06   5.48e-06   9.71e-06   2.90e-06   5.48e-05   
1.33352e+06  2.72e-14   1.17e-02   8.06e-01   6.77e-04   1.26e-02   1.51e-01   4.05e-05   1.53e-05   9.46e-06   1.65e-05   5.19e-06   5.67e-05   
1.53993e+06  2.82e-14   1.26e-02   7.97e-01   1.01e-03   1.39e-02   1.59e-01   8.33e-05   3.36e-05   2.10e-05   3.76e-05   1.22e-05   6.48e-05   
1.77828e+06  2.95e-14   9.06e-03   8.15e-01   5.64e-04   1.21e-02   1.35e-01   1.78e-05   6.28e-06   4.07e-06   7.40e-06   2.13e-06   5.60e-05   
2.05353e+06  2.71e-14   1.16e-02   8.06e-01   6.62e-04   1.26e-02   1.50e-01   3.84e-05   1.45e-05   8.91e-06   1.55e-05   4.84e-06   5.66e-05   
2.37137e+06  1.07e-13   2.25e-03   5.70e-01   4.88e-02   1.61e-01   1.48e-01   4.48e-03   2.33e-03   1.67e-03   3.57e-03   1.41e-03   2.98e-04   
2.73842e+06  2.69e-14   1.12e-02   8.07e-01   6.25e-04   1.24e-02   1.48e-01   3.29e-05   1.22e-05   7.55e-06   1.32e-05   4.09e-06   5.58e-05   
3.16228e+06  9.30e-14   3.05e-03   6.22e-01   3.73e-02   1.18e-01   1.53e-01   3.19e-03   1.63e-03   1.17e-03   2.55e-03   9.45e-04   2.98e-04   
3.65174e+06  2.76e-14   1.22e-02   8.02e-01   7.88e-04   1.31e-02   1.55e-01   5.55e-05   2.16e-05   1.33e-05   2.34e-05   7.48e-06   5.95e-05   
4.21697e+06  2.69e-14   1.13e-02   8.07e-01   6.32e-04   1.24e-02   1.49e-01   3.36e-05   1.25e-05   7.73e-06   1.35e-05   4.16e-06   5.58e-05   
4.86968e+06  2.66e-14   1.07e-02   8.08e-01   5.83e-04   1.22e-02   1.45e-01   2.62e-05   9.51e-06   5.94e-06   1.05e-05   3.16e-06   5.49e-05   
5.62341e+06  2.66e-14   1.08e-02   8.08e-01   5.94e-04   1.23e-02   1.46e-01   2.77e-05   1.01e-05   6.31e-06   1.11e-05   3.36e-06   5.52e-05   
6.49382e+06  2.72e-14   1.17e-02   8.06e-01   6.81e-04   1.26e-02   1.51e-01   4.08e-05   1.55e-05   9.53e-06   1.67e-05   5.22e-06   5.70e-05   
7.49894e+06  9.94e-14   2.36e-03   5.61e-01   4.59e-02   1.66e-01   1.54e-01   4.50e-03   2.34e-03   1.68e-03   3.59e-03   1.42e-03   2.88e-04   
8.65964e+06  2.70e-14   1.14e-02   8.06e-01   6.47e-04   1.25e-02   1.49e-01   3.62e-05   1.36e-05   8.36e-06   1.46e-05   4.51e-06   5.62e-05   
1.00000e+07  2.65e-14   1.05e-02   8.08e-01   5.74e-04   1.22e-02   1.45e-01   2.44e-05   8.84e-06   5.55e-06   9.85e-06   2.94e-06   5.51e-05   
1.15478e+07  2.68e-14   1.11e-02   8.07e-01   6.13e-04   1.24e-02   1.48e-01   3.08e-05   1.14e-05   7.06e-06   1.24e-05   3.77e-06   5.57e-05   
1.33352e+07  2.85e-14   1.27e-02   7.95e-01   1.10e-03   1.42e-02   1.60e-01   9.39e-05   3.82e-05   2.40e-05   4.34e-05   1.41e-05   6.69e-05   
1.53993e+07  2.75e-14   1.20e-02   8.04e-01   7.49e-04   1.29e-02   1.53e-01   5.05e-05   1.95e-05   1.20e-05   2.10e-05   6.69e-06   5.85e-05   
1.77828e+07  6.29e-14   5.07e-03   5.85e-01   2.80e-02   1.24e-01   1.95e-01   3.54e-03   1.88e-03   1.34e-03   2.91e-03   1.12e-03   2.99e-04   
2.05353e+07  2.74e-14   1.20e-02   8.04e-01   7.34e-04   1.29e-02   1.53e-01   4.82e-05   1.86e-05   1.14e-05   2.00e-05   6.32e-06   5.85e-05   
2.37137e+07  1.07e-13   2.24e-03   5.68e-01   4.89e-02   1.62e-01   1.48e-01   4.53e-03   2.35e-03   1.69e-03   3.60e-03   1.42e-03   2.97e-04   
2.73842e+07  1.05e-13   2.25e-03   5.63e-01   4.84e-02   1.66e-01   1.50e-01   4.58e-03   2.38e-03   1.71e-03   3.65e-03   1.45e-03   2.92e-04   
