! 0       H3O+ + e- -> OH + H + H
! 1       H3O+ + e- -> OH + H2
! 2       H2O + CRPhoton -> OH + H
! 3       O + HNO -> NO + OH
! 4       H + OCN -> OH + CN
! 5       HCO2+ + e- -> CO + OH
! 6       H2O+ + e- -> OH + H
! 7       NH + O -> OH + N
! 8       O + HCO -> CO + OH
! 9       *H + *O -> OH
!            tot_rate   0          1          2          3          4          5          6          7          8          9          
1.00000e+00  1.90e-12   6.74e-01   1.19e-01   2.89e-05   7.59e-06   2.12e-07   1.02e-07   1.96e-01   5.32e-05   5.53e-03   7.59e-04   
1.15478e+00  1.91e-12   6.75e-01   1.18e-01   2.87e-05   9.68e-06   3.17e-07   1.81e-07   1.95e-01   5.71e-05   6.54e-03   8.85e-04   
1.33352e+00  1.91e-12   6.74e-01   1.19e-01   2.87e-05   1.23e-05   4.77e-07   3.27e-07   1.94e-01   6.11e-05   7.78e-03   1.02e-03   
1.53993e+00  1.93e-12   6.74e-01   1.18e-01   2.86e-05   1.57e-05   7.15e-07   5.86e-07   1.93e-01   6.48e-05   9.17e-03   1.20e-03   
1.77828e+00  1.93e-12   6.72e-01   1.18e-01   2.86e-05   1.99e-05   1.08e-06   1.06e-06   1.93e-01   6.88e-05   1.09e-02   1.41e-03   
2.05353e+00  1.95e-12   6.72e-01   1.18e-01   2.86e-05   2.52e-05   1.61e-06   1.91e-06   1.91e-01   7.23e-05   1.28e-02   1.65e-03   
2.37137e+00  1.97e-12   6.71e-01   1.18e-01   2.86e-05   3.19e-05   2.39e-06   3.43e-06   1.90e-01   7.63e-05   1.48e-02   1.92e-03   
2.73842e+00  1.97e-12   6.69e-01   1.18e-01   2.87e-05   4.07e-05   3.52e-06   6.13e-06   1.89e-01   8.11e-05   1.72e-02   2.25e-03   
3.16228e+00  2.00e-12   6.69e-01   1.17e-01   2.86e-05   5.14e-05   5.04e-06   1.09e-05   1.87e-01   8.49e-05   1.96e-02   2.61e-03   
3.65174e+00  2.02e-12   6.68e-01   1.17e-01   2.86e-05   6.58e-05   7.17e-06   1.91e-05   1.86e-01   9.05e-05   2.21e-02   3.05e-03   
4.21697e+00  2.04e-12   6.66e-01   1.18e-01   2.87e-05   8.42e-05   1.00e-05   3.30e-05   1.84e-01   9.75e-05   2.45e-02   3.57e-03   
4.86968e+00  2.07e-12   6.66e-01   1.17e-01   2.88e-05   1.08e-04   1.37e-05   5.55e-05   1.82e-01   1.05e-04   2.68e-02   4.17e-03   
5.62341e+00  2.10e-12   6.66e-01   1.17e-01   2.89e-05   1.39e-04   1.82e-05   9.08e-05   1.80e-01   1.15e-04   2.89e-02   4.85e-03   
6.49382e+00  2.14e-12   6.65e-01   1.17e-01   2.91e-05   1.80e-04   2.38e-05   1.42e-04   1.77e-01   1.26e-04   3.08e-02   5.71e-03   
7.49894e+00  2.18e-12   6.65e-01   1.17e-01   2.92e-05   2.33e-04   3.04e-05   2.10e-04   1.75e-01   1.41e-04   3.23e-02   6.61e-03   
8.65964e+00  2.22e-12   6.66e-01   1.17e-01   2.95e-05   3.03e-04   3.83e-05   2.90e-04   1.72e-01   1.60e-04   3.36e-02   7.65e-03   
1.00000e+01  2.27e-12   6.66e-01   1.17e-01   2.98e-05   3.93e-04   4.76e-05   3.71e-04   1.69e-01   1.85e-04   3.46e-02   8.82e-03   
1.15478e+01  2.32e-12   6.67e-01   1.17e-01   3.02e-05   5.08e-04   5.85e-05   4.39e-04   1.66e-01   2.18e-04   3.54e-02   9.98e-03   
1.33352e+01  2.39e-12   6.68e-01   1.18e-01   3.07e-05   6.52e-04   7.10e-05   4.93e-04   1.62e-01   2.64e-04   3.58e-02   1.12e-02   
1.53993e+01  2.47e-12   6.71e-01   1.18e-01   3.12e-05   8.33e-04   8.57e-05   5.34e-04   1.58e-01   3.27e-04   3.60e-02   1.23e-02   
1.77828e+01  2.56e-12   6.73e-01   1.19e-01   3.20e-05   1.06e-03   1.03e-04   5.79e-04   1.53e-01   4.15e-04   3.63e-02   1.36e-02   
2.05353e+01  2.66e-12   6.76e-01   1.19e-01   3.28e-05   1.33e-03   1.24e-04   6.27e-04   1.48e-01   5.26e-04   3.63e-02   1.49e-02   
2.37137e+01  2.78e-12   6.79e-01   1.20e-01   3.38e-05   1.67e-03   1.49e-04   6.79e-04   1.43e-01   6.72e-04   3.63e-02   1.62e-02   
2.73842e+01  2.93e-12   6.82e-01   1.20e-01   3.51e-05   2.08e-03   1.79e-04   7.34e-04   1.37e-01   8.56e-04   3.62e-02   1.74e-02   
3.16228e+01  3.10e-12   6.87e-01   1.21e-01   3.68e-05   2.56e-03   2.14e-04   7.83e-04   1.31e-01   1.07e-03   3.58e-02   1.86e-02   
3.65174e+01  3.30e-12   6.91e-01   1.22e-01   3.85e-05   3.12e-03   2.58e-04   8.33e-04   1.24e-01   1.32e-03   3.57e-02   1.97e-02   
4.21697e+01  3.54e-12   6.96e-01   1.23e-01   4.10e-05   3.79e-03   3.08e-04   8.79e-04   1.17e-01   1.58e-03   3.51e-02   2.06e-02   
4.86968e+01  3.82e-12   7.01e-01   1.23e-01   4.39e-05   4.47e-03   3.71e-04   9.18e-04   1.09e-01   1.85e-03   3.45e-02   2.12e-02   
5.62341e+01  4.17e-12   7.08e-01   1.24e-01   4.75e-05   5.20e-03   4.41e-04   9.50e-04   1.01e-01   2.10e-03   3.36e-02   2.17e-02   
6.49382e+01  4.58e-12   7.14e-01   1.26e-01   5.20e-05   5.92e-03   5.24e-04   9.74e-04   9.31e-02   2.32e-03   3.23e-02   2.18e-02   
7.49894e+01  5.07e-12   7.22e-01   1.27e-01   5.80e-05   6.59e-03   6.19e-04   9.90e-04   8.48e-02   2.50e-03   3.10e-02   2.17e-02   
8.65964e+01  5.69e-12   7.31e-01   1.29e-01   6.52e-05   7.13e-03   7.20e-04   9.89e-04   7.62e-02   2.62e-03   2.90e-02   2.11e-02   
1.00000e+02  6.44e-12   7.40e-01   1.30e-01   7.47e-05   7.54e-03   8.27e-04   9.19e-04   6.78e-02   2.67e-03   2.65e-02   2.02e-02   
1.15478e+02  7.36e-12   7.54e-01   1.33e-01   8.56e-05   8.22e-03   9.27e-04   1.13e-05   5.97e-02   2.72e-03   2.38e-02   1.48e-02   
1.33352e+02  8.58e-12   7.64e-01   1.35e-01   1.00e-04   8.97e-03   1.01e-03   1.21e-05   5.13e-02   2.66e-03   2.05e-02   1.34e-02   
1.53993e+02  1.02e-11   7.75e-01   1.37e-01   1.19e-04   9.53e-03   1.06e-03   1.16e-05   4.32e-02   2.56e-03   1.69e-02   1.19e-02   
1.77828e+02  1.22e-11   7.86e-01   1.39e-01   1.45e-04   9.84e-03   1.07e-03   1.04e-05   3.58e-02   2.43e-03   1.34e-02   1.04e-02   
2.05353e+02  1.48e-11   7.96e-01   1.40e-01   1.80e-04   9.98e-03   1.05e-03   9.24e-06   2.92e-02   2.26e-03   1.00e-02   8.97e-03   
2.37137e+02  1.83e-11   8.05e-01   1.42e-01   2.25e-04   9.80e-03   9.85e-04   8.92e-06   2.33e-02   2.06e-03   7.23e-03   7.50e-03   
2.73842e+02  2.26e-11   8.13e-01   1.43e-01   2.84e-04   9.41e-03   9.19e-04   9.54e-06   1.84e-02   1.85e-03   5.04e-03   6.19e-03   
3.16228e+02  2.79e-11   8.19e-01   1.44e-01   3.63e-04   8.90e-03   8.72e-04   1.14e-05   1.44e-02   1.65e-03   3.50e-03   5.13e-03   
3.65174e+02  3.41e-11   8.24e-01   1.45e-01   4.66e-04   8.41e-03   8.56e-04   1.50e-05   1.12e-02   1.46e-03   2.45e-03   4.28e-03   
4.21697e+02  4.12e-11   8.27e-01   1.46e-01   5.92e-04   8.03e-03   8.83e-04   2.08e-05   8.71e-03   1.31e-03   1.76e-03   3.61e-03   
4.86968e+02  4.86e-11   8.30e-01   1.46e-01   7.51e-04   7.90e-03   9.63e-04   2.98e-05   6.85e-03   1.19e-03   1.31e-03   3.11e-03   
5.62341e+02  5.58e-11   8.31e-01   1.46e-01   9.40e-04   8.01e-03   1.09e-03   4.24e-05   5.44e-03   1.10e-03   1.01e-03   2.76e-03   
6.49382e+02  6.23e-11   8.32e-01   1.46e-01   1.15e-03   8.35e-03   1.27e-03   5.89e-05   4.43e-03   1.04e-03   7.96e-04   2.52e-03   
7.49894e+02  6.73e-11   8.32e-01   1.47e-01   1.37e-03   8.95e-03   1.47e-03   7.91e-05   3.71e-03   1.01e-03   6.41e-04   2.38e-03   
8.65964e+02  7.12e-11   8.32e-01   1.46e-01   1.60e-03   9.33e-03   1.66e-03   1.03e-04   3.19e-03   9.82e-04   5.30e-04   2.28e-03   
1.00000e+03  7.34e-11   8.36e-01   1.47e-01   1.82e-03   4.32e-03   1.84e-03   1.32e-04   2.80e-03   9.75e-04   4.74e-04   2.25e-03   
1.15478e+03  7.55e-11   8.37e-01   1.47e-01   2.07e-03   3.97e-03   1.96e-03   1.68e-04   2.46e-03   9.72e-04   4.02e-04   2.20e-03   
1.33352e+03  7.78e-11   8.36e-01   1.48e-01   2.38e-03   4.01e-03   2.11e-03   2.24e-04   2.11e-03   9.76e-04   3.50e-04   2.15e-03   
1.53993e+03  8.11e-11   8.36e-01   1.47e-01   2.91e-03   4.07e-03   2.38e-03   3.28e-04   1.68e-03   9.86e-04   3.16e-04   2.05e-03   
1.77828e+03  8.66e-11   8.35e-01   1.47e-01   4.02e-03   4.17e-03   3.00e-03   5.82e-04   1.15e-03   1.00e-03   3.11e-04   1.88e-03   
2.05353e+03  9.25e-11   8.31e-01   1.46e-01   6.40e-03   4.44e-03   4.55e-03   1.26e-03   6.74e-04   1.05e-03   3.60e-04   1.70e-03   
2.37137e+03  9.52e-11   8.24e-01   1.45e-01   9.77e-03   5.20e-03   7.01e-03   2.54e-03   4.40e-04   1.24e-03   3.96e-04   1.52e-03   
2.73842e+03  9.45e-11   8.18e-01   1.44e-01   1.19e-02   6.94e-03   8.11e-03   3.97e-03   3.73e-04   1.66e-03   3.32e-04   1.40e-03   
3.16228e+03  9.14e-11   8.13e-01   1.43e-01   1.26e-02   9.30e-03   8.29e-03   5.13e-03   3.50e-04   2.22e-03   3.01e-04   1.30e-03   
3.65174e+03  8.76e-11   8.09e-01   1.43e-01   1.28e-02   1.14e-02   8.96e-03   6.16e-03   3.40e-04   2.80e-03   2.86e-04   1.24e-03   
4.21697e+03  8.41e-11   8.06e-01   1.42e-01   1.27e-02   1.30e-02   9.60e-03   7.14e-03   3.37e-04   3.32e-03   2.71e-04   1.21e-03   
4.86968e+03  8.12e-11   8.03e-01   1.42e-01   1.26e-02   1.39e-02   9.98e-03   7.98e-03   3.35e-04   3.73e-03   2.55e-04   1.19e-03   
5.62341e+03  7.86e-11   8.02e-01   1.41e-01   1.24e-02   1.44e-02   1.02e-02   8.68e-03   3.37e-04   4.04e-03   2.39e-04   1.17e-03   
6.49382e+03  7.63e-11   8.01e-01   1.42e-01   1.21e-02   1.44e-02   1.03e-02   9.18e-03   3.42e-04   4.21e-03   2.25e-04   1.17e-03   
7.49894e+03  7.43e-11   8.01e-01   1.41e-01   1.18e-02   1.41e-02   1.03e-02   9.47e-03   3.50e-04   4.28e-03   2.13e-04   1.17e-03   
8.65964e+03  7.22e-11   8.02e-01   1.41e-01   1.15e-02   1.38e-02   1.02e-02   9.61e-03   3.59e-04   4.29e-03   2.01e-04   1.19e-03   
1.00000e+04  7.01e-11   8.03e-01   1.41e-01   1.12e-02   1.32e-02   1.02e-02   9.64e-03   3.69e-04   4.25e-03   1.90e-04   1.20e-03   
1.15478e+04  6.79e-11   8.04e-01   1.42e-01   1.08e-02   1.25e-02   1.02e-02   9.63e-03   3.81e-04   4.19e-03   1.78e-04   1.23e-03   
1.33352e+04  6.57e-11   8.05e-01   1.42e-01   1.05e-02   1.18e-02   1.02e-02   9.60e-03   3.91e-04   4.09e-03   1.67e-04   1.25e-03   
1.53993e+04  6.36e-11   8.06e-01   1.42e-01   1.03e-02   1.11e-02   1.04e-02   9.61e-03   3.98e-04   3.98e-03   1.54e-04   1.28e-03   
1.77828e+04  6.14e-11   8.06e-01   1.42e-01   1.01e-02   1.03e-02   1.07e-02   9.70e-03   4.02e-04   3.88e-03   1.40e-04   1.31e-03   
2.05353e+04  5.93e-11   8.06e-01   1.42e-01   1.01e-02   9.53e-03   1.12e-02   9.90e-03   4.03e-04   3.74e-03   1.26e-04   1.34e-03   
2.37137e+04  5.72e-11   8.06e-01   1.42e-01   1.00e-02   8.74e-03   1.19e-02   1.01e-02   4.00e-04   3.62e-03   1.11e-04   1.37e-03   
2.73842e+04  5.51e-11   8.06e-01   1.42e-01   1.00e-02   7.88e-03   1.27e-02   1.03e-02   3.99e-04   3.47e-03   9.71e-05   1.41e-03   
3.16228e+04  5.28e-11   8.06e-01   1.42e-01   9.94e-03   6.95e-03   1.33e-02   1.04e-02   3.97e-04   3.29e-03   8.35e-05   1.47e-03   
3.65174e+04  5.04e-11   8.07e-01   1.42e-01   9.82e-03   5.93e-03   1.38e-02   1.03e-02   3.99e-04   3.09e-03   7.00e-05   1.54e-03   
4.21697e+04  4.79e-11   8.09e-01   1.42e-01   9.65e-03   4.89e-03   1.41e-02   9.99e-03   4.01e-04   2.86e-03   5.70e-05   1.63e-03   
4.86968e+04  4.52e-11   8.10e-01   1.43e-01   9.43e-03   3.85e-03   1.40e-02   9.37e-03   4.07e-04   2.61e-03   4.47e-05   1.74e-03   
5.62341e+04  4.23e-11   8.13e-01   1.43e-01   9.17e-03   2.91e-03   1.35e-02   8.48e-03   4.16e-04   2.35e-03   3.38e-05   1.88e-03   
6.49382e+04  3.93e-11   8.16e-01   1.43e-01   8.85e-03   2.05e-03   1.26e-02   7.32e-03   4.30e-04   2.07e-03   2.41e-05   2.05e-03   
7.49894e+04  3.61e-11   8.19e-01   1.44e-01   8.50e-03   1.37e-03   1.13e-02   5.95e-03   4.48e-04   1.78e-03   1.64e-05   2.26e-03   
8.65964e+04  3.27e-11   8.23e-01   1.45e-01   8.08e-03   8.48e-04   9.55e-03   4.50e-03   4.71e-04   1.50e-03   1.05e-05   2.53e-03   
1.00000e+05  2.88e-11   8.26e-01   1.46e-01   7.64e-03   4.86e-04   7.64e-03   3.12e-03   5.07e-04   1.22e-03   6.42e-06   2.91e-03   
1.15478e+05  2.48e-11   8.30e-01   1.46e-01   7.13e-03   2.58e-04   5.64e-03   1.97e-03   5.56e-04   9.55e-04   3.81e-06   3.40e-03   
1.33352e+05  2.10e-11   8.33e-01   1.47e-01   6.52e-03   1.28e-04   3.80e-03   1.12e-03   6.23e-04   7.04e-04   2.29e-06   4.05e-03   
1.53993e+05  1.78e-11   8.35e-01   1.46e-01   5.72e-03   6.17e-05   2.28e-03   5.77e-04   7.29e-04   4.90e-04   1.45e-06   4.79e-03   
1.77828e+05  1.55e-11   8.37e-01   1.47e-01   4.69e-03   2.97e-05   1.18e-03   2.61e-04   9.08e-04   3.25e-04   1.00e-06   5.53e-03   
2.05353e+05  1.42e-11   8.38e-01   1.48e-01   2.87e-03   1.10e-05   3.71e-04   6.26e-05   1.45e-03   1.80e-04   6.93e-07   6.11e-03   
2.37137e+05  1.77e-11   8.41e-01   1.48e-01   9.76e-04   1.28e-06   4.90e-05   5.93e-06   3.56e-03   5.34e-05   2.58e-07   4.92e-03   
2.73842e+05  1.71e-11   8.41e-01   1.48e-01   9.58e-04   1.09e-06   4.58e-05   5.46e-06   3.62e-03   4.87e-05   2.35e-07   5.09e-03   
3.16228e+05  1.65e-11   8.41e-01   1.48e-01   9.50e-04   1.04e-06   4.47e-05   5.30e-06   3.67e-03   4.69e-05   2.41e-07   5.27e-03   
3.65174e+05  1.61e-11   8.41e-01   1.48e-01   9.47e-04   1.03e-06   4.44e-05   5.20e-06   3.69e-03   4.61e-05   2.50e-07   5.43e-03   
4.21697e+05  1.55e-11   8.40e-01   1.49e-01   9.56e-04   1.04e-06   4.50e-05   5.18e-06   3.73e-03   4.63e-05   2.63e-07   5.63e-03   
4.86968e+05  1.50e-11   8.40e-01   1.48e-01   9.60e-04   1.07e-06   4.59e-05   5.17e-06   3.73e-03   4.68e-05   2.75e-07   5.81e-03   
5.62341e+05  1.45e-11   8.40e-01   1.48e-01   9.71e-04   1.11e-06   4.74e-05   5.22e-06   3.71e-03   4.78e-05   2.87e-07   6.00e-03   
6.49382e+05  1.41e-11   8.40e-01   1.48e-01   9.89e-04   1.17e-06   4.95e-05   5.34e-06   3.66e-03   4.93e-05   3.01e-07   6.20e-03   
7.49894e+05  1.35e-11   8.40e-01   1.48e-01   1.04e-03   1.29e-06   5.34e-05   5.69e-06   3.56e-03   5.22e-05   3.20e-07   6.47e-03   
8.65964e+05  1.27e-11   8.34e-01   1.47e-01   6.12e-03   1.58e-05   1.27e-03   4.10e-04   6.89e-04   2.30e-04   6.97e-07   6.69e-03   
1.00000e+06  1.35e-11   8.38e-01   1.47e-01   3.53e-03   9.57e-06   3.96e-04   9.87e-05   1.19e-03   1.51e-04   6.43e-07   6.40e-03   
1.15478e+06  1.58e-11   8.41e-01   1.48e-01   9.54e-04   1.03e-06   4.41e-05   5.26e-06   3.70e-03   4.58e-05   2.57e-07   5.51e-03   
1.33352e+06  1.45e-11   8.41e-01   1.47e-01   9.71e-04   1.12e-06   4.77e-05   5.27e-06   3.69e-03   4.82e-05   2.89e-07   6.00e-03   
1.53993e+06  1.32e-11   8.40e-01   1.48e-01   1.07e-03   1.39e-06   5.66e-05   6.05e-06   3.44e-03   5.46e-05   3.31e-07   6.59e-03   
1.77828e+06  1.74e-11   8.41e-01   1.48e-01   9.68e-04   1.15e-06   4.36e-05   5.93e-06   3.59e-03   4.71e-05   2.78e-07   5.02e-03   
2.05353e+06  1.46e-11   8.40e-01   1.48e-01   9.70e-04   1.11e-06   4.73e-05   5.26e-06   3.69e-03   4.79e-05   2.85e-07   5.95e-03   
2.37137e+06  1.33e-11   8.35e-01   1.47e-01   6.05e-03   1.71e-05   1.27e-03   4.29e-04   6.90e-04   2.35e-04   7.44e-07   6.40e-03   
2.73842e+06  1.50e-11   8.40e-01   1.48e-01   9.60e-04   1.08e-06   4.61e-05   5.24e-06   3.71e-03   4.72e-05   2.76e-07   5.81e-03   
3.16228e+06  1.36e-11   8.36e-01   1.47e-01   5.15e-03   1.52e-05   8.72e-04   2.79e-04   8.28e-04   2.07e-04   7.48e-07   6.27e-03   
3.65174e+06  1.39e-11   8.41e-01   1.47e-01   1.01e-03   1.21e-06   5.08e-05   5.49e-06   3.60e-03   5.05e-05   3.06e-07   6.26e-03   
4.21697e+06  1.50e-11   8.41e-01   1.47e-01   9.61e-04   1.08e-06   4.62e-05   5.23e-06   3.70e-03   4.72e-05   2.76e-07   5.81e-03   
4.86968e+06  1.56e-11   8.40e-01   1.48e-01   9.56e-04   1.05e-06   4.46e-05   5.26e-06   3.71e-03   4.63e-05   2.62e-07   5.59e-03   
5.62341e+06  1.55e-11   8.40e-01   1.48e-01   9.57e-04   1.05e-06   4.49e-05   5.24e-06   3.70e-03   4.64e-05   2.65e-07   5.63e-03   
6.49382e+06  1.45e-11   8.41e-01   1.47e-01   9.78e-04   1.13e-06   4.78e-05   5.29e-06   3.68e-03   4.84e-05   2.89e-07   6.00e-03   
7.49894e+06  1.26e-11   8.33e-01   1.48e-01   6.09e-03   1.56e-05   1.25e-03   4.00e-04   6.97e-04   2.30e-04   6.87e-07   6.75e-03   
8.65964e+06  1.48e-11   8.40e-01   1.48e-01   9.68e-04   1.10e-06   4.69e-05   5.26e-06   3.70e-03   4.77e-05   2.82e-07   5.90e-03   
1.00000e+07  1.58e-11   8.41e-01   1.48e-01   9.54e-04   1.04e-06   4.42e-05   5.27e-06   3.70e-03   4.60e-05   2.57e-07   5.51e-03   
1.15478e+07  1.52e-11   8.41e-01   1.48e-01   9.59e-04   1.06e-06   4.54e-05   5.21e-06   3.70e-03   4.68e-05   2.71e-07   5.72e-03   
1.33352e+07  1.31e-11   8.40e-01   1.47e-01   1.10e-03   1.47e-06   5.86e-05   6.28e-06   3.37e-03   5.61e-05   3.36e-07   6.65e-03   
1.53993e+07  1.41e-11   8.40e-01   1.48e-01   9.96e-04   1.19e-06   5.00e-05   5.42e-06   3.64e-03   5.00e-05   3.02e-07   6.20e-03   
1.77828e+07  1.12e-11   8.35e-01   1.47e-01   4.81e-03   1.07e-05   6.24e-04   1.69e-04   9.09e-04   1.66e-04   5.77e-07   7.64e-03   
2.05353e+07  1.42e-11   8.40e-01   1.48e-01   9.89e-04   1.17e-06   4.94e-05   5.38e-06   3.64e-03   4.95e-05   2.99e-07   6.15e-03   
2.37137e+07  1.32e-11   8.34e-01   1.47e-01   6.10e-03   1.71e-05   1.29e-03   4.33e-04   6.89e-04   2.36e-04   7.41e-07   6.45e-03   
2.73842e+07  1.30e-11   8.33e-01   1.47e-01   6.14e-03   1.66e-05   1.30e-03   4.29e-04   6.86e-04   2.35e-04   7.22e-07   6.57e-03   
