! 0       NH4+ + e- -> NH3 + H
! 1       *H + *NH2 -> NH3
! 2       NO + NH3+ -> NH3 + NO+
! 3       C6H- + NH3+ -> C6H + NH3
! 4       C7H- + NH3+ -> C7H + NH3
! 5       *NH3 + CRPhoton -> NH3
! 6       C8H- + NH3+ -> C8H + NH3
! 7       C9- + NH3+ -> C9 + NH3
! 8       C9H- + NH3+ -> C9H + NH3
! 9       C5H- + NH3+ -> C5H + NH3
!            tot_rate   0          1          2          3          4          5          6          7          8          9          
1.00000e+00  1.12e-16   9.99e-01   3.69e-12   1.18e-08   6.92e-14   1.22e-16   2.36e-08   3.30e-18   6.80e-21   9.19e-22   1.64e-11   
1.15478e+00  1.11e-16   9.99e-01   3.42e-12   1.30e-08   1.71e-13   3.07e-16   2.62e-08   8.63e-18   1.68e-20   3.18e-21   3.44e-11   
1.33352e+00  1.10e-16   9.99e-01   3.13e-12   1.43e-08   4.20e-13   7.73e-16   2.90e-08   2.21e-17   4.07e-20   1.07e-20   7.10e-11   
1.53993e+00  1.10e-16   9.99e-01   2.88e-12   1.55e-08   1.02e-12   1.95e-15   3.15e-08   5.49e-17   9.63e-20   3.52e-20   1.43e-10   
1.77828e+00  1.10e-16   9.99e-01   2.63e-12   1.70e-08   2.45e-12   5.01e-15   3.41e-08   1.34e-16   2.24e-19   1.13e-19   2.83e-10   
2.05353e+00  1.12e-16   9.99e-01   2.35e-12   1.82e-08   5.76e-12   1.28e-14   3.60e-08   3.15e-16   5.10e-19   3.46e-19   5.46e-10   
2.37137e+00  1.14e-16   9.99e-01   2.11e-12   1.96e-08   1.34e-11   3.34e-14   3.76e-08   7.31e-16   1.15e-18   1.04e-18   1.03e-09   
2.73842e+00  1.17e-16   9.99e-01   1.90e-12   2.11e-08   3.06e-11   8.71e-14   3.87e-08   1.67e-15   2.56e-18   3.06e-18   1.92e-09   
3.16228e+00  1.22e-16   9.99e-01   1.70e-12   2.25e-08   6.80e-11   2.27e-13   3.89e-08   3.70e-15   5.62e-18   8.68e-18   3.47e-09   
3.65174e+00  1.29e-16   9.99e-01   1.52e-12   2.39e-08   1.46e-10   5.81e-13   3.82e-08   8.13e-15   1.22e-17   2.41e-17   6.08e-09   
4.21697e+00  1.38e-16   9.99e-01   1.37e-12   2.53e-08   3.07e-10   1.46e-12   3.69e-08   1.77e-14   2.61e-17   6.55e-17   1.04e-08   
4.86968e+00  1.49e-16   9.99e-01   1.25e-12   2.70e-08   6.24e-10   3.58e-12   3.49e-08   3.89e-14   5.53e-17   1.76e-16   1.74e-08   
5.62341e+00  1.63e-16   9.99e-01   1.15e-12   2.88e-08   1.22e-09   8.52e-12   3.25e-08   8.58e-14   1.16e-16   4.68e-16   2.84e-08   
6.49382e+00  1.80e-16   9.99e-01   1.06e-12   3.10e-08   2.32e-09   1.95e-11   2.98e-08   1.93e-13   2.44e-16   1.25e-15   4.55e-08   
7.49894e+00  2.03e-16   9.99e-01   9.85e-13   3.34e-08   4.22e-09   4.28e-11   2.66e-08   4.32e-13   5.07e-16   3.33e-15   7.04e-08   
8.65964e+00  2.33e-16   9.99e-01   9.18e-13   3.62e-08   7.42e-09   9.01e-11   2.33e-08   9.74e-13   1.05e-15   8.88e-15   1.07e-07   
1.00000e+01  2.73e-16   9.99e-01   8.53e-13   3.95e-08   1.25e-08   1.83e-10   2.00e-08   2.18e-12   2.18e-15   2.35e-14   1.59e-07   
1.15478e+01  3.27e-16   9.99e-01   7.98e-13   4.40e-08   2.04e-08   3.54e-10   1.67e-08   4.80e-12   4.55e-15   6.14e-14   2.33e-07   
1.33352e+01  4.02e-16   9.99e-01   7.48e-13   4.90e-08   3.23e-08   6.64e-10   1.37e-08   1.04e-11   9.47e-15   1.57e-13   3.33e-07   
1.53993e+01  5.06e-16   9.99e-01   7.05e-13   5.55e-08   5.00e-08   1.20e-09   1.09e-08   2.19e-11   1.97e-14   3.91e-13   4.72e-07   
1.77828e+01  6.47e-16   9.99e-01   6.76e-13   6.39e-08   7.60e-08   2.15e-09   8.60e-09   4.54e-11   4.19e-14   9.58e-13   6.63e-07   
2.05353e+01  8.38e-16   9.99e-01   6.60e-13   7.49e-08   1.15e-07   3.75e-09   6.72e-09   9.28e-11   8.91e-14   2.30e-12   9.24e-07   
2.37137e+01  1.09e-15   9.99e-01   6.54e-13   8.89e-08   1.72e-07   6.51e-09   5.24e-09   1.88e-10   1.92e-13   5.46e-12   1.28e-06   
2.73842e+01  1.40e-15   9.99e-01   6.67e-13   1.08e-07   2.64e-07   1.15e-08   4.19e-09   3.87e-10   4.27e-13   1.31e-11   1.82e-06   
3.16228e+01  1.79e-15   9.99e-01   6.98e-13   1.35e-07   4.08e-07   2.04e-08   3.41e-09   7.98e-10   9.71e-13   3.15e-11   2.58e-06   
3.65174e+01  2.24e-15   9.99e-01   7.54e-13   1.70e-07   6.47e-07   3.70e-08   2.89e-09   1.69e-09   2.30e-12   7.72e-11   3.72e-06   
4.21697e+01  2.76e-15   9.99e-01   8.43e-13   2.19e-07   1.05e-06   6.84e-08   2.56e-09   3.66e-09   5.61e-12   1.92e-10   5.47e-06   
4.86968e+01  3.32e-15   9.99e-01   1.00e-12   2.88e-07   1.73e-06   1.29e-07   2.39e-09   8.03e-09   1.42e-11   4.90e-10   8.15e-06   
5.62341e+01  3.92e-15   9.99e-01   1.28e-12   3.82e-07   2.93e-06   2.49e-07   2.36e-09   1.80e-08   3.69e-11   1.27e-09   1.24e-05   
6.49382e+01  4.54e-15   9.99e-01   1.83e-12   5.16e-07   5.03e-06   4.87e-07   2.47e-09   4.10e-08   9.99e-11   3.33e-09   1.92e-05   
7.49894e+01  5.13e-15   9.98e-01   3.16e-12   7.04e-07   8.81e-06   9.69e-07   2.75e-09   9.54e-08   2.79e-10   8.91e-09   3.02e-05   
8.65964e+01  5.72e-15   9.98e-01   8.04e-12   9.74e-07   1.56e-05   1.94e-06   3.18e-09   2.24e-07   7.90e-10   2.39e-08   4.82e-05   
1.00000e+02  6.29e-15   9.98e-01   8.47e-11   1.37e-06   2.80e-05   3.92e-06   3.85e-09   5.26e-07   2.30e-09   6.53e-08   7.79e-05   
1.15478e+02  6.96e-15   9.87e-01   1.02e-02   1.88e-06   4.94e-05   7.85e-06   6.68e-06   1.23e-06   6.73e-09   1.75e-07   1.25e-04   
1.33352e+02  7.69e-15   9.78e-01   1.90e-02   2.90e-06   8.70e-05   1.56e-05   2.80e-05   2.83e-06   1.98e-08   4.69e-07   1.99e-04   
1.53993e+02  8.63e-15   9.61e-01   3.57e-02   4.54e-06   1.49e-04   2.99e-05   7.17e-05   6.37e-06   5.74e-08   1.22e-06   3.06e-04   
1.77828e+02  1.00e-14   9.20e-01   7.58e-02   7.11e-06   2.40e-04   5.42e-05   1.67e-04   1.35e-05   1.58e-07   2.99e-06   4.42e-04   
2.05353e+02  1.29e-14   8.06e-01   1.89e-01   1.04e-05   3.36e-04   8.53e-05   4.07e-04   2.43e-05   3.84e-07   6.32e-06   5.52e-04   
2.37137e+02  1.86e-14   6.35e-01   3.60e-01   1.37e-05   3.99e-04   1.13e-04   9.63e-04   3.71e-05   7.91e-07   1.12e-05   5.81e-04   
2.73842e+02  2.63e-14   5.16e-01   4.78e-01   1.86e-05   4.52e-04   1.43e-04   1.88e-03   5.31e-05   1.54e-06   1.87e-05   5.77e-04   
3.16228e+02  3.49e-14   4.47e-01   5.47e-01   2.69e-05   5.15e-04   1.82e-04   3.15e-03   7.58e-05   3.01e-06   3.06e-05   5.81e-04   
3.65174e+02  4.38e-14   4.16e-01   5.76e-01   4.07e-05   5.99e-04   2.33e-04   4.75e-03   1.07e-04   5.78e-06   4.93e-05   5.92e-04   
4.21697e+02  5.20e-14   4.10e-01   5.79e-01   6.37e-05   7.04e-04   3.02e-04   6.70e-03   1.51e-04   1.11e-05   7.79e-05   6.16e-04   
4.86968e+02  5.98e-14   4.21e-01   5.65e-01   9.95e-05   8.31e-04   3.88e-04   8.93e-03   2.07e-04   2.06e-05   1.18e-04   6.45e-04   
5.62341e+02  6.71e-14   4.39e-01   5.44e-01   1.52e-04   9.68e-04   4.86e-04   1.15e-02   2.74e-04   3.61e-05   1.71e-04   6.76e-04   
6.49382e+02  7.42e-14   4.60e-01   5.20e-01   2.21e-04   1.11e-03   5.89e-04   1.43e-02   3.48e-04   5.89e-05   2.32e-04   7.06e-04   
7.49894e+02  8.07e-14   4.76e-01   5.01e-01   3.04e-04   1.26e-03   7.01e-04   1.61e-02   4.27e-04   9.01e-05   3.00e-04   7.41e-04   
8.65964e+02  8.64e-14   4.90e-01   4.86e-01   3.98e-04   1.45e-03   8.25e-04   1.63e-02   5.15e-04   1.32e-04   3.77e-04   7.86e-04   
1.00000e+03  9.16e-14   5.00e-01   4.75e-01   4.78e-04   1.66e-03   9.71e-04   1.65e-02   6.18e-04   1.88e-04   4.66e-04   8.44e-04   
1.15478e+03  9.74e-14   5.11e-01   4.62e-01   5.89e-04   1.95e-03   1.17e-03   1.63e-02   7.55e-04   2.69e-04   5.85e-04   9.34e-04   
1.33352e+03  1.06e-13   5.33e-01   4.38e-01   7.51e-04   2.45e-03   1.50e-03   1.57e-02   9.82e-04   4.13e-04   7.80e-04   1.10e-03   
1.53993e+03  1.22e-13   5.75e-01   3.93e-01   1.02e-03   3.47e-03   2.19e-03   1.41e-02   1.44e-03   7.39e-04   1.18e-03   1.45e-03   
1.77828e+03  1.59e-13   6.52e-01   3.07e-01   1.56e-03   5.76e-03   3.78e-03   1.12e-02   2.48e-03   1.65e-03   2.14e-03   2.24e-03   
2.05353e+03  2.53e-13   7.48e-01   1.95e-01   2.63e-03   9.33e-03   6.33e-03   7.24e-03   4.11e-03   3.60e-03   3.80e-03   3.39e-03   
2.37137e+03  4.15e-13   8.26e-01   1.17e-01   4.82e-03   9.03e-03   6.14e-03   4.53e-03   4.02e-03   4.00e-03   3.83e-03   3.27e-03   
2.73842e+03  6.12e-13   8.86e-01   7.50e-02   9.09e-03   4.45e-03   2.99e-03   3.15e-03   2.04e-03   2.61e-03   1.93e-03   1.78e-03   
3.16228e+03  8.34e-13   9.18e-01   4.95e-02   1.29e-02   2.36e-03   1.61e-03   2.34e-03   1.16e-03   1.87e-03   1.07e-03   1.05e-03   
3.65174e+03  1.05e-12   9.36e-01   3.48e-02   1.44e-02   1.66e-03   1.14e-03   1.85e-03   8.50e-04   1.44e-03   7.79e-04   7.75e-04   
4.21697e+03  1.21e-12   9.47e-01   2.64e-02   1.48e-02   1.30e-03   8.81e-04   1.56e-03   6.75e-04   1.18e-03   6.22e-04   6.13e-04   
4.86968e+03  1.33e-12   9.54e-01   2.17e-02   1.46e-02   1.07e-03   7.14e-04   1.37e-03   5.55e-04   9.91e-04   5.13e-04   5.03e-04   
5.62341e+03  1.40e-12   9.58e-01   1.93e-02   1.42e-02   9.01e-04   5.98e-04   1.24e-03   4.70e-04   8.58e-04   4.33e-04   4.25e-04   
6.49382e+03  1.41e-12   9.60e-01   1.86e-02   1.36e-02   7.89e-04   5.20e-04   1.18e-03   4.12e-04   7.68e-04   3.78e-04   3.72e-04   
7.49894e+03  1.37e-12   9.60e-01   1.91e-02   1.31e-02   7.17e-04   4.66e-04   1.15e-03   3.70e-04   6.99e-04   3.37e-04   3.35e-04   
8.65964e+03  1.32e-12   9.60e-01   2.03e-02   1.26e-02   6.66e-04   4.29e-04   1.14e-03   3.41e-04   6.52e-04   3.08e-04   3.09e-04   
1.00000e+04  1.25e-12   9.59e-01   2.21e-02   1.21e-02   6.38e-04   4.08e-04   1.16e-03   3.24e-04   6.26e-04   2.89e-04   2.94e-04   
1.15478e+04  1.19e-12   9.57e-01   2.44e-02   1.15e-02   6.22e-04   3.94e-04   1.18e-03   3.12e-04   6.09e-04   2.76e-04   2.85e-04   
1.33352e+04  1.13e-12   9.55e-01   2.69e-02   1.10e-02   6.26e-04   3.94e-04   1.21e-03   3.11e-04   6.10e-04   2.74e-04   2.85e-04   
1.53993e+04  1.08e-12   9.53e-01   2.96e-02   1.05e-02   6.49e-04   4.04e-04   1.24e-03   3.19e-04   6.26e-04   2.80e-04   2.93e-04   
1.77828e+04  1.06e-12   9.51e-01   3.18e-02   9.98e-03   6.75e-04   4.19e-04   1.24e-03   3.31e-04   6.47e-04   2.90e-04   3.05e-04   
2.05353e+04  1.05e-12   9.49e-01   3.38e-02   9.59e-03   7.16e-04   4.42e-04   1.23e-03   3.48e-04   6.79e-04   3.07e-04   3.24e-04   
2.37137e+04  1.08e-12   9.49e-01   3.49e-02   9.04e-03   7.48e-04   4.60e-04   1.20e-03   3.62e-04   7.02e-04   3.22e-04   3.39e-04   
2.73842e+04  1.10e-12   9.48e-01   3.60e-02   8.57e-03   7.84e-04   4.80e-04   1.18e-03   3.76e-04   7.26e-04   3.38e-04   3.58e-04   
3.16228e+04  1.13e-12   9.47e-01   3.69e-02   7.95e-03   8.10e-04   4.93e-04   1.14e-03   3.86e-04   7.39e-04   3.50e-04   3.72e-04   
3.65174e+04  1.15e-12   9.47e-01   3.84e-02   7.29e-03   8.37e-04   5.05e-04   1.12e-03   3.95e-04   7.51e-04   3.60e-04   3.86e-04   
4.21697e+04  1.16e-12   9.45e-01   4.03e-02   6.60e-03   8.59e-04   5.16e-04   1.12e-03   4.01e-04   7.60e-04   3.69e-04   4.00e-04   
4.86968e+04  1.18e-12   9.44e-01   4.24e-02   5.82e-03   8.67e-04   5.17e-04   1.12e-03   4.01e-04   7.55e-04   3.70e-04   4.09e-04   
5.62341e+04  1.19e-12   9.43e-01   4.45e-02   4.96e-03   8.67e-04   5.07e-04   1.13e-03   3.91e-04   7.36e-04   3.62e-04   4.09e-04   
6.49382e+04  1.17e-12   9.40e-01   4.81e-02   4.16e-03   8.54e-04   4.95e-04   1.17e-03   3.79e-04   7.14e-04   3.50e-04   4.09e-04   
7.49894e+04  1.13e-12   9.36e-01   5.29e-02   3.36e-03   8.26e-04   4.72e-04   1.25e-03   3.58e-04   6.77e-04   3.29e-04   4.01e-04   
8.65964e+04  1.06e-12   9.30e-01   5.99e-02   2.56e-03   7.79e-04   4.37e-04   1.37e-03   3.28e-04   6.26e-04   2.99e-04   3.84e-04   
1.00000e+05  9.38e-13   9.19e-01   7.21e-02   1.84e-03   7.23e-04   3.99e-04   1.61e-03   2.95e-04   5.73e-04   2.64e-04   3.65e-04   
1.15478e+05  7.63e-13   8.98e-01   9.39e-02   1.21e-03   6.54e-04   3.54e-04   2.07e-03   2.60e-04   5.14e-04   2.27e-04   3.38e-04   
1.33352e+05  5.65e-13   8.58e-01   1.34e-01   7.10e-04   5.72e-04   3.03e-04   2.90e-03   2.19e-04   4.48e-04   1.86e-04   3.04e-04   
1.53993e+05  3.86e-13   7.87e-01   2.05e-01   3.62e-04   4.68e-04   2.43e-04   4.40e-03   1.75e-04   3.67e-04   1.43e-04   2.58e-04   
1.77828e+05  2.54e-13   6.66e-01   3.24e-01   1.56e-04   3.38e-04   1.72e-04   6.93e-03   1.23e-04   2.66e-04   9.65e-05   1.96e-04   
2.05353e+05  1.53e-13   4.33e-01   5.54e-01   3.68e-05   1.47e-04   7.04e-05   1.17e-02   4.90e-05   1.06e-04   3.53e-05   9.71e-05   
2.37137e+05  1.08e-13   1.78e-01   8.05e-01   3.40e-06   2.45e-06   8.57e-07   1.68e-02   5.73e-07   1.07e-06   3.01e-07   2.66e-06   
2.73842e+05  1.09e-13   1.67e-01   8.16e-01   2.57e-06   2.36e-06   8.30e-07   1.69e-02   5.49e-07   1.02e-06   2.89e-07   2.55e-06   
3.16228e+05  1.09e-13   1.57e-01   8.25e-01   2.09e-06   2.57e-06   9.15e-07   1.71e-02   5.92e-07   1.08e-06   3.13e-07   2.73e-06   
3.65174e+05  1.09e-13   1.51e-01   8.32e-01   1.79e-06   2.92e-06   1.05e-06   1.71e-02   6.68e-07   1.19e-06   3.54e-07   3.03e-06   
4.21697e+05  1.09e-13   1.46e-01   8.37e-01   1.62e-06   3.41e-06   1.24e-06   1.71e-02   7.77e-07   1.38e-06   4.14e-07   3.45e-06   
4.86968e+05  1.09e-13   1.43e-01   8.39e-01   1.51e-06   4.05e-06   1.51e-06   1.71e-02   9.27e-07   1.63e-06   5.01e-07   4.01e-06   
5.62341e+05  1.09e-13   1.41e-01   8.41e-01   1.44e-06   4.95e-06   1.87e-06   1.71e-02   1.16e-06   2.02e-06   6.28e-07   4.77e-06   
6.49382e+05  1.09e-13   1.42e-01   8.41e-01   1.41e-06   6.25e-06   2.42e-06   1.69e-02   1.49e-06   2.61e-06   8.26e-07   5.85e-06   
7.49894e+05  1.10e-13   1.44e-01   8.39e-01   1.45e-06   8.58e-06   3.41e-06   1.69e-02   2.11e-06   3.73e-06   1.20e-06   7.71e-06   
8.65964e+05  3.10e-13   6.94e-01   2.97e-01   8.81e-05   3.61e-04   1.88e-04   6.10e-03   1.35e-04   2.88e-04   1.14e-04   2.00e-04   
1.00000e+06  1.68e-13   4.43e-01   5.44e-01   2.77e-05   1.67e-04   8.20e-05   1.15e-02   5.81e-05   1.28e-04   4.38e-05   1.04e-04   
1.15478e+06  1.10e-13   1.46e-01   8.36e-01   1.63e-06   3.11e-06   1.13e-06   1.72e-02   7.06e-07   1.25e-06   3.74e-07   3.20e-06   
1.33352e+06  1.10e-13   1.42e-01   8.41e-01   1.44e-06   5.18e-06   1.97e-06   1.70e-02   1.21e-06   2.11e-06   6.61e-07   4.97e-06   
1.53993e+06  1.11e-13   1.48e-01   8.35e-01   1.53e-06   1.05e-05   4.27e-06   1.67e-02   2.67e-06   4.76e-06   1.55e-06   9.28e-06   
1.77828e+06  1.11e-13   1.53e-01   8.29e-01   2.03e-06   2.47e-06   8.72e-07   1.74e-02   5.65e-07   1.03e-06   2.95e-07   2.63e-06   
2.05353e+06  1.10e-13   1.42e-01   8.41e-01   1.45e-06   4.88e-06   1.84e-06   1.71e-02   1.13e-06   1.98e-06   6.17e-07   4.73e-06   
2.37137e+06  3.12e-13   6.95e-01   2.96e-01   9.35e-05   3.59e-04   1.86e-04   6.18e-03   1.34e-04   2.85e-04   1.13e-04   1.99e-04   
2.73842e+06  1.10e-13   1.43e-01   8.39e-01   1.49e-06   4.21e-06   1.57e-06   1.71e-02   9.69e-07   1.69e-06   5.21e-07   4.16e-06   
3.16228e+06  2.44e-13   6.11e-01   3.78e-01   6.72e-05   2.88e-04   1.47e-04   8.04e-03   1.05e-04   2.30e-04   8.53e-05   1.66e-04   
3.65174e+06  1.11e-13   1.43e-01   8.40e-01   1.44e-06   7.02e-06   2.74e-06   1.69e-02   1.69e-06   2.96e-06   9.48e-07   6.49e-06   
4.21697e+06  1.11e-13   1.43e-01   8.40e-01   1.48e-06   4.29e-06   1.60e-06   1.71e-02   9.86e-07   1.73e-06   5.32e-07   4.23e-06   
4.86968e+06  1.11e-13   1.45e-01   8.37e-01   1.59e-06   3.37e-06   1.23e-06   1.72e-02   7.66e-07   1.35e-06   4.06e-07   3.42e-06   
5.62341e+06  1.11e-13   1.44e-01   8.38e-01   1.56e-06   3.55e-06   1.30e-06   1.72e-02   8.08e-07   1.43e-06   4.31e-07   3.59e-06   
6.49382e+06  1.11e-13   1.42e-01   8.41e-01   1.45e-06   5.20e-06   1.97e-06   1.70e-02   1.21e-06   2.12e-06   6.64e-07   4.99e-06   
7.49894e+06  3.09e-13   6.90e-01   3.01e-01   8.55e-05   3.56e-04   1.85e-04   6.16e-03   1.33e-04   2.84e-04   1.12e-04   1.97e-04   
8.65964e+06  1.11e-13   1.42e-01   8.41e-01   1.47e-06   4.62e-06   1.73e-06   1.70e-02   1.07e-06   1.86e-06   5.79e-07   4.51e-06   
1.00000e+07  1.11e-13   1.46e-01   8.36e-01   1.63e-06   3.15e-06   1.14e-06   1.71e-02   7.15e-07   1.27e-06   3.79e-07   3.23e-06   
1.15478e+07  1.11e-13   1.43e-01   8.40e-01   1.52e-06   3.94e-06   1.46e-06   1.71e-02   9.03e-07   1.58e-06   4.84e-07   3.93e-06   
1.33352e+07  1.12e-13   1.50e-01   8.33e-01   1.59e-06   1.19e-05   4.87e-06   1.66e-02   3.06e-06   5.50e-06   1.79e-06   1.03e-05   
1.53993e+07  1.11e-13   1.42e-01   8.41e-01   1.43e-06   6.42e-06   2.49e-06   1.69e-02   1.53e-06   2.68e-06   8.50e-07   5.99e-06   
1.77828e+07  2.03e-13   5.31e-01   4.58e-01   3.45e-05   2.74e-04   1.45e-04   9.14e-03   1.04e-04   2.26e-04   8.65e-05   1.51e-04   
2.05353e+07  1.11e-13   1.42e-01   8.41e-01   1.43e-06   6.12e-06   2.35e-06   1.69e-02   1.45e-06   2.53e-06   8.03e-07   5.75e-06   
2.37137e+07  3.15e-13   6.96e-01   2.95e-01   9.35e-05   3.59e-04   1.87e-04   6.14e-03   1.35e-04   2.87e-04   1.13e-04   2.00e-04   
2.73842e+07  3.17e-13   6.98e-01   2.93e-01   9.19e-05   3.63e-04   1.88e-04   6.06e-03   1.35e-04   2.88e-04   1.15e-04   2.01e-04   
