! 0       *H + *CH3CHO -> CH3OCH2
! 1       CH3OCH3 + OH -> CH3OCH2 + H2O
! 2       *CH3OCH2 + CRPhoton -> CH3OCH2
! 3       CH3OCH3 + H -> CH3OCH2 + H2
! 4       CH3OCH3 + O -> CH3OCH2 + OH
! 5       *CH3OCH2 + ISPhoton -> CH3OCH2
! 6       CH3OCH3 + CH3 -> CH3OCH2 + CH4
! 7       CH3OCH3 + O2 -> O2H + CH3OCH2
! 8       *CH3OCH2 + CRP -> CH3OCH2
! 9       *CH3OCH2 + GRAIN -> CH3OCH2 + GRAIN
!            tot_rate   0          1          2          3          4          5          6          7          8          9          
1.00000e+00  2.82e-26   1.00e+00   6.56e-06   1.72e-05   7.38e-50   4.11e-57   3.07e-12   0.00e+00   0.00e+00   0.00e+00   0.00e+00   
1.15478e+00  4.98e-26   1.00e+00   2.81e-06   2.05e-05   3.57e-50   1.72e-57   3.65e-12   0.00e+00   0.00e+00   0.00e+00   0.00e+00   
1.33352e+00  8.57e-26   1.00e+00   1.14e-06   2.44e-05   1.67e-50   6.92e-58   4.35e-12   0.00e+00   0.00e+00   0.00e+00   0.00e+00   
1.53993e+00  1.48e-25   1.00e+00   4.22e-07   2.85e-05   7.16e-51   2.57e-58   5.10e-12   0.00e+00   0.00e+00   0.00e+00   0.00e+00   
1.77828e+00  2.51e-25   1.00e+00   1.43e-07   3.35e-05   2.86e-51   8.96e-59   5.98e-12   0.00e+00   0.00e+00   0.00e+00   0.00e+00   
2.05353e+00  4.21e-25   1.00e+00   4.39e-08   3.94e-05   1.05e-51   2.87e-59   7.03e-12   0.00e+00   0.00e+00   0.00e+00   0.00e+00   
2.37137e+00  7.01e-25   1.00e+00   1.20e-08   4.59e-05   3.49e-52   8.33e-60   8.22e-12   0.00e+00   0.00e+00   0.00e+00   0.00e+00   
2.73842e+00  1.16e-24   1.00e+00   2.91e-09   5.36e-05   1.06e-52   2.22e-60   9.57e-12   0.00e+00   0.00e+00   0.00e+00   0.00e+00   
3.16228e+00  1.90e-24   1.00e+00   7.00e-10   6.26e-05   3.23e-53   6.00e-61   1.12e-11   0.00e+00   0.00e+00   0.00e+00   0.00e+00   
3.65174e+00  3.10e-24   1.00e+00   2.46e-10   7.29e-05   1.47e-53   2.42e-61   1.30e-11   0.00e+00   0.00e+00   0.00e+00   0.00e+00   
4.21697e+00  5.01e-24   1.00e+00   1.77e-10   8.50e-05   1.40e-53   2.08e-61   1.52e-11   0.00e+00   0.00e+00   0.00e+00   0.00e+00   
4.86968e+00  8.05e-24   1.00e+00   1.78e-10   9.90e-05   1.90e-53   2.56e-61   1.76e-11   0.00e+00   0.00e+00   0.00e+00   0.00e+00   
5.62341e+00  1.28e-23   1.00e+00   1.91e-10   1.16e-04   2.87e-53   3.54e-61   2.06e-11   0.00e+00   0.00e+00   0.00e+00   0.00e+00   
6.49382e+00  2.03e-23   1.00e+00   2.07e-10   1.34e-04   4.49e-53   5.17e-61   2.39e-11   0.00e+00   0.00e+00   0.00e+00   0.00e+00   
7.49894e+00  3.18e-23   1.00e+00   2.28e-10   1.56e-04   7.39e-53   8.05e-61   2.79e-11   0.00e+00   0.00e+00   0.00e+00   0.00e+00   
8.65964e+00  4.93e-23   1.00e+00   2.56e-10   1.82e-04   1.29e-52   1.35e-60   3.24e-11   0.00e+00   0.00e+00   0.00e+00   0.00e+00   
1.00000e+01  7.52e-23   1.00e+00   2.92e-10   2.13e-04   2.41e-52   2.47e-60   3.80e-11   0.00e+00   0.00e+00   0.00e+00   0.00e+00   
1.15478e+01  1.13e-22   1.00e+00   3.40e-10   2.49e-04   4.80e-52   4.99e-60   4.44e-11   0.00e+00   0.00e+00   0.00e+00   0.00e+00   
1.33352e+01  1.66e-22   1.00e+00   4.05e-10   2.92e-04   1.05e-51   1.12e-59   5.22e-11   0.00e+00   0.00e+00   0.00e+00   0.00e+00   
1.53993e+01  2.43e-22   1.00e+00   4.85e-10   3.39e-04   2.45e-51   2.79e-59   6.05e-11   0.00e+00   0.00e+00   0.00e+00   0.00e+00   
1.77828e+01  3.51e-22   1.00e+00   5.95e-10   3.93e-04   6.35e-51   7.92e-59   7.03e-11   0.00e+00   0.00e+00   0.00e+00   0.00e+00   
2.05353e+01  5.04e-22   1.00e+00   7.42e-10   4.52e-04   1.82e-50   2.58e-58   8.09e-11   0.00e+00   0.00e+00   0.00e+00   0.00e+00   
2.37137e+01  7.21e-22   9.99e-01   9.44e-10   5.17e-04   5.85e-50   9.79e-58   9.23e-11   0.00e+00   0.00e+00   0.00e+00   0.00e+00   
2.73842e+01  1.03e-21   9.99e-01   1.22e-09   5.84e-04   2.13e-49   4.40e-57   1.04e-10   0.00e+00   0.00e+00   0.00e+00   0.00e+00   
3.16228e+01  1.46e-21   9.99e-01   1.64e-09   6.57e-04   9.04e-49   2.40e-56   1.18e-10   0.00e+00   0.00e+00   0.00e+00   0.00e+00   
3.65174e+01  2.09e-21   9.99e-01   2.23e-09   7.27e-04   4.41e-48   1.59e-55   1.30e-10   0.00e+00   0.00e+00   0.00e+00   0.00e+00   
4.21697e+01  3.01e-21   9.99e-01   3.12e-09   7.87e-04   2.53e-47   1.31e-54   1.41e-10   0.00e+00   0.00e+00   0.00e+00   0.00e+00   
4.86968e+01  4.38e-21   9.99e-01   4.49e-09   8.37e-04   1.73e-46   1.36e-53   1.50e-10   0.00e+00   0.00e+00   0.00e+00   0.00e+00   
5.62341e+01  6.50e-21   9.99e-01   6.68e-09   8.64e-04   1.42e-45   1.80e-52   1.54e-10   0.00e+00   0.00e+00   0.00e+00   0.00e+00   
6.49382e+01  9.84e-21   9.99e-01   1.04e-08   8.54e-04   1.41e-44   3.06e-51   1.52e-10   0.00e+00   0.00e+00   0.00e+00   0.00e+00   
7.49894e+01  1.53e-20   9.99e-01   1.68e-08   7.90e-04   1.72e-43   6.79e-50   1.41e-10   0.00e+00   0.00e+00   0.00e+00   0.00e+00   
8.65964e+01  2.35e-20   9.99e-01   3.02e-08   6.46e-04   2.67e-42   2.00e-48   1.15e-10   0.00e+00   0.00e+00   0.00e+00   0.00e+00   
1.00000e+02  2.33e-20   1.00e+00   7.51e-08   3.48e-04   6.48e-41   9.78e-47   6.22e-11   0.00e+00   0.00e+00   0.00e+00   0.00e+00   
1.15478e+02  1.28e-18   1.00e+00   5.80e-08   6.48e-08   5.44e-40   1.73e-45   1.16e-14   0.00e+00   0.00e+00   0.00e+00   0.00e+00   
1.33352e+02  1.76e-18   1.00e+00   9.15e-08   4.68e-08   9.89e-39   6.76e-44   8.35e-15   0.00e+00   0.00e+00   0.00e+00   0.00e+00   
1.53993e+02  2.51e-18   1.00e+00   1.49e-07   3.26e-08   1.94e-37   2.92e-42   5.82e-15   0.00e+00   0.00e+00   0.00e+00   0.00e+00   
1.77828e+02  3.91e-18   1.00e+00   2.52e-07   2.06e-08   3.99e-36   1.33e-40   3.68e-15   0.00e+00   0.00e+00   0.00e+00   0.00e+00   
2.05353e+02  7.16e-18   1.00e+00   4.40e-07   1.10e-08   8.31e-35   6.17e-39   1.97e-15   0.00e+00   0.00e+00   0.00e+00   0.00e+00   
2.37137e+02  1.26e-17   1.00e+00   8.10e-07   5.93e-09   1.81e-33   2.96e-37   1.06e-15   0.00e+00   0.00e+00   0.00e+00   0.00e+00   
2.73842e+02  1.84e-17   1.00e+00   1.52e-06   3.66e-09   4.00e-32   1.43e-35   6.52e-16   0.00e+00   0.00e+00   0.00e+00   0.00e+00   
3.16228e+02  2.35e-17   1.00e+00   2.83e-06   2.38e-09   9.06e-31   7.06e-34   4.26e-16   0.00e+00   0.00e+00   0.00e+00   0.00e+00   
3.65174e+02  2.57e-17   1.00e+00   5.25e-06   1.58e-09   2.19e-29   3.72e-32   2.82e-16   0.00e+00   0.00e+00   0.00e+00   0.00e+00   
4.21697e+02  2.22e-17   1.00e+00   9.68e-06   1.05e-09   5.81e-28   2.16e-30   1.87e-16   0.00e+00   0.00e+00   0.00e+00   0.00e+00   
4.86968e+02  1.28e-17   1.00e+00   1.80e-05   6.90e-10   1.77e-26   1.45e-28   1.23e-16   0.00e+00   0.00e+00   0.00e+00   0.00e+00   
5.62341e+02  3.87e-18   1.00e+00   3.62e-05   4.42e-10   6.56e-25   1.18e-26   7.91e-17   0.00e+00   0.00e+00   0.00e+00   0.00e+00   
6.49382e+02  7.53e-19   1.00e+00   7.82e-05   2.66e-10   2.92e-23   1.13e-24   4.75e-17   0.00e+00   0.00e+00   0.00e+00   0.00e+00   
7.49894e+02  5.51e-19   1.00e+00   1.01e-04   1.21e-10   8.22e-22   6.68e-23   2.16e-17   0.00e+00   0.00e+00   0.00e+00   0.00e+00   
8.65964e+02  5.61e-19   1.00e+00   1.21e-04   2.09e-11   2.12e-20   3.44e-21   3.74e-18   3.58e-73   0.00e+00   0.00e+00   0.00e+00   
1.00000e+03  5.61e-19   1.00e+00   1.41e-04   6.72e-12   4.95e-19   1.50e-19   1.20e-18   7.15e-68   0.00e+00   0.00e+00   0.00e+00   
1.15478e+03  5.88e-19   1.00e+00   1.61e-04   5.24e-12   9.83e-18   5.10e-18   9.39e-19   6.89e-63   0.00e+00   0.00e+00   0.00e+00   
1.33352e+03  6.34e-19   1.00e+00   1.89e-04   4.16e-12   1.64e-16   1.34e-16   7.44e-19   2.93e-58   0.00e+00   0.00e+00   0.00e+00   
1.53993e+03  7.36e-19   1.00e+00   2.42e-04   3.37e-12   2.34e-15   2.72e-15   6.02e-19   5.30e-54   0.00e+00   0.00e+00   0.00e+00   
1.77828e+03  9.96e-19   1.00e+00   3.56e-04   2.77e-12   2.85e-14   4.32e-14   4.96e-19   4.30e-50   0.00e+00   0.00e+00   0.00e+00   
2.05353e+03  1.61e-18   9.99e-01   6.27e-04   2.33e-12   3.05e-13   5.40e-13   4.18e-19   1.55e-46   0.00e+00   0.00e+00   0.00e+00   
2.37137e+03  2.43e-18   9.99e-01   1.18e-03   2.02e-12   2.39e-12   4.40e-12   3.62e-19   1.15e-43   0.00e+00   0.00e+00   0.00e+00   
2.73842e+03  2.70e-18   9.98e-01   1.96e-03   1.83e-12   1.06e-11   1.84e-11   3.28e-19   8.98e-42   0.00e+00   0.00e+00   0.00e+00   
3.16228e+03  2.49e-18   9.97e-01   2.63e-03   1.68e-12   2.94e-11   4.50e-11   3.01e-19   1.79e-40   0.00e+00   0.00e+00   0.00e+00   
3.65174e+03  2.15e-18   9.97e-01   3.19e-03   1.52e-12   6.33e-11   8.52e-11   2.72e-19   1.73e-39   0.00e+00   0.00e+00   0.00e+00   
4.21697e+03  1.81e-18   9.96e-01   3.72e-03   1.36e-12   1.17e-10   1.36e-10   2.44e-19   9.46e-39   0.00e+00   0.00e+00   0.00e+00   
4.86968e+03  1.53e-18   9.96e-01   4.24e-03   1.21e-12   1.89e-10   1.92e-10   2.17e-19   3.31e-38   0.00e+00   0.00e+00   0.00e+00   
5.62341e+03  1.33e-18   9.95e-01   4.68e-03   1.06e-12   2.73e-10   2.44e-10   1.90e-19   8.14e-38   0.00e+00   0.00e+00   0.00e+00   
6.49382e+03  1.17e-18   9.95e-01   5.09e-03   9.26e-13   3.70e-10   2.91e-10   1.66e-19   1.56e-37   0.00e+00   0.00e+00   0.00e+00   
7.49894e+03  1.05e-18   9.95e-01   5.42e-03   7.99e-13   4.73e-10   3.30e-10   1.43e-19   2.56e-37   0.00e+00   0.00e+00   0.00e+00   
8.65964e+03  9.52e-19   9.94e-01   5.68e-03   6.81e-13   5.84e-10   3.63e-10   1.22e-19   3.82e-37   0.00e+00   0.00e+00   0.00e+00   
1.00000e+04  8.82e-19   9.94e-01   5.89e-03   5.76e-13   7.04e-10   3.92e-10   1.03e-19   5.51e-37   0.00e+00   0.00e+00   0.00e+00   
1.15478e+04  8.34e-19   9.94e-01   6.08e-03   4.82e-13   8.36e-10   4.18e-10   8.66e-20   7.94e-37   0.00e+00   0.00e+00   0.00e+00   
1.33352e+04  8.10e-19   9.94e-01   6.26e-03   4.00e-13   9.83e-10   4.41e-10   7.18e-20   1.17e-36   0.00e+00   0.00e+00   0.00e+00   
1.53993e+04  8.11e-19   9.94e-01   6.45e-03   3.32e-13   1.15e-09   4.61e-10   5.95e-20   1.81e-36   0.00e+00   0.00e+00   0.00e+00   
1.77828e+04  8.39e-19   9.93e-01   6.68e-03   2.75e-13   1.34e-09   4.81e-10   4.94e-20   2.96e-36   0.00e+00   0.00e+00   0.00e+00   
2.05353e+04  8.90e-19   9.93e-01   6.98e-03   2.29e-13   1.57e-09   5.01e-10   4.12e-20   5.18e-36   0.00e+00   0.00e+00   0.00e+00   
2.37137e+04  9.57e-19   9.93e-01   7.35e-03   1.94e-13   1.86e-09   5.26e-10   3.49e-20   9.90e-36   0.00e+00   0.00e+00   0.00e+00   
2.73842e+04  1.03e-18   9.92e-01   7.77e-03   1.66e-13   2.24e-09   5.57e-10   3.00e-20   2.08e-35   0.00e+00   0.00e+00   0.00e+00   
3.16228e+04  1.10e-18   9.92e-01   8.12e-03   1.44e-13   2.72e-09   5.95e-10   2.58e-20   4.77e-35   0.00e+00   0.00e+00   0.00e+00   
3.65174e+04  1.15e-18   9.92e-01   8.40e-03   1.27e-13   3.40e-09   6.47e-10   2.28e-20   1.23e-34   0.00e+00   0.00e+00   0.00e+00   
4.21697e+04  1.18e-18   9.91e-01   8.56e-03   1.13e-13   4.35e-09   7.13e-10   2.03e-20   3.53e-34   0.00e+00   0.00e+00   0.00e+00   
4.86968e+04  1.19e-18   9.92e-01   8.38e-03   1.00e-13   5.67e-09   7.90e-10   1.81e-20   1.14e-33   0.00e+00   0.00e+00   0.00e+00   
5.62341e+04  1.17e-18   9.92e-01   7.94e-03   9.07e-14   7.58e-09   8.81e-10   1.62e-20   4.13e-33   0.00e+00   0.00e+00   0.00e+00   
6.49382e+04  1.12e-18   9.93e-01   7.15e-03   8.20e-14   1.03e-08   9.93e-10   1.48e-20   1.67e-32   0.00e+00   0.00e+00   0.00e+00   
7.49894e+04  1.03e-18   9.94e-01   6.09e-03   7.53e-14   1.43e-08   1.12e-09   1.35e-20   7.55e-32   0.00e+00   0.00e+00   0.00e+00   
8.65964e+04  9.01e-19   9.95e-01   4.82e-03   7.01e-14   2.02e-08   1.25e-09   1.26e-20   3.64e-31   0.00e+00   0.00e+00   0.00e+00   
1.00000e+05  7.54e-19   9.96e-01   3.50e-03   6.58e-14   2.83e-08   1.38e-09   1.18e-20   1.75e-30   0.00e+00   0.00e+00   0.00e+00   
1.15478e+05  5.97e-19   9.98e-01   2.31e-03   6.23e-14   3.80e-08   1.48e-09   1.12e-20   7.52e-30   0.00e+00   0.00e+00   0.00e+00   
1.33352e+05  4.47e-19   9.99e-01   1.42e-03   5.98e-14   4.77e-08   1.49e-09   1.07e-20   2.40e-29   0.00e+00   0.00e+00   0.00e+00   
1.53993e+05  3.17e-19   9.99e-01   8.10e-04   5.77e-14   5.26e-08   1.40e-09   1.04e-20   4.70e-29   0.00e+00   0.00e+00   0.00e+00   
1.77828e+05  2.10e-19   1.00e+00   4.32e-04   5.62e-14   4.76e-08   1.19e-09   1.01e-20   4.65e-29   0.00e+00   0.00e+00   0.00e+00   
2.05353e+05  9.73e-20   1.00e+00   1.52e-04   5.48e-14   2.81e-08   7.60e-10   9.85e-21   1.21e-29   0.00e+00   0.00e+00   0.00e+00   
2.37137e+05  1.40e-20   1.00e+00   3.09e-05   5.31e-14   8.71e-09   2.44e-10   9.57e-21   4.51e-31   0.00e+00   0.00e+00   0.00e+00   
2.73842e+05  1.23e-20   1.00e+00   2.88e-05   5.26e-14   9.43e-09   2.50e-10   9.43e-21   6.50e-31   0.00e+00   0.00e+00   0.00e+00   
3.16228e+05  1.12e-20   1.00e+00   2.77e-05   5.22e-14   9.55e-09   2.52e-10   9.37e-21   7.17e-31   0.00e+00   0.00e+00   0.00e+00   
3.65174e+05  1.02e-20   1.00e+00   2.73e-05   5.21e-14   9.69e-09   2.56e-10   9.36e-21   7.64e-31   0.00e+00   0.00e+00   0.00e+00   
4.21697e+05  9.31e-21   1.00e+00   2.71e-05   5.18e-14   9.87e-09   2.62e-10   9.31e-21   8.17e-31   0.00e+00   0.00e+00   0.00e+00   
4.86968e+05  8.54e-21   1.00e+00   2.72e-05   5.15e-14   1.02e-08   2.70e-10   9.26e-21   8.91e-31   0.00e+00   0.00e+00   0.00e+00   
5.62341e+05  7.94e-21   1.00e+00   2.75e-05   5.13e-14   1.06e-08   2.83e-10   9.22e-21   9.95e-31   0.00e+00   0.00e+00   0.00e+00   
6.49382e+05  7.61e-21   1.00e+00   2.83e-05   5.10e-14   1.12e-08   2.98e-10   9.17e-21   1.14e-30   0.00e+00   0.00e+00   0.00e+00   
7.49894e+05  7.77e-21   1.00e+00   2.95e-05   5.08e-14   1.20e-08   3.20e-10   9.14e-21   1.39e-30   0.00e+00   0.00e+00   0.00e+00   
8.65964e+05  2.10e-19   9.99e-01   6.76e-04   5.33e-14   1.41e-07   2.14e-09   9.56e-21   1.62e-27   0.00e+00   0.00e+00   0.00e+00   
1.00000e+06  1.21e-19   1.00e+00   2.11e-04   5.38e-14   4.36e-08   1.00e-09   9.67e-21   4.97e-29   0.00e+00   0.00e+00   0.00e+00   
1.15478e+06  1.02e-20   1.00e+00   2.72e-05   5.19e-14   9.72e-09   2.57e-10   9.32e-21   7.83e-31   0.00e+00   0.00e+00   0.00e+00   
1.33352e+06  8.23e-21   1.00e+00   2.75e-05   5.12e-14   1.06e-08   2.83e-10   9.21e-21   1.01e-30   0.00e+00   0.00e+00   0.00e+00   
1.53993e+06  8.57e-21   1.00e+00   3.03e-05   5.06e-14   1.24e-08   3.30e-10   9.11e-21   1.58e-30   0.00e+00   0.00e+00   0.00e+00   
1.77828e+06  1.38e-20   1.00e+00   3.05e-05   5.25e-14   8.77e-09   2.46e-10   9.42e-21   4.59e-31   0.00e+00   0.00e+00   0.00e+00   
2.05353e+06  8.48e-21   1.00e+00   2.74e-05   5.12e-14   1.04e-08   2.78e-10   9.22e-21   9.75e-31   0.00e+00   0.00e+00   0.00e+00   
2.37137e+06  2.30e-19   9.99e-01   6.82e-04   5.39e-14   1.27e-07   2.03e-09   9.69e-21   1.14e-27   0.00e+00   0.00e+00   0.00e+00   
2.73842e+06  8.98e-21   1.00e+00   2.71e-05   5.13e-14   1.01e-08   2.69e-10   9.24e-21   9.00e-31   0.00e+00   0.00e+00   0.00e+00   
3.16228e+06  2.00e-19   1.00e+00   4.63e-04   5.45e-14   8.15e-08   1.54e-09   9.85e-21   2.99e-28   0.00e+00   0.00e+00   0.00e+00   
3.65174e+06  8.05e-21   1.00e+00   2.84e-05   5.09e-14   1.13e-08   3.02e-10   9.16e-21   1.21e-30   0.00e+00   0.00e+00   0.00e+00   
4.21697e+06  8.93e-21   1.00e+00   2.71e-05   5.14e-14   1.02e-08   2.71e-10   9.24e-21   9.08e-31   0.00e+00   0.00e+00   0.00e+00   
4.86968e+06  9.98e-21   1.00e+00   2.70e-05   5.17e-14   9.78e-09   2.60e-10   9.30e-21   8.09e-31   0.00e+00   0.00e+00   0.00e+00   
5.62341e+06  9.72e-21   1.00e+00   2.70e-05   5.15e-14   9.86e-09   2.61e-10   9.28e-21   8.28e-31   0.00e+00   0.00e+00   0.00e+00   
6.49382e+06  8.38e-21   1.00e+00   2.74e-05   5.11e-14   1.06e-08   2.82e-10   9.20e-21   1.01e-30   0.00e+00   0.00e+00   0.00e+00   
7.49894e+06  2.07e-19   9.99e-01   6.61e-04   5.31e-14   1.40e-07   2.11e-09   9.51e-21   1.61e-27   0.00e+00   0.00e+00   0.00e+00   
8.65964e+06  8.69e-21   1.00e+00   2.72e-05   5.12e-14   1.03e-08   2.75e-10   9.22e-21   9.45e-31   0.00e+00   0.00e+00   0.00e+00   
1.00000e+07  1.03e-20   1.00e+00   2.72e-05   5.19e-14   9.71e-09   2.58e-10   9.35e-21   7.88e-31   0.00e+00   0.00e+00   0.00e+00   
1.15478e+07  9.25e-21   1.00e+00   2.70e-05   5.15e-14   1.00e-08   2.66e-10   9.26e-21   8.70e-31   0.00e+00   0.00e+00   0.00e+00   
1.33352e+07  9.12e-21   1.00e+00   3.10e-05   5.07e-14   1.27e-08   3.38e-10   9.11e-21   1.70e-30   0.00e+00   0.00e+00   0.00e+00   
1.53993e+07  8.08e-21   1.00e+00   2.81e-05   5.10e-14   1.11e-08   2.96e-10   9.17e-21   1.14e-30   0.00e+00   0.00e+00   0.00e+00   
1.77828e+07  1.11e-19   1.00e+00   3.14e-04   5.12e-14   6.77e-08   1.20e-09   9.19e-21   1.89e-28   0.00e+00   0.00e+00   0.00e+00   
2.05353e+07  8.12e-21   1.00e+00   2.80e-05   5.10e-14   1.10e-08   2.92e-10   9.17e-21   1.11e-30   0.00e+00   0.00e+00   0.00e+00   
2.37137e+07  2.29e-19   9.99e-01   6.89e-04   5.37e-14   1.30e-07   2.06e-09   9.69e-21   1.22e-27   0.00e+00   0.00e+00   0.00e+00   
2.73842e+07  2.22e-19   9.99e-01   6.93e-04   5.36e-14   1.37e-07   2.11e-09   9.63e-21   1.45e-27   0.00e+00   0.00e+00   0.00e+00   
