! 0       *H + *H2CO -> *CH3O
! 1       *O + *CH3 -> *CH3O
! 2       CH3O + GRAIN -> *CH3O + GRAIN
! 3       *H + *CH3OH -> *CH3O + *H2
!            tot_rate   0          1          2          3          
1.00000e+00  3.33e-18   1.37e-08   1.00e+00   1.77e-08   2.21e-20   
1.15478e+00  4.33e-18   1.42e-08   1.00e+00   1.63e-08   1.77e-20   
1.33352e+00  5.55e-18   1.47e-08   1.00e+00   1.59e-08   1.44e-20   
1.53993e+00  7.08e-18   1.57e-08   1.00e+00   1.60e-08   1.21e-20   
1.77828e+00  9.00e-18   1.66e-08   1.00e+00   1.62e-08   1.04e-20   
2.05353e+00  1.14e-17   1.75e-08   1.00e+00   1.65e-08   9.39e-21   
2.37137e+00  1.44e-17   1.85e-08   1.00e+00   1.67e-08   8.96e-21   
2.73842e+00  1.82e-17   1.95e-08   1.00e+00   1.70e-08   9.23e-21   
3.16228e+00  2.28e-17   2.07e-08   1.00e+00   1.73e-08   1.04e-20   
3.65174e+00  2.85e-17   2.20e-08   1.00e+00   1.76e-08   1.25e-20   
4.21697e+00  3.55e-17   2.34e-08   1.00e+00   1.79e-08   1.60e-20   
4.86968e+00  4.39e-17   2.51e-08   1.00e+00   1.82e-08   2.16e-20   
5.62341e+00  5.41e-17   2.68e-08   1.00e+00   1.85e-08   2.99e-20   
6.49382e+00  6.63e-17   2.87e-08   1.00e+00   1.89e-08   4.22e-20   
7.49894e+00  8.08e-17   3.09e-08   1.00e+00   1.93e-08   6.03e-20   
8.65964e+00  9.81e-17   3.31e-08   1.00e+00   1.97e-08   8.60e-20   
1.00000e+01  1.18e-16   3.55e-08   1.00e+00   2.03e-08   1.23e-19   
1.15478e+01  1.42e-16   3.77e-08   1.00e+00   2.08e-08   1.72e-19   
1.33352e+01  1.69e-16   4.02e-08   1.00e+00   2.14e-08   2.41e-19   
1.53993e+01  2.01e-16   4.28e-08   1.00e+00   2.20e-08   3.35e-19   
1.77828e+01  2.36e-16   4.62e-08   1.00e+00   2.30e-08   4.70e-19   
2.05353e+01  2.78e-16   4.96e-08   1.00e+00   2.39e-08   6.55e-19   
2.37137e+01  3.27e-16   5.41e-08   1.00e+00   2.51e-08   9.17e-19   
2.73842e+01  3.86e-16   5.91e-08   1.00e+00   2.64e-08   1.29e-18   
3.16228e+01  4.58e-16   6.51e-08   1.00e+00   2.79e-08   1.82e-18   
3.65174e+01  5.48e-16   7.21e-08   1.00e+00   2.99e-08   2.57e-18   
4.21697e+01  6.62e-16   8.07e-08   1.00e+00   3.23e-08   3.67e-18   
4.86968e+01  8.13e-16   9.11e-08   1.00e+00   3.51e-08   5.29e-18   
5.62341e+01  1.02e-15   1.05e-07   1.00e+00   3.83e-08   7.76e-18   
6.49382e+01  1.30e-15   1.25e-07   1.00e+00   4.28e-08   1.19e-17   
7.49894e+01  1.70e-15   1.61e-07   1.00e+00   4.81e-08   1.98e-17   
8.65964e+01  2.18e-15   2.53e-07   1.00e+00   5.50e-08   4.08e-17   
1.00000e+02  1.86e-15   1.17e-06   1.00e+00   6.56e-08   2.48e-16   
1.15478e+02  1.50e-17   4.89e-01   5.11e-01   7.53e-08   1.11e-10   
1.33352e+02  1.63e-17   6.26e-01   3.74e-01   9.02e-08   1.41e-10   
1.53993e+02  1.90e-17   7.74e-01   2.26e-01   1.10e-07   1.74e-10   
1.77828e+02  2.58e-17   9.08e-01   9.23e-02   1.36e-07   2.03e-10   
2.05353e+02  4.49e-17   9.81e-01   1.93e-02   1.71e-07   2.19e-10   
2.37137e+02  8.24e-17   9.96e-01   3.56e-03   2.21e-07   2.22e-10   
2.73842e+02  1.34e-16   9.99e-01   9.32e-04   2.89e-07   2.22e-10   
3.16228e+02  2.10e-16   1.00e+00   2.76e-04   3.79e-07   2.21e-10   
3.65174e+02  3.37e-16   1.00e+00   8.13e-05   4.98e-07   2.14e-10   
4.21697e+02  5.79e-16   1.00e+00   2.23e-05   6.49e-07   1.97e-10   
4.86968e+02  1.10e-15   1.00e+00   5.37e-06   8.37e-07   1.75e-10   
5.62341e+02  2.30e-15   1.00e+00   1.12e-06   1.07e-06   1.60e-10   
6.49382e+02  5.31e-15   1.00e+00   1.83e-07   1.34e-06   1.72e-10   
7.49894e+02  1.47e-14   1.00e+00   1.67e-08   1.61e-06   2.47e-10   
8.65964e+02  9.65e-14   1.00e+00   1.11e-10   1.75e-06   6.20e-10   
1.00000e+03  3.26e-13   1.00e+00   4.88e-12   2.40e-06   3.03e-09   
1.15478e+03  4.55e-13   1.00e+00   3.05e-12   2.81e-06   5.85e-09   
1.33352e+03  6.33e-13   1.00e+00   1.93e-12   3.38e-06   8.70e-09   
1.53993e+03  8.72e-13   1.00e+00   1.24e-12   4.24e-06   1.17e-08   
1.77828e+03  1.19e-12   1.00e+00   7.76e-13   5.82e-06   1.49e-08   
2.05353e+03  1.59e-12   1.00e+00   4.42e-13   8.62e-06   1.84e-08   
2.37137e+03  2.08e-12   1.00e+00   1.98e-13   1.16e-05   2.21e-08   
2.73842e+03  2.59e-12   1.00e+00   8.80e-14   1.34e-05   2.63e-08   
3.16228e+03  3.11e-12   1.00e+00   5.88e-14   1.42e-05   3.10e-08   
3.65174e+03  3.66e-12   1.00e+00   4.75e-14   1.46e-05   3.69e-08   
4.21697e+03  4.23e-12   1.00e+00   4.02e-14   1.48e-05   4.37e-08   
4.86968e+03  4.83e-12   1.00e+00   3.50e-14   1.48e-05   5.22e-08   
5.62341e+03  5.44e-12   1.00e+00   3.09e-14   1.47e-05   6.23e-08   
6.49382e+03  6.05e-12   1.00e+00   2.79e-14   1.44e-05   7.49e-08   
7.49894e+03  6.64e-12   1.00e+00   2.56e-14   1.40e-05   9.04e-08   
8.65964e+03  7.19e-12   1.00e+00   2.38e-14   1.37e-05   1.10e-07   
1.00000e+04  7.66e-12   1.00e+00   2.23e-14   1.33e-05   1.34e-07   
1.15478e+04  8.03e-12   1.00e+00   2.09e-14   1.30e-05   1.64e-07   
1.33352e+04  8.26e-12   1.00e+00   1.96e-14   1.26e-05   2.03e-07   
1.53993e+04  8.32e-12   1.00e+00   1.86e-14   1.23e-05   2.51e-07   
1.77828e+04  8.20e-12   1.00e+00   1.80e-14   1.20e-05   3.09e-07   
2.05353e+04  7.92e-12   1.00e+00   1.78e-14   1.18e-05   3.72e-07   
2.37137e+04  7.51e-12   1.00e+00   1.80e-14   1.17e-05   4.39e-07   
2.73842e+04  7.02e-12   1.00e+00   1.88e-14   1.15e-05   5.04e-07   
3.16228e+04  6.46e-12   1.00e+00   2.01e-14   1.13e-05   5.65e-07   
3.65174e+04  5.84e-12   1.00e+00   2.19e-14   1.11e-05   6.22e-07   
4.21697e+04  5.17e-12   1.00e+00   2.46e-14   1.08e-05   6.73e-07   
4.86968e+04  4.48e-12   1.00e+00   2.81e-14   1.04e-05   7.21e-07   
5.62341e+04  3.77e-12   1.00e+00   3.26e-14   1.00e-05   7.67e-07   
6.49382e+04  3.07e-12   1.00e+00   3.91e-14   9.58e-06   8.08e-07   
7.49894e+04  2.41e-12   1.00e+00   4.85e-14   9.00e-06   8.46e-07   
8.65964e+04  1.82e-12   1.00e+00   6.21e-14   8.41e-06   8.79e-07   
1.00000e+05  1.31e-12   1.00e+00   8.32e-14   7.86e-06   9.16e-07   
1.15478e+05  9.11e-13   1.00e+00   1.15e-13   7.22e-06   9.30e-07   
1.33352e+05  6.20e-13   1.00e+00   1.65e-13   6.68e-06   9.31e-07   
1.53993e+05  4.23e-13   1.00e+00   2.39e-13   6.22e-06   9.15e-07   
1.77828e+05  2.94e-13   1.00e+00   3.54e-13   5.85e-06   8.95e-07   
2.05353e+05  1.90e-13   1.00e+00   5.95e-13   5.42e-06   9.26e-07   
2.37137e+05  9.56e-14   1.00e+00   1.36e-12   4.60e-06   8.92e-07   
2.73842e+05  8.86e-14   1.00e+00   1.64e-12   4.56e-06   8.06e-07   
3.16228e+05  8.83e-14   1.00e+00   1.79e-12   4.51e-06   7.96e-07   
3.65174e+05  8.90e-14   1.00e+00   1.92e-12   4.46e-06   7.94e-07   
4.21697e+05  8.97e-14   1.00e+00   2.05e-12   4.43e-06   7.94e-07   
4.86968e+05  9.04e-14   1.00e+00   2.18e-12   4.39e-06   7.94e-07   
5.62341e+05  9.11e-14   1.00e+00   2.31e-12   4.37e-06   7.94e-07   
6.49382e+05  9.20e-14   1.00e+00   2.41e-12   4.36e-06   7.92e-07   
7.49894e+05  9.33e-14   1.00e+00   2.50e-12   4.37e-06   7.91e-07   
8.65964e+05  2.37e-13   1.00e+00   8.40e-13   5.74e-06   7.05e-07   
1.00000e+06  1.89e-13   1.00e+00   6.72e-13   5.50e-06   8.31e-07   
1.15478e+06  8.96e-14   1.00e+00   1.96e-12   4.45e-06   7.95e-07   
1.33352e+06  9.15e-14   1.00e+00   2.31e-12   4.37e-06   7.93e-07   
1.53993e+06  9.43e-14   1.00e+00   2.50e-12   4.40e-06   7.91e-07   
1.77828e+06  1.01e-13   1.00e+00   1.37e-12   4.55e-06   9.60e-07   
2.05353e+06  9.13e-14   1.00e+00   2.27e-12   4.38e-06   7.93e-07   
2.37137e+06  2.55e-13   1.00e+00   6.71e-13   5.80e-06   7.57e-07   
2.73842e+06  9.08e-14   1.00e+00   2.18e-12   4.39e-06   7.94e-07   
3.16228e+06  2.42e-13   1.00e+00   5.54e-13   5.74e-06   7.93e-07   
3.65174e+06  9.27e-14   1.00e+00   2.43e-12   4.37e-06   7.92e-07   
4.21697e+06  9.09e-14   1.00e+00   2.19e-12   4.39e-06   7.93e-07   
4.86968e+06  8.99e-14   1.00e+00   2.02e-12   4.44e-06   7.95e-07   
5.62341e+06  9.02e-14   1.00e+00   2.06e-12   4.42e-06   7.94e-07   
6.49382e+06  9.16e-14   1.00e+00   2.30e-12   4.38e-06   7.93e-07   
7.49894e+06  2.33e-13   1.00e+00   8.67e-13   5.71e-06   6.95e-07   
8.65964e+06  9.11e-14   1.00e+00   2.24e-12   4.39e-06   7.94e-07   
1.00000e+07  8.97e-14   1.00e+00   1.96e-12   4.45e-06   7.95e-07   
1.15478e+07  9.05e-14   1.00e+00   2.13e-12   4.41e-06   7.94e-07   
1.33352e+07  9.49e-14   1.00e+00   2.50e-12   4.42e-06   7.90e-07   
1.53993e+07  9.23e-14   1.00e+00   2.39e-12   4.37e-06   7.93e-07   
1.77828e+07  1.53e-13   1.00e+00   1.49e-12   5.67e-06   5.56e-07   
2.05353e+07  9.22e-14   1.00e+00   2.38e-12   4.36e-06   7.92e-07   
2.37137e+07  2.54e-13   1.00e+00   6.85e-13   5.79e-06   7.48e-07   
2.73842e+07  2.47e-13   1.00e+00   7.53e-13   5.79e-06   7.33e-07   
