! 0       *O + *C2 -> *C2O
! 1       C2O + GRAIN -> *C2O + GRAIN
!            tot_rate   0          1          
1.00000e+00  7.46e-17   1.00e+00   5.70e-05   
1.15478e+00  1.20e-16   1.00e+00   4.40e-05   
1.33352e+00  1.89e-16   1.00e+00   3.45e-05   
1.53993e+00  2.89e-16   1.00e+00   2.78e-05   
1.77828e+00  4.27e-16   1.00e+00   2.31e-05   
2.05353e+00  6.09e-16   1.00e+00   1.99e-05   
2.37137e+00  8.37e-16   1.00e+00   1.77e-05   
2.73842e+00  1.11e-15   1.00e+00   1.63e-05   
3.16228e+00  1.43e-15   1.00e+00   1.55e-05   
3.65174e+00  1.79e-15   1.00e+00   1.51e-05   
4.21697e+00  2.21e-15   1.00e+00   1.50e-05   
4.86968e+00  2.67e-15   1.00e+00   1.52e-05   
5.62341e+00  3.18e-15   1.00e+00   1.56e-05   
6.49382e+00  3.73e-15   1.00e+00   1.62e-05   
7.49894e+00  4.31e-15   1.00e+00   1.69e-05   
8.65964e+00  4.90e-15   1.00e+00   1.80e-05   
1.00000e+01  5.50e-15   1.00e+00   1.93e-05   
1.15478e+01  6.08e-15   1.00e+00   2.09e-05   
1.33352e+01  6.62e-15   1.00e+00   2.30e-05   
1.53993e+01  7.10e-15   1.00e+00   2.56e-05   
1.77828e+01  7.52e-15   1.00e+00   2.90e-05   
2.05353e+01  7.86e-15   1.00e+00   3.35e-05   
2.37137e+01  8.12e-15   1.00e+00   3.92e-05   
2.73842e+01  8.33e-15   1.00e+00   4.65e-05   
3.16228e+01  8.47e-15   1.00e+00   5.58e-05   
3.65174e+01  8.58e-15   1.00e+00   6.78e-05   
4.21697e+01  8.67e-15   1.00e+00   8.30e-05   
4.86968e+01  8.73e-15   1.00e+00   1.03e-04   
5.62341e+01  8.77e-15   1.00e+00   1.28e-04   
6.49382e+01  8.78e-15   1.00e+00   1.59e-04   
7.49894e+01  8.73e-15   1.00e+00   2.02e-04   
8.65964e+01  8.57e-15   1.00e+00   2.57e-04   
1.00000e+02  7.38e-15   1.00e+00   3.72e-04   
1.15478e+02  3.51e-18   3.02e-02   9.70e-01   
1.33352e+02  4.19e-18   1.40e-02   9.86e-01   
1.53993e+02  4.95e-18   5.18e-03   9.95e-01   
1.77828e+02  5.68e-18   1.26e-03   9.99e-01   
2.05353e+02  6.28e-18   1.53e-04   1.00e+00   
2.37137e+02  6.67e-18   1.98e-05   1.00e+00   
2.73842e+02  6.83e-18   4.58e-06   1.00e+00   
3.16228e+02  6.81e-18   1.41e-06   1.00e+00   
3.65174e+02  6.70e-18   4.96e-07   1.00e+00   
4.21697e+02  6.57e-18   1.90e-07   1.00e+00   
4.86968e+02  6.45e-18   7.75e-08   1.00e+00   
5.62341e+02  6.31e-18   3.19e-08   1.00e+00   
6.49382e+02  6.11e-18   1.20e-08   1.00e+00   
7.49894e+02  5.82e-18   3.16e-09   1.00e+00   
8.65964e+02  5.51e-18   1.48e-10   1.00e+00   
1.00000e+03  5.45e-18   2.29e-11   1.00e+00   
1.15478e+03  5.10e-18   2.22e-11   1.00e+00   
1.33352e+03  4.86e-18   2.20e-11   1.00e+00   
1.53993e+03  4.85e-18   2.25e-11   1.00e+00   
1.77828e+03  5.31e-18   2.22e-11   1.00e+00   
2.05353e+03  6.33e-18   2.05e-11   1.00e+00   
2.37137e+03  5.17e-18   2.36e-11   1.00e+00   
2.73842e+03  2.62e-18   3.66e-11   1.00e+00   
3.16228e+03  2.11e-18   3.68e-11   1.00e+00   
3.65174e+03  2.21e-18   3.18e-11   1.00e+00   
4.21697e+03  2.38e-18   2.80e-11   1.00e+00   
4.86968e+03  2.54e-18   2.51e-11   1.00e+00   
5.62341e+03  2.66e-18   2.29e-11   1.00e+00   
6.49382e+03  2.74e-18   2.11e-11   1.00e+00   
7.49894e+03  2.77e-18   1.96e-11   1.00e+00   
8.65964e+03  2.78e-18   1.83e-11   1.00e+00   
1.00000e+04  2.80e-18   1.69e-11   1.00e+00   
1.15478e+04  2.84e-18   1.56e-11   1.00e+00   
1.33352e+04  2.93e-18   1.42e-11   1.00e+00   
1.53993e+04  3.07e-18   1.30e-11   1.00e+00   
1.77828e+04  3.30e-18   1.18e-11   1.00e+00   
2.05353e+04  3.61e-18   1.09e-11   1.00e+00   
2.37137e+04  4.03e-18   1.02e-11   1.00e+00   
2.73842e+04  4.53e-18   9.76e-12   1.00e+00   
3.16228e+04  5.09e-18   9.57e-12   1.00e+00   
3.65174e+04  5.66e-18   9.68e-12   1.00e+00   
4.21697e+04  6.22e-18   1.01e-11   1.00e+00   
4.86968e+04  6.70e-18   1.08e-11   1.00e+00   
5.62341e+04  7.04e-18   1.19e-11   1.00e+00   
6.49382e+04  7.15e-18   1.35e-11   1.00e+00   
7.49894e+04  6.97e-18   1.58e-11   1.00e+00   
8.65964e+04  6.43e-18   1.91e-11   1.00e+00   
1.00000e+05  5.55e-18   2.41e-11   1.00e+00   
1.15478e+05  4.46e-18   3.14e-11   1.00e+00   
1.33352e+05  3.32e-18   4.16e-11   1.00e+00   
1.53993e+05  2.30e-18   5.39e-11   1.00e+00   
1.77828e+05  1.48e-18   6.53e-11   1.00e+00   
2.05353e+05  6.61e-19   6.93e-11   1.00e+00   
2.37137e+05  7.05e-20   3.86e-11   1.00e+00   
2.73842e+05  6.78e-20   4.00e-11   1.00e+00   
3.16228e+05  7.06e-20   4.14e-11   1.00e+00   
3.65174e+05  7.45e-20   4.30e-11   1.00e+00   
4.21697e+05  7.90e-20   4.49e-11   1.00e+00   
4.86968e+05  8.42e-20   4.73e-11   1.00e+00   
5.62341e+05  9.04e-20   5.02e-11   1.00e+00   
6.49382e+05  9.85e-20   5.36e-11   1.00e+00   
7.49894e+05  1.11e-19   5.86e-11   1.00e+00   
8.65964e+05  2.18e-18   7.48e-11   1.00e+00   
1.00000e+06  9.06e-19   7.40e-11   1.00e+00   
1.15478e+06  7.72e-20   4.38e-11   1.00e+00   
1.33352e+06  9.22e-20   5.08e-11   1.00e+00   
1.53993e+06  1.21e-19   6.15e-11   1.00e+00   
1.77828e+06  7.74e-20   3.84e-11   1.00e+00   
2.05353e+06  9.04e-20   4.99e-11   1.00e+00   
2.37137e+06  2.26e-18   7.08e-11   1.00e+00   
2.73842e+06  8.59e-20   4.77e-11   1.00e+00   
3.16228e+06  1.69e-18   7.16e-11   1.00e+00   
3.65174e+06  1.03e-19   5.53e-11   1.00e+00   
4.21697e+06  8.64e-20   4.80e-11   1.00e+00   
4.86968e+06  7.95e-20   4.48e-11   1.00e+00   
5.62341e+06  8.09e-20   4.55e-11   1.00e+00   
6.49382e+06  9.25e-20   5.08e-11   1.00e+00   
7.49894e+06  2.14e-18   7.52e-11   1.00e+00   
8.65964e+06  8.87e-20   4.90e-11   1.00e+00   
1.00000e+07  7.77e-20   4.39e-11   1.00e+00   
1.15478e+07  8.39e-20   4.68e-11   1.00e+00   
1.33352e+07  1.28e-19   6.30e-11   1.00e+00   
1.53993e+07  9.99e-20   5.39e-11   1.00e+00   
1.77828e+07  1.20e-18   9.25e-11   1.00e+00   
2.05353e+07  9.81e-20   5.31e-11   1.00e+00   
2.37137e+07  2.26e-18   7.12e-11   1.00e+00   
2.73842e+07  2.25e-18   7.24e-11   1.00e+00   
