! 0       O2 + GRAIN -> *O2 + GRAIN
! 1       *H + *SO2 -> *O2 + *HS
! 2       *O + *O -> *O2
! 3       *N + *O2H -> *O2 + *NH
! 4       *O2H + CRPhoton -> *O2 + *H
! 5       *O + *O2H -> *O2 + *OH
! 6       *O2H + ISPhoton -> *O2 + *H
!            tot_rate   0          1          2          3          4          5          6          
1.00000e+00  1.74e-19   8.21e-01   1.08e-09   1.79e-01   1.03e-04   3.95e-09   1.52e-10   7.23e-18   
1.15478e+00  2.18e-19   8.10e-01   1.60e-09   1.90e-01   1.28e-04   5.63e-09   2.50e-10   1.03e-17   
1.33352e+00  2.72e-19   7.98e-01   2.34e-09   2.02e-01   1.60e-04   8.09e-09   4.15e-10   1.48e-17   
1.53993e+00  3.37e-19   7.83e-01   3.50e-09   2.16e-01   2.00e-04   1.17e-08   6.91e-10   2.14e-17   
1.77828e+00  4.18e-19   7.68e-01   5.15e-09   2.31e-01   2.51e-04   1.69e-08   1.15e-09   3.09e-17   
2.05353e+00  5.14e-19   7.51e-01   7.62e-09   2.49e-01   3.17e-04   2.45e-08   1.92e-09   4.49e-17   
2.37137e+00  6.30e-19   7.31e-01   1.13e-08   2.68e-01   4.03e-04   3.59e-08   3.22e-09   6.55e-17   
2.73842e+00  7.71e-19   7.09e-01   1.69e-08   2.90e-01   5.12e-04   5.24e-08   5.42e-09   9.58e-17   
3.16228e+00  9.39e-19   6.85e-01   2.50e-08   3.14e-01   6.54e-04   7.69e-08   9.12e-09   1.41e-16   
3.65174e+00  1.14e-18   6.58e-01   3.75e-08   3.42e-01   8.38e-04   1.12e-07   1.54e-08   2.06e-16   
4.21697e+00  1.38e-18   6.29e-01   5.63e-08   3.70e-01   1.07e-03   1.66e-07   2.58e-08   3.02e-16   
4.86968e+00  1.66e-18   5.97e-01   8.48e-08   4.02e-01   1.37e-03   2.42e-07   4.32e-08   4.42e-16   
5.62341e+00  2.01e-18   5.63e-01   1.28e-07   4.35e-01   1.75e-03   3.52e-07   7.18e-08   6.43e-16   
6.49382e+00  2.41e-18   5.28e-01   1.93e-07   4.70e-01   2.22e-03   5.11e-07   1.19e-07   9.35e-16   
7.49894e+00  2.91e-18   4.92e-01   2.90e-07   5.05e-01   2.79e-03   7.29e-07   1.93e-07   1.33e-15   
8.65964e+00  3.48e-18   4.57e-01   4.37e-07   5.40e-01   3.50e-03   1.04e-06   3.10e-07   1.89e-15   
1.00000e+01  4.19e-18   4.23e-01   6.45e-07   5.73e-01   4.32e-03   1.45e-06   4.92e-07   2.65e-15   
1.15478e+01  5.05e-18   3.90e-01   9.43e-07   6.04e-01   5.31e-03   2.00e-06   7.65e-07   3.67e-15   
1.33352e+01  6.06e-18   3.61e-01   1.37e-06   6.32e-01   6.50e-03   2.76e-06   1.18e-06   5.03e-15   
1.53993e+01  7.25e-18   3.35e-01   1.99e-06   6.57e-01   7.96e-03   3.78e-06   1.81e-06   6.90e-15   
1.77828e+01  8.67e-18   3.14e-01   2.85e-06   6.77e-01   9.74e-03   5.14e-06   2.72e-06   9.38e-15   
2.05353e+01  1.03e-17   2.97e-01   4.11e-06   6.91e-01   1.19e-02   6.96e-06   4.07e-06   1.27e-14   
2.37137e+01  1.22e-17   2.87e-01   5.89e-06   6.99e-01   1.47e-02   9.36e-06   5.96e-06   1.71e-14   
2.73842e+01  1.42e-17   2.82e-01   8.49e-06   7.00e-01   1.80e-02   1.24e-05   8.56e-06   2.27e-14   
3.16228e+01  1.65e-17   2.86e-01   1.22e-05   6.92e-01   2.21e-02   1.63e-05   1.21e-05   2.98e-14   
3.65174e+01  1.87e-17   3.00e-01   1.76e-05   6.73e-01   2.70e-02   2.10e-05   1.64e-05   3.84e-14   
4.21697e+01  2.10e-17   3.25e-01   2.54e-05   6.42e-01   3.26e-02   2.63e-05   2.11e-05   4.80e-14   
4.86968e+01  2.30e-17   3.70e-01   3.69e-05   5.91e-01   3.89e-02   3.17e-05   2.57e-05   5.78e-14   
5.62341e+01  2.47e-17   4.37e-01   5.30e-05   5.18e-01   4.49e-02   3.57e-05   2.80e-05   6.51e-14   
6.49382e+01  2.62e-17   5.39e-01   7.49e-05   4.12e-01   4.89e-02   3.58e-05   2.58e-05   6.53e-14   
7.49894e+01  2.77e-17   6.82e-01   9.96e-05   2.72e-01   4.65e-02   2.87e-05   1.73e-05   5.23e-14   
8.65964e+01  3.07e-17   8.52e-01   1.10e-04   1.16e-01   3.17e-02   1.36e-05   5.63e-06   2.48e-14   
1.00000e+02  3.79e-17   9.83e-01   6.25e-05   1.06e-02   6.27e-03   9.12e-07   1.27e-07   1.67e-15   
1.15478e+02  5.49e-17   1.00e+00   5.92e-09   5.01e-10   2.11e-05   3.28e-12   1.20e-16   5.99e-21   
1.33352e+02  8.38e-17   1.00e+00   5.69e-09   1.92e-10   1.40e-05   2.52e-12   7.05e-17   4.61e-21   
1.53993e+02  1.33e-16   1.00e+00   5.68e-09   6.52e-11   9.25e-06   2.08e-12   4.29e-17   3.80e-21   
1.77828e+02  2.18e-16   1.00e+00   5.96e-09   1.76e-11   6.51e-06   2.05e-12   2.82e-17   3.74e-21   
2.05353e+02  3.69e-16   1.00e+00   6.69e-09   3.22e-12   5.09e-06   2.76e-12   2.11e-17   5.04e-21   
2.37137e+02  6.35e-16   1.00e+00   8.28e-09   5.84e-13   4.60e-06   4.36e-12   1.87e-17   7.95e-21   
2.73842e+02  1.10e-15   1.00e+00   1.09e-08   1.36e-13   4.42e-06   6.47e-12   1.77e-17   1.18e-20   
3.16228e+02  1.91e-15   1.00e+00   1.53e-08   3.51e-14   4.25e-06   9.16e-12   1.69e-17   1.68e-20   
3.65174e+02  3.23e-15   1.00e+00   2.28e-08   9.50e-15   4.09e-06   1.28e-11   1.60e-17   2.33e-20   
4.21697e+02  5.34e-15   1.00e+00   3.50e-08   2.64e-15   3.78e-06   1.72e-11   1.47e-17   3.15e-20   
4.86968e+02  8.48e-15   1.00e+00   5.44e-08   7.59e-16   3.28e-06   2.19e-11   1.27e-17   4.01e-20   
5.62341e+02  1.29e-14   1.00e+00   8.22e-08   2.18e-16   2.49e-06   2.50e-11   9.61e-18   4.57e-20   
6.49382e+02  1.86e-14   1.00e+00   1.19e-07   5.75e-17   1.46e-06   2.37e-11   5.65e-18   4.32e-20   
7.49894e+02  2.56e-14   1.00e+00   1.64e-07   1.07e-17   4.92e-07   1.55e-11   1.90e-18   2.84e-20   
8.65964e+02  3.36e-14   1.00e+00   2.14e-07   3.69e-19   2.41e-08   3.57e-12   9.35e-20   6.52e-21   
1.00000e+03  4.25e-14   1.00e+00   2.68e-07   4.52e-20   3.55e-09   1.32e-12   1.39e-20   2.42e-21   
1.15478e+03  5.27e-14   1.00e+00   3.38e-07   3.34e-20   3.21e-09   1.24e-12   1.26e-20   2.26e-21   
1.33352e+03  6.58e-14   1.00e+00   4.45e-07   2.49e-20   2.98e-09   1.17e-12   1.18e-20   2.14e-21   
1.53993e+03  8.56e-14   1.00e+00   6.48e-07   1.82e-20   2.84e-09   1.12e-12   1.13e-20   2.06e-21   
1.77828e+03  1.22e-13   1.00e+00   1.14e-06   1.23e-20   2.75e-09   1.09e-12   1.10e-20   2.00e-21   
2.05353e+03  1.97e-13   1.00e+00   2.47e-06   7.21e-21   2.74e-09   1.09e-12   1.09e-20   1.98e-21   
2.37137e+03  3.55e-13   1.00e+00   5.49e-06   3.69e-21   2.74e-09   1.10e-12   1.09e-20   2.01e-21   
2.73842e+03  6.40e-13   1.00e+00   1.02e-05   1.89e-21   2.73e-09   1.15e-12   1.11e-20   2.09e-21   
3.16228e+03  9.70e-13   1.00e+00   1.42e-05   1.14e-21   2.55e-09   1.20e-12   1.12e-20   2.19e-21   
3.65174e+03  1.23e-12   1.00e+00   1.66e-05   8.21e-22   2.20e-09   1.23e-12   1.11e-20   2.24e-21   
4.21697e+03  1.40e-12   1.00e+00   1.86e-05   6.57e-22   1.79e-09   1.24e-12   1.08e-20   2.26e-21   
4.86968e+03  1.48e-12   1.00e+00   2.05e-05   5.64e-22   1.45e-09   1.24e-12   1.04e-20   2.27e-21   
5.62341e+03  1.50e-12   1.00e+00   2.23e-05   5.03e-22   1.17e-09   1.22e-12   9.80e-21   2.23e-21   
6.49382e+03  1.47e-12   1.00e+00   2.35e-05   4.63e-22   9.73e-10   1.19e-12   9.12e-21   2.18e-21   
7.49894e+03  1.39e-12   1.00e+00   2.45e-05   4.37e-22   8.42e-10   1.15e-12   8.35e-21   2.11e-21   
8.65964e+03  1.29e-12   1.00e+00   2.51e-05   4.16e-22   7.38e-10   1.09e-12   7.50e-21   2.01e-21   
1.00000e+04  1.18e-12   1.00e+00   2.55e-05   3.95e-22   6.46e-10   1.03e-12   6.59e-21   1.89e-21   
1.15478e+04  1.07e-12   1.00e+00   2.59e-05   3.71e-22   5.58e-10   9.53e-13   5.64e-21   1.76e-21   
1.33352e+04  9.56e-13   1.00e+00   2.67e-05   3.46e-22   4.77e-10   8.85e-13   4.79e-21   1.62e-21   
1.53993e+04  8.57e-13   1.00e+00   2.79e-05   3.19e-22   3.99e-10   8.12e-13   4.00e-21   1.49e-21   
1.77828e+04  7.74e-13   1.00e+00   2.98e-05   2.92e-22   3.29e-10   7.44e-13   3.33e-21   1.37e-21   
2.05353e+04  7.04e-13   1.00e+00   3.28e-05   2.67e-22   2.71e-10   6.87e-13   2.83e-21   1.26e-21   
2.37137e+04  6.42e-13   1.00e+00   3.69e-05   2.51e-22   2.24e-10   6.40e-13   2.45e-21   1.18e-21   
2.73842e+04  5.82e-13   1.00e+00   4.19e-05   2.42e-22   1.87e-10   6.01e-13   2.15e-21   1.10e-21   
3.16228e+04  5.17e-13   1.00e+00   4.82e-05   2.46e-22   1.58e-10   5.69e-13   1.93e-21   1.04e-21   
3.65174e+04  4.47e-13   1.00e+00   5.53e-05   2.59e-22   1.35e-10   5.41e-13   1.78e-21   9.95e-22   
4.21697e+04  3.75e-13   1.00e+00   6.32e-05   2.91e-22   1.15e-10   5.17e-13   1.66e-21   9.52e-22   
4.86968e+04  3.04e-13   1.00e+00   7.20e-05   3.42e-22   9.93e-11   4.97e-13   1.56e-21   9.11e-22   
5.62341e+04  2.38e-13   1.00e+00   8.11e-05   4.20e-22   8.57e-11   4.75e-13   1.48e-21   8.74e-22   
6.49382e+04  1.78e-13   1.00e+00   8.99e-05   5.48e-22   7.42e-11   4.58e-13   1.43e-21   8.43e-22   
7.49894e+04  1.27e-13   1.00e+00   9.61e-05   7.57e-22   6.46e-11   4.40e-13   1.38e-21   8.11e-22   
8.65964e+04  8.50e-14   1.00e+00   9.90e-05   1.13e-21   5.68e-11   4.25e-13   1.35e-21   7.81e-22   
1.00000e+05  5.28e-14   1.00e+00   9.54e-05   1.83e-21   5.04e-11   4.13e-13   1.34e-21   7.58e-22   
1.15478e+05  3.03e-14   1.00e+00   8.35e-05   3.22e-21   4.49e-11   3.99e-13   1.34e-21   7.36e-22   
1.33352e+05  1.62e-14   1.00e+00   6.48e-05   6.10e-21   3.96e-11   3.93e-13   1.34e-21   7.22e-22   
1.53993e+05  8.35e-15   1.00e+00   4.31e-05   1.20e-20   3.44e-11   3.87e-13   1.35e-21   7.11e-22   
1.77828e+05  4.25e-15   1.00e+00   2.28e-05   2.35e-20   2.94e-11   3.81e-13   1.34e-21   7.01e-22   
2.05353e+05  1.60e-15   1.00e+00   5.52e-06   6.21e-20   2.50e-11   3.78e-13   1.32e-21   6.94e-22   
2.37137e+05  3.26e-16   1.00e+00   2.69e-07   2.92e-19   2.09e-11   3.71e-13   1.26e-21   6.84e-22   
2.73842e+05  2.86e-16   1.00e+00   2.61e-07   3.35e-19   1.83e-11   3.71e-13   1.27e-21   6.85e-22   
3.16228e+05  2.68e-16   1.00e+00   2.53e-07   3.59e-19   1.66e-11   3.72e-13   1.27e-21   6.87e-22   
3.65174e+05  2.56e-16   1.00e+00   2.49e-07   3.76e-19   1.56e-11   3.73e-13   1.27e-21   6.87e-22   
4.21697e+05  2.47e-16   1.00e+00   2.48e-07   3.90e-19   1.50e-11   3.74e-13   1.28e-21   6.88e-22   
4.86968e+05  2.40e-16   1.00e+00   2.52e-07   4.02e-19   1.47e-11   3.74e-13   1.28e-21   6.87e-22   
5.62341e+05  2.35e-16   1.00e+00   2.60e-07   4.12e-19   1.47e-11   3.75e-13   1.28e-21   6.89e-22   
6.49382e+05  2.34e-16   1.00e+00   2.76e-07   4.15e-19   1.46e-11   3.74e-13   1.28e-21   6.88e-22   
7.49894e+05  2.39e-16   1.00e+00   3.11e-07   4.07e-19   1.46e-11   3.74e-13   1.28e-21   6.90e-22   
8.65964e+05  3.73e-15   1.00e+00   5.74e-05   2.87e-20   1.37e-11   3.83e-13   1.44e-21   7.05e-22   
1.00000e+06  1.88e-15   1.00e+00   7.13e-06   5.37e-20   1.47e-11   3.77e-13   1.35e-21   6.91e-22   
1.15478e+06  2.54e-16   1.00e+00   1.85e-07   3.80e-19   1.46e-11   3.73e-13   1.28e-21   6.85e-22   
1.33352e+06  2.37e-16   1.00e+00   2.12e-07   4.08e-19   1.46e-11   3.73e-13   1.28e-21   6.88e-22   
1.53993e+06  2.48e-16   1.00e+00   2.95e-07   3.93e-19   1.46e-11   3.75e-13   1.29e-21   6.90e-22   
1.77828e+06  3.15e-16   1.00e+00   1.60e-07   3.03e-19   1.46e-11   3.71e-13   1.26e-21   6.86e-22   
2.05353e+06  2.38e-16   1.00e+00   1.97e-07   4.07e-19   1.46e-11   3.74e-13   1.28e-21   6.89e-22   
2.37137e+06  4.09e-15   1.00e+00   4.25e-05   2.62e-20   1.39e-11   3.84e-13   1.44e-21   7.07e-22   
2.73842e+06  2.42e-16   1.00e+00   1.85e-07   3.99e-19   1.45e-11   3.73e-13   1.28e-21   6.86e-22   
3.16228e+06  3.40e-15   1.00e+00   2.05e-05   3.06e-20   1.44e-11   3.82e-13   1.39e-21   7.03e-22   
3.65174e+06  2.37e-16   1.00e+00   2.28e-07   4.10e-19   1.46e-11   3.74e-13   1.28e-21   6.88e-22   
4.21697e+06  2.41e-16   1.00e+00   1.86e-07   4.01e-19   1.46e-11   3.74e-13   1.28e-21   6.89e-22   
4.86968e+06  2.50e-16   1.00e+00   1.73e-07   3.86e-19   1.46e-11   3.74e-13   1.28e-21   6.88e-22   
5.62341e+06  2.48e-16   1.00e+00   1.75e-07   3.89e-19   1.46e-11   3.73e-13   1.27e-21   6.85e-22   
6.49382e+06  2.37e-16   1.00e+00   2.00e-07   4.08e-19   1.46e-11   3.74e-13   1.28e-21   6.88e-22   
7.49894e+06  3.63e-15   1.00e+00   4.71e-05   2.95e-20   1.38e-11   3.83e-13   1.44e-21   7.05e-22   
8.65964e+06  2.39e-16   1.00e+00   1.91e-07   4.05e-19   1.46e-11   3.74e-13   1.28e-21   6.90e-22   
1.00000e+07  2.54e-16   1.00e+00   1.70e-07   3.80e-19   1.46e-11   3.73e-13   1.28e-21   6.85e-22   
1.15478e+07  2.44e-16   1.00e+00   1.80e-07   3.96e-19   1.46e-11   3.73e-13   1.27e-21   6.89e-22   
1.33352e+07  2.55e-16   1.00e+00   3.03e-07   3.83e-19   1.46e-11   3.74e-13   1.29e-21   6.90e-22   
1.53993e+07  2.36e-16   1.00e+00   2.19e-07   4.11e-19   1.47e-11   3.75e-13   1.28e-21   6.91e-22   
1.77828e+07  1.95e-15   1.00e+00   2.09e-05   5.18e-20   1.42e-11   3.78e-13   1.35e-21   6.97e-22   
2.05353e+07  2.36e-16   1.00e+00   2.14e-07   4.11e-19   1.46e-11   3.75e-13   1.28e-21   6.91e-22   
2.37137e+07  4.07e-15   1.00e+00   4.32e-05   2.63e-20   1.38e-11   3.83e-13   1.44e-21   7.08e-22   
2.73842e+07  3.94e-15   1.00e+00   4.64e-05   2.72e-20   1.38e-11   3.83e-13   1.44e-21   7.06e-22   
