! 0       C2H4 + H3O+ -> C2H5OH2+
! 1       C2H5OH + HCO+ -> CO + C2H5OH2+
! 2       C2H5OH + H3O+ -> H2O + C2H5OH2+
! 3       C2H5OH + HCS+ -> CS + C2H5OH2+
!            tot_rate   0          1          2          3          
1.00000e+00  3.86e-25   1.00e+00   1.50e-10   2.59e-10   7.72e-13   
1.15478e+00  5.89e-25   1.00e+00   1.85e-10   2.99e-10   9.86e-13   
1.33352e+00  8.95e-25   1.00e+00   2.28e-10   3.44e-10   1.24e-12   
1.53993e+00  1.35e-24   1.00e+00   2.81e-10   3.94e-10   1.56e-12   
1.77828e+00  2.03e-24   1.00e+00   3.43e-10   4.50e-10   1.93e-12   
2.05353e+00  3.04e-24   1.00e+00   4.18e-10   5.13e-10   2.37e-12   
2.37137e+00  4.50e-24   1.00e+00   5.13e-10   5.87e-10   2.91e-12   
2.73842e+00  6.61e-24   1.00e+00   6.25e-10   6.73e-10   3.54e-12   
3.16228e+00  9.61e-24   1.00e+00   7.63e-10   7.74e-10   4.29e-12   
3.65174e+00  1.38e-23   1.00e+00   9.28e-10   8.91e-10   5.18e-12   
4.21697e+00  1.96e-23   1.00e+00   1.13e-09   1.04e-09   6.22e-12   
4.86968e+00  2.74e-23   1.00e+00   1.37e-09   1.20e-09   7.48e-12   
5.62341e+00  3.77e-23   1.00e+00   1.66e-09   1.41e-09   8.97e-12   
6.49382e+00  5.10e-23   1.00e+00   2.00e-09   1.65e-09   1.08e-11   
7.49894e+00  6.78e-23   1.00e+00   2.42e-09   1.96e-09   1.29e-11   
8.65964e+00  8.82e-23   1.00e+00   2.95e-09   2.35e-09   1.56e-11   
1.00000e+01  1.13e-22   1.00e+00   3.58e-09   2.83e-09   1.89e-11   
1.15478e+01  1.41e-22   1.00e+00   4.41e-09   3.49e-09   2.33e-11   
1.33352e+01  1.74e-22   1.00e+00   5.45e-09   4.33e-09   2.87e-11   
1.53993e+01  2.12e-22   1.00e+00   6.79e-09   5.42e-09   3.55e-11   
1.77828e+01  2.56e-22   1.00e+00   8.55e-09   6.95e-09   4.45e-11   
2.05353e+01  3.07e-22   1.00e+00   1.10e-08   9.06e-09   5.67e-11   
2.37137e+01  3.69e-22   1.00e+00   1.43e-08   1.20e-08   7.26e-11   
2.73842e+01  4.46e-22   1.00e+00   1.90e-08   1.62e-08   9.42e-11   
3.16228e+01  5.44e-22   1.00e+00   2.56e-08   2.22e-08   1.24e-10   
3.65174e+01  6.74e-22   1.00e+00   3.49e-08   3.13e-08   1.66e-10   
4.21697e+01  8.46e-22   1.00e+00   4.89e-08   4.50e-08   2.26e-10   
4.86968e+01  1.08e-21   1.00e+00   7.06e-08   6.69e-08   3.16e-10   
5.62341e+01  1.41e-21   1.00e+00   1.05e-07   1.03e-07   4.54e-10   
6.49382e+01  1.86e-21   1.00e+00   1.65e-07   1.67e-07   6.83e-10   
7.49894e+01  2.49e-21   1.00e+00   2.69e-07   2.84e-07   1.06e-09   
8.65964e+01  3.39e-21   1.00e+00   4.37e-07   4.78e-07   1.62e-09   
1.00000e+02  4.68e-21   1.00e+00   3.93e-07   4.49e-07   1.36e-09   
1.15478e+02  6.54e-21   1.00e+00   1.17e-08   1.40e-08   3.70e-11   
1.33352e+02  9.17e-21   1.00e+00   1.73e-08   2.17e-08   4.83e-11   
1.53993e+02  1.28e-20   1.00e+00   2.73e-08   3.57e-08   6.51e-11   
1.77828e+02  1.77e-20   1.00e+00   4.55e-08   6.21e-08   8.93e-11   
2.05353e+02  2.39e-20   1.00e+00   7.99e-08   1.15e-07   1.25e-10   
2.37137e+02  3.12e-20   1.00e+00   1.47e-07   2.21e-07   1.76e-10   
2.73842e+02  3.99e-20   1.00e+00   2.76e-07   4.34e-07   2.49e-10   
3.16228e+02  5.00e-20   1.00e+00   5.20e-07   8.66e-07   3.54e-10   
3.65174e+02  6.17e-20   1.00e+00   9.77e-07   1.72e-06   5.07e-10   
4.21697e+02  7.49e-20   1.00e+00   1.80e-06   3.32e-06   7.25e-10   
4.86968e+02  8.94e-20   1.00e+00   3.21e-06   6.19e-06   1.03e-09   
5.62341e+02  1.05e-19   1.00e+00   5.48e-06   1.09e-05   1.41e-09   
6.49382e+02  1.22e-19   1.00e+00   8.85e-06   1.75e-05   1.84e-09   
7.49894e+02  1.39e-19   1.00e+00   1.36e-05   2.60e-05   2.29e-09   
8.65964e+02  1.48e-19   1.00e+00   1.99e-05   3.59e-05   2.68e-09   
1.00000e+03  1.47e-19   1.00e+00   2.78e-05   4.69e-05   3.02e-09   
1.15478e+03  1.43e-19   1.00e+00   3.81e-05   5.92e-05   3.30e-09   
1.33352e+03  1.42e-19   1.00e+00   5.48e-05   7.82e-05   3.72e-09   
1.53993e+03  1.59e-19   1.00e+00   8.93e-05   1.18e-04   4.60e-09   
1.77828e+03  2.33e-19   1.00e+00   1.86e-04   2.27e-04   7.04e-09   
2.05353e+03  4.67e-19   9.99e-01   5.19e-04   5.83e-04   1.46e-08   
2.37137e+03  9.65e-19   9.97e-01   1.30e-03   1.30e-03   2.58e-08   
2.73842e+03  1.68e-18   9.96e-01   2.01e-03   1.80e-03   2.70e-08   
3.16228e+03  2.13e-18   9.96e-01   2.48e-03   2.01e-03   2.85e-08   
3.65174e+03  2.00e-18   9.95e-01   2.88e-03   2.14e-03   3.19e-08   
4.21697e+03  1.68e-18   9.95e-01   3.12e-03   2.15e-03   3.33e-08   
4.86968e+03  1.39e-18   9.95e-01   3.24e-03   2.10e-03   3.34e-08   
5.62341e+03  1.17e-18   9.95e-01   3.31e-03   2.04e-03   3.32e-08   
6.49382e+03  1.01e-18   9.95e-01   3.32e-03   1.96e-03   3.28e-08   
7.49894e+03  8.89e-19   9.95e-01   3.27e-03   1.86e-03   3.23e-08   
8.65964e+03  7.96e-19   9.95e-01   3.20e-03   1.75e-03   3.20e-08   
1.00000e+04  7.24e-19   9.95e-01   3.11e-03   1.64e-03   3.19e-08   
1.15478e+04  6.73e-19   9.95e-01   3.00e-03   1.55e-03   3.22e-08   
1.33352e+04  6.42e-19   9.96e-01   2.90e-03   1.45e-03   3.30e-08   
1.53993e+04  6.32e-19   9.96e-01   2.83e-03   1.38e-03   3.50e-08   
1.77828e+04  6.44e-19   9.96e-01   2.80e-03   1.34e-03   3.82e-08   
2.05353e+04  6.73e-19   9.96e-01   2.79e-03   1.33e-03   4.31e-08   
2.37137e+04  7.10e-19   9.96e-01   2.83e-03   1.35e-03   5.00e-08   
2.73842e+04  7.44e-19   9.96e-01   2.86e-03   1.37e-03   5.86e-08   
3.16228e+04  7.66e-19   9.96e-01   2.87e-03   1.40e-03   6.90e-08   
3.65174e+04  7.70e-19   9.96e-01   2.86e-03   1.40e-03   8.17e-08   
4.21697e+04  7.54e-19   9.96e-01   2.78e-03   1.41e-03   9.64e-08   
4.86968e+04  7.17e-19   9.96e-01   2.68e-03   1.39e-03   1.14e-07   
5.62341e+04  6.59e-19   9.96e-01   2.51e-03   1.37e-03   1.34e-07   
6.49382e+04  5.82e-19   9.96e-01   2.27e-03   1.33e-03   1.56e-07   
7.49894e+04  4.91e-19   9.97e-01   1.96e-03   1.26e-03   1.78e-07   
8.65964e+04  3.89e-19   9.97e-01   1.60e-03   1.17e-03   1.98e-07   
1.00000e+05  2.88e-19   9.98e-01   1.22e-03   1.03e-03   2.10e-07   
1.15478e+05  1.95e-19   9.98e-01   8.50e-04   8.45e-04   2.07e-07   
1.33352e+05  1.22e-19   9.99e-01   5.18e-04   6.26e-04   1.81e-07   
1.53993e+05  6.98e-20   9.99e-01   2.69e-04   4.01e-04   1.32e-07   
1.77828e+05  3.61e-20   1.00e+00   1.06e-04   2.03e-04   7.20e-08   
2.05353e+05  1.06e-20   1.00e+00   1.54e-05   4.62e-05   1.56e-08   
2.37137e+05  3.51e-22   1.00e+00   8.63e-07   5.78e-06   3.16e-10   
2.73842e+05  3.03e-22   1.00e+00   7.92e-07   5.31e-06   3.19e-10   
3.16228e+05  2.88e-22   1.00e+00   7.57e-07   4.93e-06   3.35e-10   
3.65174e+05  2.83e-22   1.00e+00   7.31e-07   4.63e-06   3.57e-10   
4.21697e+05  2.86e-22   1.00e+00   7.10e-07   4.37e-06   3.85e-10   
4.86968e+05  2.96e-22   1.00e+00   6.93e-07   4.12e-06   4.22e-10   
5.62341e+05  3.14e-22   1.00e+00   6.85e-07   3.95e-06   4.71e-10   
6.49382e+05  3.47e-22   1.00e+00   6.89e-07   3.83e-06   5.42e-10   
7.49894e+05  4.14e-22   1.00e+00   7.20e-07   3.86e-06   6.71e-10   
8.65964e+05  4.36e-20   9.99e-01   2.16e-04   3.53e-04   1.89e-07   
1.00000e+06  1.55e-20   1.00e+00   3.03e-05   7.87e-05   2.15e-08   
1.15478e+06  2.93e-22   1.00e+00   7.30e-07   4.57e-06   2.77e-10   
1.33352e+06  3.26e-22   1.00e+00   6.93e-07   3.99e-06   3.93e-10   
1.53993e+06  4.84e-22   1.00e+00   7.69e-07   4.03e-06   6.74e-10   
1.77828e+06  3.54e-22   1.00e+00   8.50e-07   5.51e-06   2.08e-10   
2.05353e+06  3.21e-22   1.00e+00   6.98e-07   4.05e-06   3.58e-10   
2.37137e+06  4.70e-20   9.99e-01   2.28e-04   3.68e-04   1.40e-07   
2.73842e+06  3.09e-22   1.00e+00   7.05e-07   4.17e-06   3.18e-10   
3.16228e+06  3.53e-20   1.00e+00   1.27e-04   2.39e-04   6.74e-08   
3.65174e+06  3.77e-22   1.00e+00   7.08e-07   3.90e-06   4.67e-10   
4.21697e+06  3.10e-22   1.00e+00   7.06e-07   4.16e-06   3.22e-10   
4.86968e+06  2.97e-22   1.00e+00   7.27e-07   4.48e-06   2.70e-10   
5.62341e+06  2.99e-22   1.00e+00   7.22e-07   4.41e-06   2.80e-10   
6.49382e+06  3.29e-22   1.00e+00   6.99e-07   4.01e-06   3.71e-10   
7.49894e+06  4.26e-20   9.99e-01   2.09e-04   3.45e-04   1.56e-07   
8.65964e+06  3.17e-22   1.00e+00   7.00e-07   4.10e-06   3.41e-10   
1.00000e+07  2.96e-22   1.00e+00   7.36e-07   4.59e-06   2.57e-10   
1.15478e+07  3.04e-22   1.00e+00   7.11e-07   4.28e-06   3.03e-10   
1.33352e+07  5.32e-22   1.00e+00   8.03e-07   4.14e-06   7.14e-10   
1.53993e+07  3.60e-22   1.00e+00   7.03e-07   3.92e-06   4.36e-10   
1.77828e+07  2.13e-20   1.00e+00   6.67e-05   1.37e-04   7.42e-08   
2.05353e+07  3.52e-22   1.00e+00   7.02e-07   3.92e-06   4.20e-10   
2.37137e+07  4.70e-20   9.99e-01   2.30e-04   3.70e-04   1.43e-07   
2.73842e+07  4.60e-20   9.99e-01   2.28e-04   3.67e-04   1.53e-07   
