! 0       H3O+ + e- -> H2O + H
! 1       *H + *OH -> H2O
! 2       C3 + H3O+ -> H2O + C3H+
! 3       H + OH -> H2O
! 4       C6H- + H3O+ -> C6H + H + H2O
! 5       H2 + O- -> H2O + e-
! 6       C7H- + H3O+ -> C7H + H + H2O
! 7       C3H2 + H3O+ -> H2O + C3H3+
! 8       H2CO + H3O+ -> H2O + H3CO+
! 9       NH3 + H3O+ -> H2O + NH4+
! 10      CH2CO+ + e- -> C2 + H2O
!            tot_rate   0          1          2          3          4          5          6          7          8          9          10         
1.00000e+00  4.71e-13   6.32e-01   2.46e-05   1.65e-09   4.75e-07   4.96e-16   3.67e-01   8.78e-19   1.23e-09   1.53e-10   7.30e-09   5.81e-04   
1.15478e+00  4.72e-13   6.33e-01   3.37e-05   2.48e-09   5.93e-07   1.22e-15   3.66e-01   2.20e-18   1.71e-09   1.48e-10   6.60e-09   7.75e-04   
1.33352e+00  4.74e-13   6.34e-01   4.56e-05   3.72e-09   7.37e-07   3.00e-15   3.65e-01   5.49e-18   2.34e-09   1.54e-10   5.89e-09   1.02e-03   
1.53993e+00  4.74e-13   6.35e-01   6.31e-05   5.55e-09   9.14e-07   7.24e-15   3.63e-01   1.39e-17   3.19e-09   1.69e-10   5.17e-09   1.31e-03   
1.77828e+00  4.75e-13   6.36e-01   8.66e-05   8.23e-09   1.13e-06   1.74e-14   3.62e-01   3.54e-17   4.28e-09   1.91e-10   4.44e-09   1.67e-03   
2.05353e+00  4.76e-13   6.39e-01   1.19e-04   1.22e-08   1.38e-06   4.10e-14   3.59e-01   9.12e-17   5.63e-09   2.18e-10   3.74e-09   2.08e-03   
2.37137e+00  4.78e-13   6.40e-01   1.63e-04   1.78e-08   1.68e-06   9.49e-14   3.58e-01   2.36e-16   7.34e-09   2.53e-10   3.05e-09   2.55e-03   
2.73842e+00  4.80e-13   6.42e-01   2.25e-04   2.59e-08   2.04e-06   2.17e-13   3.54e-01   6.17e-16   9.45e-09   2.94e-10   2.44e-09   3.09e-03   
3.16228e+00  4.81e-13   6.45e-01   3.08e-04   3.74e-08   2.45e-06   4.80e-13   3.51e-01   1.61e-15   1.20e-08   3.41e-10   1.87e-09   3.68e-03   
3.65174e+00  4.83e-13   6.48e-01   4.24e-04   5.36e-08   2.96e-06   1.04e-12   3.48e-01   4.14e-15   1.50e-08   3.93e-10   1.38e-09   4.32e-03   
4.21697e+00  4.87e-13   6.51e-01   5.79e-04   7.60e-08   3.55e-06   2.20e-12   3.43e-01   1.04e-14   1.84e-08   4.56e-10   9.80e-10   5.01e-03   
4.86968e+00  4.89e-13   6.54e-01   7.95e-04   1.07e-07   4.25e-06   4.50e-12   3.39e-01   2.58e-14   2.25e-08   5.27e-10   6.64e-10   5.78e-03   
5.62341e+00  4.93e-13   6.59e-01   1.08e-03   1.50e-07   5.09e-06   8.87e-12   3.33e-01   6.17e-14   2.70e-08   6.11e-10   4.28e-10   6.62e-03   
6.49382e+00  4.97e-13   6.63e-01   1.47e-03   2.07e-07   6.09e-06   1.69e-11   3.28e-01   1.42e-13   3.22e-08   7.08e-10   2.63e-10   7.48e-03   
7.49894e+00  5.02e-13   6.69e-01   1.97e-03   2.83e-07   7.29e-06   3.13e-11   3.21e-01   3.17e-13   3.78e-08   8.20e-10   1.58e-10   8.40e-03   
8.65964e+00  5.08e-13   6.75e-01   2.62e-03   3.86e-07   8.74e-06   5.53e-11   3.13e-01   6.75e-13   4.39e-08   9.51e-10   9.60e-11   9.35e-03   
1.00000e+01  5.14e-13   6.83e-01   3.44e-03   5.19e-07   1.05e-05   9.51e-11   3.03e-01   1.39e-12   5.10e-08   1.10e-09   6.59e-11   1.03e-02   
1.15478e+01  5.23e-13   6.90e-01   4.45e-03   6.94e-07   1.26e-05   1.57e-10   2.94e-01   2.73e-12   5.85e-08   1.28e-09   5.64e-11   1.13e-02   
1.33352e+01  5.33e-13   6.98e-01   5.76e-03   9.24e-07   1.52e-05   2.53e-10   2.83e-01   5.20e-12   6.74e-08   1.49e-09   6.10e-11   1.23e-02   
1.53993e+01  5.43e-13   7.09e-01   7.42e-03   1.22e-06   1.83e-05   3.99e-10   2.71e-01   9.64e-12   7.77e-08   1.74e-09   7.71e-11   1.33e-02   
1.77828e+01  5.57e-13   7.19e-01   9.55e-03   1.60e-06   2.21e-05   6.19e-10   2.57e-01   1.74e-11   8.95e-08   2.05e-09   1.05e-10   1.43e-02   
2.05353e+01  5.74e-13   7.30e-01   1.22e-02   2.11e-06   2.68e-05   9.53e-10   2.42e-01   3.12e-11   1.04e-07   2.44e-09   1.48e-10   1.53e-02   
2.37137e+01  5.94e-13   7.41e-01   1.56e-02   2.74e-06   3.27e-05   1.47e-09   2.27e-01   5.55e-11   1.22e-07   2.93e-09   2.12e-10   1.64e-02   
2.73842e+01  6.18e-13   7.52e-01   1.97e-02   3.59e-06   4.00e-05   2.30e-09   2.10e-01   1.00e-10   1.46e-07   3.56e-09   3.06e-10   1.76e-02   
3.16228e+01  6.47e-13   7.65e-01   2.46e-02   4.70e-06   4.88e-05   3.65e-09   1.92e-01   1.82e-10   1.76e-07   4.43e-09   4.42e-10   1.88e-02   
3.65174e+01  6.83e-13   7.76e-01   3.03e-02   6.15e-06   6.02e-05   5.92e-09   1.73e-01   3.38e-10   2.15e-07   5.61e-09   6.33e-10   2.02e-02   
4.21697e+01  7.28e-13   7.87e-01   3.68e-02   8.06e-06   7.42e-05   9.81e-09   1.54e-01   6.40e-10   2.68e-07   7.25e-09   8.97e-10   2.17e-02   
4.86968e+01  7.82e-13   7.98e-01   4.40e-02   1.06e-05   9.20e-05   1.66e-08   1.34e-01   1.24e-09   3.39e-07   9.60e-09   1.26e-09   2.33e-02   
5.62341e+01  8.49e-13   8.07e-01   5.18e-02   1.40e-05   1.14e-04   2.90e-08   1.16e-01   2.46e-09   4.36e-07   1.30e-08   1.75e-09   2.50e-02   
6.49382e+01  9.32e-13   8.15e-01   5.98e-02   1.86e-05   1.43e-04   5.13e-08   9.77e-02   4.97e-09   5.71e-07   1.80e-08   2.42e-09   2.66e-02   
7.49894e+01  1.04e-12   8.23e-01   6.77e-02   2.47e-05   1.80e-04   9.29e-08   8.05e-02   1.02e-08   7.60e-07   2.57e-08   3.33e-09   2.82e-02   
8.65964e+01  1.16e-12   8.30e-01   7.48e-02   3.31e-05   2.27e-04   1.72e-07   6.48e-02   2.14e-08   1.03e-06   3.74e-08   4.60e-09   2.96e-02   
1.00000e+02  1.33e-12   8.37e-01   8.07e-02   4.45e-05   2.88e-04   3.23e-07   5.09e-02   4.54e-08   1.42e-06   5.60e-08   6.41e-09   3.06e-02   
1.15478e+02  1.50e-12   8.60e-01   6.73e-02   6.15e-05   3.75e-04   6.27e-07   3.96e-02   9.93e-08   2.01e-06   8.80e-08   9.40e-09   3.17e-02   
1.33352e+02  1.75e-12   8.75e-01   6.24e-02   8.41e-05   4.86e-04   1.21e-06   2.95e-02   2.17e-07   2.84e-06   1.38e-07   1.39e-08   3.14e-02   
1.53993e+02  2.06e-12   8.90e-01   5.69e-02   1.16e-04   6.37e-04   2.35e-06   2.13e-02   4.73e-07   4.06e-06   2.22e-07   2.17e-08   3.00e-02   
1.77828e+02  2.46e-12   9.05e-01   5.07e-02   1.58e-04   8.40e-04   4.47e-06   1.48e-02   1.01e-06   5.76e-06   3.59e-07   3.59e-08   2.71e-02   
2.05353e+02  2.99e-12   9.21e-01   4.38e-02   2.14e-04   1.11e-03   8.27e-06   1.00e-02   2.10e-06   8.10e-06   5.79e-07   6.63e-08   2.32e-02   
2.37137e+02  3.66e-12   9.35e-01   3.72e-02   2.84e-04   1.46e-03   1.46e-05   6.61e-03   4.15e-06   1.13e-05   9.26e-07   1.41e-07   1.88e-02   
2.73842e+02  4.51e-12   9.47e-01   3.10e-02   3.68e-04   1.91e-03   2.44e-05   4.28e-03   7.72e-06   1.56e-05   1.47e-06   3.06e-07   1.45e-02   
3.16228e+02  5.55e-12   9.56e-01   2.59e-02   4.61e-04   2.47e-03   3.85e-05   2.76e-03   1.36e-05   2.14e-05   2.34e-06   6.37e-07   1.08e-02   
3.65174e+02  6.78e-12   9.63e-01   2.17e-02   5.59e-04   3.17e-03   5.81e-05   1.78e-03   2.27e-05   2.92e-05   3.72e-06   1.24e-06   8.01e-03   
4.21697e+02  8.18e-12   9.68e-01   1.83e-02   6.59e-04   3.92e-03   8.37e-05   1.17e-03   3.59e-05   3.94e-05   5.92e-06   2.26e-06   5.90e-03   
4.86968e+02  9.65e-12   9.71e-01   1.59e-02   7.61e-04   4.62e-03   1.16e-04   7.97e-04   5.40e-05   5.17e-05   9.35e-06   3.87e-06   4.40e-03   
5.62341e+02  1.11e-11   9.73e-01   1.41e-02   8.65e-04   5.23e-03   1.53e-04   5.63e-04   7.68e-05   6.54e-05   1.45e-05   6.26e-06   3.33e-03   
6.49382e+02  1.23e-11   9.74e-01   1.30e-02   9.82e-04   5.73e-03   1.97e-04   4.22e-04   1.05e-04   8.00e-05   2.17e-05   9.58e-06   2.60e-03   
7.49894e+02  1.33e-11   9.75e-01   1.22e-02   1.11e-03   6.00e-03   2.47e-04   3.32e-04   1.36e-04   9.45e-05   3.07e-05   1.37e-05   2.10e-03   
8.65964e+02  1.42e-11   9.75e-01   1.18e-02   1.25e-03   6.04e-03   3.05e-04   2.73e-04   1.75e-04   1.09e-04   4.15e-05   1.84e-05   1.74e-03   
1.00000e+03  1.47e-11   9.75e-01   1.17e-02   1.44e-03   5.89e-03   3.81e-04   2.34e-04   2.24e-04   1.25e-04   5.78e-05   2.35e-05   1.49e-03   
1.15478e+03  1.51e-11   9.74e-01   1.15e-02   1.70e-03   5.61e-03   4.89e-04   2.02e-04   2.94e-04   1.47e-04   7.49e-05   2.97e-05   1.29e-03   
1.33352e+03  1.55e-11   9.73e-01   1.13e-02   2.15e-03   5.29e-03   6.83e-04   1.68e-04   4.20e-04   1.83e-04   1.04e-04   3.96e-05   1.11e-03   
1.53993e+03  1.63e-11   9.71e-01   1.09e-02   3.04e-03   4.96e-03   1.13e-03   1.27e-04   7.13e-04   2.61e-04   1.70e-04   6.07e-05   9.34e-04   
1.77828e+03  1.75e-11   9.62e-01   1.01e-02   5.28e-03   4.77e-03   2.51e-03   8.07e-05   1.64e-03   4.87e-04   3.87e-04   1.28e-04   7.55e-04   
2.05353e+03  1.92e-11   9.33e-01   9.07e-03   1.02e-02   4.73e-03   6.47e-03   4.19e-05   4.37e-03   1.24e-03   1.23e-03   3.86e-04   5.68e-04   
2.37137e+03  2.01e-11   9.04e-01   8.29e-03   1.39e-02   5.07e-03   9.68e-03   2.49e-05   6.61e-03   3.08e-03   2.98e-03   1.08e-03   4.16e-04   
2.73842e+03  1.97e-11   9.13e-01   8.06e-03   1.11e-02   5.93e-03   5.88e-03   1.99e-05   3.97e-03   5.43e-03   4.07e-03   2.04e-03   3.17e-04   
3.16228e+03  1.88e-11   9.21e-01   8.20e-03   7.77e-03   6.76e-03   3.46e-03   1.79e-05   2.36e-03   6.71e-03   4.72e-03   3.09e-03   2.49e-04   
3.65174e+03  1.79e-11   9.23e-01   8.39e-03   6.15e-03   7.66e-03   2.61e-03   1.66e-05   1.78e-03   6.83e-03   5.31e-03   4.10e-03   1.98e-04   
4.21697e+03  1.71e-11   9.24e-01   8.71e-03   5.32e-03   8.71e-03   2.12e-03   1.57e-05   1.44e-03   6.55e-03   5.83e-03   4.89e-03   1.63e-04   
4.86968e+03  1.64e-11   9.24e-01   9.06e-03   4.78e-03   9.85e-03   1.76e-03   1.51e-05   1.19e-03   6.14e-03   6.26e-03   5.39e-03   1.38e-04   
5.62341e+03  1.59e-11   9.24e-01   9.43e-03   4.40e-03   1.10e-02   1.50e-03   1.47e-05   9.94e-04   5.73e-03   6.67e-03   5.58e-03   1.22e-04   
6.49382e+03  1.54e-11   9.24e-01   9.96e-03   4.14e-03   1.23e-02   1.30e-03   1.46e-05   8.53e-04   5.36e-03   6.96e-03   5.53e-03   1.13e-04   
7.49894e+03  1.49e-11   9.24e-01   1.05e-02   3.94e-03   1.35e-02   1.15e-03   1.45e-05   7.43e-04   5.01e-03   7.17e-03   5.25e-03   1.06e-04   
8.65964e+03  1.46e-11   9.25e-01   1.10e-02   3.80e-03   1.46e-02   1.02e-03   1.45e-05   6.58e-04   4.66e-03   7.26e-03   4.82e-03   1.03e-04   
1.00000e+04  1.42e-11   9.24e-01   1.18e-02   3.75e-03   1.57e-02   9.38e-04   1.45e-05   5.98e-04   4.42e-03   7.27e-03   4.39e-03   1.02e-04   
1.15478e+04  1.38e-11   9.23e-01   1.27e-02   3.76e-03   1.68e-02   8.80e-04   1.45e-05   5.58e-04   4.28e-03   7.15e-03   3.96e-03   1.04e-04   
1.33352e+04  1.33e-11   9.22e-01   1.36e-02   3.85e-03   1.78e-02   8.54e-04   1.44e-05   5.37e-04   4.27e-03   6.96e-03   3.59e-03   1.08e-04   
1.53993e+04  1.29e-11   9.20e-01   1.47e-02   4.03e-03   1.89e-02   8.58e-04   1.41e-05   5.36e-04   4.44e-03   6.72e-03   3.30e-03   1.15e-04   
1.77828e+04  1.26e-11   9.16e-01   1.59e-02   4.31e-03   1.99e-02   8.92e-04   1.35e-05   5.52e-04   4.81e-03   6.48e-03   3.11e-03   1.24e-04   
2.05353e+04  1.22e-11   9.12e-01   1.72e-02   4.65e-03   2.09e-02   9.44e-04   1.27e-05   5.82e-04   5.42e-03   6.25e-03   3.03e-03   1.37e-04   
2.37137e+04  1.18e-11   9.06e-01   1.87e-02   5.01e-03   2.19e-02   1.01e-03   1.17e-05   6.20e-04   6.24e-03   6.00e-03   3.01e-03   1.52e-04   
2.73842e+04  1.14e-11   9.00e-01   2.03e-02   5.36e-03   2.27e-02   1.08e-03   1.07e-05   6.58e-04   7.19e-03   5.71e-03   3.01e-03   1.71e-04   
3.16228e+04  1.11e-11   8.95e-01   2.20e-02   5.66e-03   2.33e-02   1.14e-03   9.66e-06   6.91e-04   8.15e-03   5.31e-03   2.97e-03   1.94e-04   
3.65174e+04  1.06e-11   8.90e-01   2.42e-02   5.94e-03   2.36e-02   1.18e-03   8.70e-06   7.17e-04   9.13e-03   4.84e-03   2.91e-03   2.23e-04   
4.21697e+04  1.02e-11   8.85e-01   2.65e-02   6.17e-03   2.36e-02   1.22e-03   7.81e-06   7.32e-04   1.00e-02   4.29e-03   2.81e-03   2.57e-04   
4.86968e+04  9.65e-12   8.81e-01   2.91e-02   6.34e-03   2.31e-02   1.23e-03   7.01e-06   7.33e-04   1.09e-02   3.70e-03   2.66e-03   2.95e-04   
5.62341e+04  9.10e-12   8.78e-01   3.22e-02   6.44e-03   2.23e-02   1.22e-03   6.28e-06   7.17e-04   1.14e-02   3.08e-03   2.48e-03   3.40e-04   
6.49382e+04  8.50e-12   8.77e-01   3.58e-02   6.46e-03   2.12e-02   1.18e-03   5.64e-06   6.82e-04   1.18e-02   2.45e-03   2.26e-03   3.87e-04   
7.49894e+04  7.84e-12   8.76e-01   4.00e-02   6.38e-03   1.96e-02   1.10e-03   5.10e-06   6.27e-04   1.18e-02   1.85e-03   1.99e-03   4.32e-04   
8.65964e+04  7.11e-12   8.77e-01   4.54e-02   6.17e-03   1.77e-02   9.87e-04   4.71e-06   5.54e-04   1.12e-02   1.31e-03   1.66e-03   4.68e-04   
1.00000e+05  6.30e-12   8.79e-01   5.24e-02   5.84e-03   1.55e-02   8.50e-04   4.49e-06   4.68e-04   1.02e-02   8.58e-04   1.28e-03   4.85e-04   
1.15478e+05  5.44e-12   8.80e-01   6.16e-02   5.33e-03   1.32e-02   6.95e-04   4.48e-06   3.75e-04   8.58e-03   5.16e-04   8.93e-04   4.72e-04   
1.33352e+05  4.62e-12   8.80e-01   7.33e-02   4.59e-03   1.09e-02   5.32e-04   4.80e-06   2.83e-04   6.55e-03   2.81e-04   5.43e-04   4.26e-04   
1.53993e+05  3.93e-12   8.78e-01   8.70e-02   3.64e-03   8.86e-03   3.79e-04   5.68e-06   1.97e-04   4.45e-03   1.40e-04   2.88e-04   3.54e-04   
1.77828e+05  3.45e-12   8.76e-01   9.95e-02   2.47e-03   6.93e-03   2.39e-04   7.49e-06   1.21e-04   2.56e-03   6.24e-05   1.32e-04   2.65e-04   
2.05353e+05  3.16e-12   8.78e-01   1.09e-01   9.28e-04   4.56e-03   8.65e-05   1.38e-05   4.12e-05   7.86e-04   1.49e-05   3.52e-05   1.52e-04   
2.37137e+05  3.84e-12   9.05e-01   9.02e-02   2.50e-05   2.07e-03   1.20e-06   2.84e-05   4.20e-07   1.87e-05   9.41e-07   4.30e-06   2.37e-05   
2.73842e+05  3.70e-12   9.02e-01   9.34e-02   2.52e-05   1.97e-03   1.22e-06   2.86e-05   4.29e-07   1.84e-05   8.61e-07   4.13e-06   2.24e-05   
3.16228e+05  3.59e-12   8.99e-01   9.63e-02   2.73e-05   1.94e-03   1.40e-06   2.98e-05   4.95e-07   1.94e-05   8.51e-07   4.01e-06   2.22e-05   
3.65174e+05  3.49e-12   8.96e-01   9.90e-02   3.01e-05   1.92e-03   1.64e-06   3.09e-05   5.92e-07   2.10e-05   8.59e-07   3.95e-06   2.22e-05   
4.21697e+05  3.39e-12   8.93e-01   1.02e-01   3.36e-05   1.91e-03   1.97e-06   3.18e-05   7.16e-07   2.30e-05   8.75e-07   3.92e-06   2.23e-05   
4.86968e+05  3.30e-12   8.90e-01   1.05e-01   3.81e-05   1.90e-03   2.38e-06   3.30e-05   8.84e-07   2.56e-05   8.99e-07   3.94e-06   2.25e-05   
5.62341e+05  3.20e-12   8.87e-01   1.08e-01   4.43e-05   1.90e-03   2.95e-06   3.37e-05   1.12e-06   2.92e-05   9.37e-07   3.97e-06   2.31e-05   
6.49382e+05  3.10e-12   8.83e-01   1.12e-01   5.29e-05   1.92e-03   3.80e-06   3.45e-05   1.46e-06   3.45e-05   9.93e-07   4.09e-06   2.44e-05   
7.49894e+05  2.99e-12   8.79e-01   1.16e-01   6.82e-05   1.96e-03   5.28e-06   3.48e-05   2.10e-06   4.38e-05   1.10e-06   4.38e-06   2.73e-05   
8.65964e+05  2.91e-12   8.46e-01   1.18e-01   4.19e-03   7.19e-03   4.09e-04   4.26e-06   2.12e-04   5.33e-03   1.04e-04   2.30e-04   4.09e-04   
1.00000e+06  3.01e-12   8.69e-01   1.14e-01   1.45e-03   5.08e-03   1.34e-04   1.02e-05   6.60e-05   1.31e-03   2.33e-05   5.34e-05   1.90e-04   
1.15478e+06  3.45e-12   8.95e-01   1.00e-01   3.21e-05   1.92e-03   1.81e-06   3.10e-05   6.54e-07   2.23e-05   8.74e-07   4.02e-06   2.29e-05   
1.33352e+06  3.19e-12   8.86e-01   1.08e-01   4.60e-05   1.91e-03   3.11e-06   3.38e-05   1.18e-06   3.04e-05   9.52e-07   4.04e-06   2.39e-05   
1.53993e+06  2.94e-12   8.77e-01   1.18e-01   8.09e-05   2.01e-03   6.56e-06   3.40e-05   2.65e-06   5.20e-05   1.20e-06   4.69e-06   3.05e-05   
1.77828e+06  3.76e-12   9.03e-01   9.21e-02   2.77e-05   2.05e-03   1.42e-06   2.96e-05   5.01e-07   2.03e-05   9.72e-07   4.34e-06   2.48e-05   
2.05353e+06  3.22e-12   8.87e-01   1.07e-01   4.44e-05   1.91e-03   2.93e-06   3.35e-05   1.10e-06   2.93e-05   9.40e-07   4.06e-06   2.38e-05   
2.37137e+06  3.02e-12   8.50e-01   1.14e-01   4.17e-03   7.34e-03   4.07e-04   4.33e-06   2.11e-04   5.29e-03   1.06e-04   2.32e-04   4.10e-04   
2.73842e+06  3.29e-12   8.90e-01   1.05e-01   3.98e-05   1.91e-03   2.50e-06   3.28e-05   9.29e-07   2.67e-05   9.14e-07   4.04e-06   2.35e-05   
3.16228e+06  3.09e-12   8.61e-01   1.11e-01   3.01e-03   6.67e-03   2.83e-04   5.86e-06   1.45e-04   3.34e-03   6.51e-05   1.41e-04   3.10e-04   
3.65174e+06  3.07e-12   8.82e-01   1.13e-01   5.83e-05   1.94e-03   4.30e-06   3.42e-05   1.67e-06   3.78e-05   1.03e-06   4.26e-06   2.61e-05   
4.21697e+06  3.28e-12   8.89e-01   1.05e-01   4.02e-05   1.91e-03   2.55e-06   3.29e-05   9.50e-07   2.70e-05   9.17e-07   4.05e-06   2.35e-05   
4.86968e+06  3.41e-12   8.94e-01   1.01e-01   3.40e-05   1.92e-03   1.97e-06   3.16e-05   7.18e-07   2.34e-05   8.85e-07   4.04e-06   2.32e-05   
5.62341e+06  3.38e-12   8.93e-01   1.02e-01   3.52e-05   1.92e-03   2.09e-06   3.19e-05   7.63e-07   2.41e-05   8.90e-07   4.05e-06   2.33e-05   
6.49382e+06  3.19e-12   8.86e-01   1.08e-01   4.64e-05   1.92e-03   3.13e-06   3.35e-05   1.19e-06   3.06e-05   9.55e-07   4.10e-06   2.42e-05   
7.49894e+06  2.90e-12   8.46e-01   1.19e-01   4.14e-03   7.11e-03   4.00e-04   4.28e-06   2.08e-04   5.21e-03   1.01e-04   2.25e-04   4.04e-04   
8.65964e+06  3.25e-12   8.88e-01   1.06e-01   4.24e-05   1.91e-03   2.76e-06   3.32e-05   1.03e-06   2.83e-05   9.28e-07   4.06e-06   2.37e-05   
1.00000e+07  3.45e-12   8.95e-01   1.00e-01   3.24e-05   1.92e-03   1.83e-06   3.10e-05   6.63e-07   2.25e-05   8.77e-07   4.05e-06   2.32e-05   
1.15478e+07  3.32e-12   8.91e-01   1.04e-01   3.79e-05   1.91e-03   2.34e-06   3.25e-05   8.64e-07   2.57e-05   9.06e-07   4.03e-06   2.34e-05   
1.33352e+07  2.91e-12   8.75e-01   1.19e-01   8.96e-05   2.04e-03   7.45e-06   3.37e-05   3.04e-06   5.77e-05   1.27e-06   4.91e-06   3.26e-05   
1.53993e+07  3.10e-12   8.83e-01   1.12e-01   5.45e-05   1.93e-03   3.90e-06   3.42e-05   1.51e-06   3.55e-05   1.01e-06   4.19e-06   2.54e-05   
1.77828e+07  2.59e-12   8.43e-01   1.33e-01   2.73e-03   6.07e-03   2.77e-04   7.23e-06   1.46e-04   2.55e-03   4.52e-05   9.78e-05   2.47e-04   
2.05353e+07  3.12e-12   8.84e-01   1.11e-01   5.25e-05   1.93e-03   3.71e-06   3.39e-05   1.43e-06   3.43e-05   9.96e-07   4.16e-06   2.51e-05   
2.37137e+07  3.01e-12   8.50e-01   1.14e-01   4.18e-03   7.34e-03   4.08e-04   4.28e-06   2.12e-04   5.34e-03   1.07e-04   2.35e-04   4.12e-04   
2.73842e+07  2.97e-12   8.48e-01   1.16e-01   4.24e-03   7.27e-03   4.11e-04   4.21e-06   2.14e-04   5.42e-03   1.07e-04   2.37e-04   4.14e-04   
