! 0       *H2 + *H2 -> *H2 + H2
! 1       CH3+ + e- -> CH + H2
! 2       H3+ + e- -> H2 + H
! 3       CO + H3+ -> H2 + HCO+
! 4       O + H3+ -> H2 + OH+
! 5       H2 + HOC+ -> H2 + HCO+
! 6       C + H3+ -> H2 + CH+
! 7       CO + H3+ -> H2 + HOC+
! 8       CH2+ + e- -> C + H2
! 9       H + CH -> C + H2
!            tot_rate   0          1          2          3          4          5          6          7          8          9          
1.00000e+00  4.22e-08   9.94e-01   3.01e-03   2.25e-03   1.62e-09   3.99e-05   6.24e-06   4.03e-07   2.11e-10   6.57e-04   4.20e-10   
1.15478e+00  4.22e-08   9.94e-01   3.08e-03   2.26e-03   2.12e-09   3.99e-05   6.52e-06   4.67e-07   2.75e-10   6.67e-04   5.46e-10   
1.33352e+00  4.22e-08   9.94e-01   3.13e-03   2.26e-03   2.78e-09   4.01e-05   6.78e-06   5.43e-07   3.61e-10   6.76e-04   7.07e-10   
1.53993e+00  4.22e-08   9.94e-01   3.20e-03   2.26e-03   3.63e-09   4.01e-05   7.07e-06   6.31e-07   4.72e-10   6.88e-04   9.08e-10   
1.77828e+00  4.23e-08   9.94e-01   3.24e-03   2.25e-03   4.78e-09   4.02e-05   7.29e-06   7.31e-07   6.20e-10   6.96e-04   1.16e-09   
2.05353e+00  4.23e-08   9.94e-01   3.29e-03   2.25e-03   6.27e-09   4.05e-05   7.55e-06   8.49e-07   8.19e-10   7.05e-04   1.48e-09   
2.37137e+00  4.23e-08   9.94e-01   3.36e-03   2.25e-03   8.28e-09   4.07e-05   7.78e-06   9.89e-07   1.08e-09   7.12e-04   1.87e-09   
2.73842e+00  4.23e-08   9.93e-01   3.41e-03   2.25e-03   1.09e-08   4.09e-05   7.99e-06   1.15e-06   1.42e-09   7.19e-04   2.36e-09   
3.16228e+00  4.23e-08   9.93e-01   3.45e-03   2.25e-03   1.44e-08   4.12e-05   8.21e-06   1.34e-06   1.88e-09   7.26e-04   2.96e-09   
3.65174e+00  4.23e-08   9.93e-01   3.50e-03   2.25e-03   1.89e-08   4.14e-05   8.42e-06   1.56e-06   2.48e-09   7.28e-04   3.69e-09   
4.21697e+00  4.24e-08   9.93e-01   3.52e-03   2.25e-03   2.48e-08   4.18e-05   8.61e-06   1.81e-06   3.26e-09   7.29e-04   4.55e-09   
4.86968e+00  4.24e-08   9.93e-01   3.56e-03   2.25e-03   3.28e-08   4.22e-05   8.82e-06   2.10e-06   4.29e-09   7.27e-04   5.61e-09   
5.62341e+00  4.25e-08   9.93e-01   3.58e-03   2.25e-03   4.28e-08   4.26e-05   9.04e-06   2.45e-06   5.65e-09   7.23e-04   6.90e-09   
6.49382e+00  4.25e-08   9.93e-01   3.58e-03   2.25e-03   5.60e-08   4.31e-05   9.32e-06   2.85e-06   7.41e-09   7.18e-04   8.45e-09   
7.49894e+00  4.26e-08   9.93e-01   3.59e-03   2.25e-03   7.30e-08   4.37e-05   9.58e-06   3.31e-06   9.67e-09   7.07e-04   1.03e-08   
8.65964e+00  4.26e-08   9.93e-01   3.59e-03   2.25e-03   9.51e-08   4.44e-05   9.93e-06   3.85e-06   1.26e-08   6.97e-04   1.27e-08   
1.00000e+01  4.27e-08   9.93e-01   3.58e-03   2.25e-03   1.23e-07   4.52e-05   1.03e-05   4.47e-06   1.64e-08   6.82e-04   1.56e-08   
1.15478e+01  4.28e-08   9.93e-01   3.58e-03   2.24e-03   1.59e-07   4.63e-05   1.07e-05   5.21e-06   2.13e-08   6.66e-04   1.92e-08   
1.33352e+01  4.29e-08   9.93e-01   3.57e-03   2.24e-03   2.04e-07   4.73e-05   1.12e-05   6.06e-06   2.75e-08   6.46e-04   2.38e-08   
1.53993e+01  4.30e-08   9.93e-01   3.56e-03   2.24e-03   2.61e-07   4.86e-05   1.18e-05   7.05e-06   3.56e-08   6.23e-04   2.95e-08   
1.77828e+01  4.32e-08   9.93e-01   3.52e-03   2.23e-03   3.33e-07   5.00e-05   1.25e-05   8.20e-06   4.56e-08   6.00e-04   3.70e-08   
2.05353e+01  4.33e-08   9.93e-01   3.51e-03   2.23e-03   4.23e-07   5.20e-05   1.33e-05   9.56e-06   5.84e-08   5.73e-04   4.69e-08   
2.37137e+01  4.35e-08   9.93e-01   3.47e-03   2.22e-03   5.36e-07   5.38e-05   1.43e-05   1.11e-05   7.45e-08   5.45e-04   5.98e-08   
2.73842e+01  4.37e-08   9.93e-01   3.43e-03   2.22e-03   6.75e-07   5.63e-05   1.54e-05   1.30e-05   9.52e-08   5.13e-04   7.71e-08   
3.16228e+01  4.40e-08   9.93e-01   3.39e-03   2.21e-03   8.50e-07   5.89e-05   1.68e-05   1.51e-05   1.21e-07   4.80e-04   1.01e-07   
3.65174e+01  4.43e-08   9.94e-01   3.32e-03   2.19e-03   1.07e-06   6.21e-05   1.85e-05   1.76e-05   1.55e-07   4.43e-04   1.33e-07   
4.21697e+01  4.46e-08   9.94e-01   3.25e-03   2.18e-03   1.34e-06   6.59e-05   2.05e-05   2.06e-05   1.98e-07   4.06e-04   1.79e-07   
4.86968e+01  4.50e-08   9.94e-01   3.16e-03   2.16e-03   1.69e-06   7.03e-05   2.29e-05   2.40e-05   2.53e-07   3.67e-04   2.45e-07   
5.62341e+01  4.54e-08   9.94e-01   3.06e-03   2.14e-03   2.13e-06   7.56e-05   2.60e-05   2.82e-05   3.26e-07   3.26e-04   3.37e-07   
6.49382e+01  4.59e-08   9.94e-01   2.94e-03   2.11e-03   2.68e-06   8.15e-05   2.99e-05   3.31e-05   4.19e-07   2.86e-04   4.73e-07   
7.49894e+01  4.64e-08   9.94e-01   2.80e-03   2.08e-03   3.41e-06   8.91e-05   3.45e-05   3.90e-05   5.46e-07   2.44e-04   6.71e-07   
8.65964e+01  4.70e-08   9.94e-01   2.64e-03   2.05e-03   4.34e-06   9.82e-05   4.02e-05   4.64e-05   7.11e-07   2.04e-04   9.60e-07   
1.00000e+02  4.77e-08   9.95e-01   2.46e-03   2.00e-03   5.54e-06   1.09e-04   4.72e-05   5.52e-05   9.38e-07   1.66e-04   1.38e-06   
1.15478e+02  4.83e-08   9.95e-01   2.23e-03   1.96e-03   7.18e-06   1.23e-04   5.56e-05   6.62e-05   1.25e-06   1.30e-04   1.99e-06   
1.33352e+02  4.91e-08   9.95e-01   2.00e-03   1.91e-03   9.34e-06   1.40e-04   6.65e-05   8.00e-05   1.68e-06   9.83e-05   2.85e-06   
1.53993e+02  4.99e-08   9.95e-01   1.74e-03   1.85e-03   1.23e-05   1.63e-04   8.01e-05   9.77e-05   2.28e-06   7.11e-05   4.01e-06   
1.77828e+02  5.08e-08   9.96e-01   1.47e-03   1.79e-03   1.63e-05   1.91e-04   9.68e-05   1.20e-04   3.11e-06   4.92e-05   5.53e-06   
2.05353e+02  5.18e-08   9.96e-01   1.21e-03   1.72e-03   2.16e-05   2.26e-04   1.17e-04   1.49e-04   4.29e-06   3.24e-05   7.37e-06   
2.37137e+02  5.27e-08   9.96e-01   9.89e-04   1.65e-03   2.88e-05   2.71e-04   1.40e-04   1.85e-04   5.92e-06   2.09e-05   9.64e-06   
2.73842e+02  5.38e-08   9.96e-01   7.99e-04   1.56e-03   3.83e-05   3.27e-04   1.66e-04   2.29e-04   8.10e-06   1.32e-05   1.23e-05   
3.16228e+02  5.49e-08   9.96e-01   6.56e-04   1.47e-03   5.05e-05   3.90e-04   1.93e-04   2.81e-04   1.11e-05   8.42e-06   1.57e-05   
3.65174e+02  5.61e-08   9.97e-01   5.54e-04   1.36e-03   6.58e-05   4.64e-04   2.19e-04   3.39e-04   1.50e-05   5.51e-06   2.03e-05   
4.21697e+02  5.74e-08   9.97e-01   4.88e-04   1.25e-03   8.45e-05   5.40e-04   2.44e-04   4.02e-04   2.00e-05   3.76e-06   2.70e-05   
4.86968e+02  5.87e-08   9.96e-01   4.45e-04   1.14e-03   1.08e-04   6.18e-04   2.66e-04   4.63e-04   2.66e-05   2.69e-06   3.70e-05   
5.62341e+02  6.03e-08   9.96e-01   4.16e-04   1.02e-03   1.34e-04   6.86e-04   2.82e-04   5.17e-04   3.45e-05   2.01e-06   5.17e-05   
6.49382e+02  6.19e-08   9.96e-01   3.97e-04   9.24e-04   1.66e-04   7.41e-04   2.96e-04   5.57e-04   4.44e-05   1.56e-06   7.27e-05   
7.49894e+02  6.36e-08   9.96e-01   3.79e-04   8.34e-04   2.01e-04   7.78e-04   3.08e-04   5.80e-04   5.61e-05   1.25e-06   1.01e-04   
8.65964e+02  6.54e-08   9.96e-01   3.59e-04   7.59e-04   2.40e-04   7.96e-04   3.19e-04   5.85e-04   6.98e-05   1.02e-06   1.36e-04   
1.00000e+03  6.74e-08   9.96e-01   3.37e-04   6.95e-04   2.82e-04   7.99e-04   3.30e-04   5.75e-04   8.58e-05   8.34e-07   1.75e-04   
1.15478e+03  6.92e-08   9.96e-01   3.15e-04   6.38e-04   3.31e-04   7.98e-04   3.43e-04   5.55e-04   1.05e-04   6.81e-07   2.17e-04   
1.33352e+03  7.09e-08   9.96e-01   2.91e-04   5.77e-04   3.92e-04   8.00e-04   3.60e-04   5.33e-04   1.29e-04   5.39e-07   2.58e-04   
1.53993e+03  7.25e-08   9.96e-01   2.68e-04   4.99e-04   4.75e-04   8.15e-04   3.81e-04   5.09e-04   1.63e-04   3.97e-07   2.94e-04   
1.77828e+03  7.39e-08   9.96e-01   2.41e-04   3.90e-04   5.98e-04   8.54e-04   4.07e-04   4.79e-04   2.12e-04   2.52e-07   3.21e-04   
2.05353e+03  7.51e-08   9.96e-01   1.92e-04   2.66e-04   7.68e-04   8.88e-04   4.39e-04   3.90e-04   2.84e-04   1.24e-07   3.09e-04   
2.37137e+03  7.60e-08   9.96e-01   1.06e-04   1.99e-04   9.39e-04   8.65e-04   4.79e-04   2.05e-04   3.58e-04   4.68e-08   2.16e-04   
2.73842e+03  7.66e-08   9.96e-01   3.86e-05   1.85e-04   1.05e-03   7.99e-04   5.16e-04   6.55e-05   4.10e-04   1.45e-08   1.19e-04   
3.16228e+03  7.69e-08   9.96e-01   1.99e-05   1.85e-04   1.11e-03   7.27e-04   5.40e-04   2.94e-05   4.38e-04   7.01e-09   9.01e-05   
3.65174e+03  7.72e-08   9.96e-01   1.64e-05   1.86e-04   1.14e-03   6.62e-04   5.53e-04   2.29e-05   4.53e-04   5.61e-09   8.34e-05   
4.21697e+03  7.74e-08   9.96e-01   1.54e-05   1.89e-04   1.16e-03   6.10e-04   5.64e-04   2.11e-05   4.66e-04   5.18e-09   7.93e-05   
4.86968e+03  7.75e-08   9.96e-01   1.51e-05   1.92e-04   1.18e-03   5.68e-04   5.74e-04   2.03e-05   4.75e-04   5.06e-09   7.61e-05   
5.62341e+03  7.76e-08   9.96e-01   1.52e-05   1.97e-04   1.19e-03   5.36e-04   5.81e-04   2.02e-05   4.82e-04   5.10e-09   7.41e-05   
6.49382e+03  7.77e-08   9.96e-01   1.57e-05   2.03e-04   1.20e-03   5.10e-04   5.88e-04   2.07e-05   4.88e-04   5.30e-09   7.32e-05   
7.49894e+03  7.78e-08   9.96e-01   1.64e-05   2.11e-04   1.21e-03   4.90e-04   5.92e-04   2.17e-05   4.91e-04   5.64e-09   7.32e-05   
8.65964e+03  7.78e-08   9.96e-01   1.75e-05   2.20e-04   1.21e-03   4.73e-04   5.95e-04   2.31e-05   4.92e-04   6.12e-09   7.45e-05   
1.00000e+04  7.78e-08   9.96e-01   1.88e-05   2.29e-04   1.21e-03   4.57e-04   5.96e-04   2.49e-05   4.93e-04   6.68e-09   7.67e-05   
1.15478e+04  7.79e-08   9.96e-01   2.00e-05   2.40e-04   1.21e-03   4.42e-04   5.96e-04   2.71e-05   4.92e-04   7.32e-09   7.98e-05   
1.33352e+04  7.79e-08   9.96e-01   2.14e-05   2.53e-04   1.20e-03   4.26e-04   5.92e-04   2.94e-05   4.89e-04   7.97e-09   8.38e-05   
1.53993e+04  7.79e-08   9.96e-01   2.27e-05   2.66e-04   1.19e-03   4.09e-04   5.85e-04   3.17e-05   4.84e-04   8.56e-09   8.83e-05   
1.77828e+04  7.79e-08   9.96e-01   2.37e-05   2.79e-04   1.17e-03   3.91e-04   5.74e-04   3.39e-05   4.77e-04   9.00e-09   9.32e-05   
2.05353e+04  7.80e-08   9.96e-01   2.44e-05   2.94e-04   1.14e-03   3.72e-04   5.59e-04   3.56e-05   4.68e-04   9.22e-09   9.79e-05   
2.37137e+04  7.80e-08   9.96e-01   2.47e-05   3.09e-04   1.11e-03   3.51e-04   5.40e-04   3.73e-05   4.56e-04   9.33e-09   1.03e-04   
2.73842e+04  7.81e-08   9.96e-01   2.51e-05   3.26e-04   1.07e-03   3.29e-04   5.17e-04   3.89e-05   4.40e-04   9.42e-09   1.08e-04   
3.16228e+04  7.81e-08   9.96e-01   2.57e-05   3.48e-04   1.02e-03   3.05e-04   4.92e-04   4.11e-05   4.21e-04   9.63e-09   1.13e-04   
3.65174e+04  7.81e-08   9.96e-01   2.68e-05   3.75e-04   9.67e-04   2.79e-04   4.62e-04   4.38e-05   3.98e-04   9.97e-09   1.18e-04   
4.21697e+04  7.82e-08   9.96e-01   2.80e-05   4.07e-04   8.98e-04   2.53e-04   4.30e-04   4.72e-05   3.72e-04   1.05e-08   1.23e-04   
4.86968e+04  7.83e-08   9.96e-01   2.96e-05   4.44e-04   8.17e-04   2.26e-04   3.91e-04   5.13e-05   3.40e-04   1.13e-08   1.28e-04   
5.62341e+04  7.83e-08   9.96e-01   3.19e-05   4.90e-04   7.27e-04   2.01e-04   3.49e-04   5.66e-05   3.04e-04   1.23e-08   1.33e-04   
6.49382e+04  7.84e-08   9.96e-01   3.47e-05   5.45e-04   6.25e-04   1.74e-04   3.02e-04   6.29e-05   2.63e-04   1.37e-08   1.40e-04   
7.49894e+04  7.84e-08   9.97e-01   3.85e-05   6.09e-04   5.18e-04   1.48e-04   2.53e-04   7.09e-05   2.19e-04   1.57e-08   1.48e-04   
8.65964e+04  7.85e-08   9.97e-01   4.33e-05   6.81e-04   4.08e-04   1.24e-04   2.03e-04   8.12e-05   1.75e-04   1.84e-08   1.57e-04   
1.00000e+05  7.84e-08   9.97e-01   4.98e-05   7.61e-04   3.05e-04   1.02e-04   1.56e-04   9.43e-05   1.31e-04   2.23e-08   1.71e-04   
1.15478e+05  7.83e-08   9.97e-01   5.81e-05   8.48e-04   2.14e-04   8.26e-05   1.14e-04   1.11e-04   9.32e-05   2.78e-08   1.88e-04   
1.33352e+05  7.83e-08   9.97e-01   6.81e-05   9.30e-04   1.44e-04   6.61e-05   8.11e-05   1.32e-04   6.29e-05   3.59e-08   2.07e-04   
1.53993e+05  7.82e-08   9.97e-01   7.86e-05   1.01e-03   9.27e-05   5.36e-05   5.73e-05   1.55e-04   4.08e-05   4.74e-08   2.28e-04   
1.77828e+05  7.82e-08   9.98e-01   8.81e-05   1.07e-03   5.69e-05   4.42e-05   4.05e-05   1.74e-04   2.51e-05   6.43e-08   2.46e-04   
2.05353e+05  7.82e-08   9.98e-01   9.12e-05   1.14e-03   2.51e-05   3.38e-05   2.61e-05   1.78e-04   1.10e-05   1.02e-07   2.43e-04   
2.37137e+05  7.82e-08   9.98e-01   5.94e-05   1.21e-03   5.90e-06   1.60e-05   1.74e-05   9.80e-05   2.58e-06   1.53e-07   1.43e-04   
2.73842e+05  7.81e-08   9.98e-01   6.12e-05   1.21e-03   5.61e-06   1.48e-05   1.68e-05   1.00e-04   2.44e-06   1.60e-07   1.47e-04   
3.16228e+05  7.81e-08   9.98e-01   6.41e-05   1.21e-03   5.53e-06   1.45e-05   1.66e-05   1.05e-04   2.42e-06   1.69e-07   1.55e-04   
3.65174e+05  7.81e-08   9.98e-01   6.73e-05   1.21e-03   5.52e-06   1.43e-05   1.66e-05   1.10e-04   2.41e-06   1.79e-07   1.63e-04   
4.21697e+05  7.81e-08   9.98e-01   7.04e-05   1.21e-03   5.53e-06   1.43e-05   1.66e-05   1.15e-04   2.42e-06   1.88e-07   1.70e-04   
4.86968e+05  7.81e-08   9.98e-01   7.36e-05   1.21e-03   5.55e-06   1.43e-05   1.66e-05   1.20e-04   2.43e-06   1.96e-07   1.79e-04   
5.62341e+05  7.81e-08   9.98e-01   7.69e-05   1.21e-03   5.62e-06   1.43e-05   1.65e-05   1.26e-04   2.46e-06   2.03e-07   1.87e-04   
6.49382e+05  7.81e-08   9.98e-01   8.04e-05   1.20e-03   5.73e-06   1.45e-05   1.65e-05   1.32e-04   2.51e-06   2.10e-07   1.97e-04   
7.49894e+05  7.82e-08   9.98e-01   8.43e-05   1.20e-03   5.96e-06   1.48e-05   1.64e-05   1.41e-04   2.61e-06   2.15e-07   2.09e-04   
8.65964e+05  7.80e-08   9.97e-01   8.47e-05   1.02e-03   6.08e-05   3.22e-05   3.68e-05   1.60e-04   2.72e-05   4.77e-08   2.51e-04   
1.00000e+06  7.81e-08   9.98e-01   9.46e-05   1.12e-03   3.10e-05   3.33e-05   2.74e-05   1.86e-04   1.37e-05   8.79e-08   2.56e-04   
1.15478e+06  7.81e-08   9.98e-01   6.86e-05   1.21e-03   5.55e-06   1.43e-05   1.68e-05   1.12e-04   2.43e-06   1.82e-07   1.66e-04   
1.33352e+06  7.81e-08   9.98e-01   7.74e-05   1.21e-03   5.67e-06   1.45e-05   1.66e-05   1.27e-04   2.48e-06   2.05e-07   1.89e-04   
1.53993e+06  7.82e-08   9.98e-01   8.64e-05   1.20e-03   6.21e-06   1.52e-05   1.64e-05   1.46e-04   2.71e-06   2.14e-07   2.15e-04   
1.77828e+06  7.82e-08   9.98e-01   6.24e-05   1.21e-03   5.96e-06   1.58e-05   1.76e-05   1.03e-04   2.59e-06   1.62e-07   1.50e-04   
2.05353e+06  7.81e-08   9.98e-01   7.64e-05   1.21e-03   5.66e-06   1.43e-05   1.66e-05   1.25e-04   2.47e-06   2.02e-07   1.87e-04   
2.37137e+06  7.80e-08   9.97e-01   8.33e-05   1.02e-03   6.36e-05   3.38e-05   3.86e-05   1.59e-04   2.85e-05   4.72e-08   2.46e-04   
2.73842e+06  7.81e-08   9.98e-01   7.40e-05   1.21e-03   5.60e-06   1.43e-05   1.66e-05   1.21e-04   2.46e-06   1.96e-07   1.80e-04   
3.16228e+06  7.81e-08   9.97e-01   8.89e-05   1.06e-03   5.29e-05   3.59e-05   3.57e-05   1.74e-04   2.36e-05   5.93e-08   2.52e-04   
3.65174e+06  7.82e-08   9.98e-01   8.16e-05   1.20e-03   5.85e-06   1.47e-05   1.65e-05   1.36e-04   2.56e-06   2.11e-07   2.01e-04   
4.21697e+06  7.81e-08   9.98e-01   7.43e-05   1.21e-03   5.62e-06   1.43e-05   1.66e-05   1.22e-04   2.46e-06   1.97e-07   1.80e-04   
4.86968e+06  7.81e-08   9.98e-01   7.00e-05   1.21e-03   5.58e-06   1.43e-05   1.68e-05   1.14e-04   2.43e-06   1.86e-07   1.69e-04   
5.62341e+06  7.81e-08   9.98e-01   7.10e-05   1.21e-03   5.58e-06   1.43e-05   1.66e-05   1.16e-04   2.44e-06   1.88e-07   1.71e-04   
6.49382e+06  7.81e-08   9.98e-01   7.74e-05   1.21e-03   5.68e-06   1.45e-05   1.66e-05   1.27e-04   2.48e-06   2.03e-07   1.89e-04   
7.49894e+06  7.80e-08   9.97e-01   8.54e-05   1.03e-03   5.96e-05   3.20e-05   3.63e-05   1.63e-04   2.68e-05   4.83e-08   2.53e-04   
8.65964e+06  7.81e-08   9.98e-01   7.55e-05   1.21e-03   5.64e-06   1.43e-05   1.66e-05   1.24e-04   2.47e-06   2.00e-07   1.84e-04   
1.00000e+07  7.81e-08   9.98e-01   6.87e-05   1.21e-03   5.57e-06   1.43e-05   1.68e-05   1.12e-04   2.43e-06   1.82e-07   1.66e-04   
1.15478e+07  7.81e-08   9.98e-01   7.29e-05   1.21e-03   5.59e-06   1.43e-05   1.66e-05   1.19e-04   2.44e-06   1.93e-07   1.77e-04   
1.33352e+07  7.82e-08   9.98e-01   8.75e-05   1.20e-03   6.36e-06   1.55e-05   1.64e-05   1.48e-04   2.78e-06   2.12e-07   2.19e-04   
1.53993e+07  7.81e-08   9.98e-01   8.05e-05   1.20e-03   5.78e-06   1.46e-05   1.65e-05   1.33e-04   2.53e-06   2.10e-07   1.97e-04   
1.77828e+07  7.81e-08   9.97e-01   1.09e-04   1.07e-03   3.84e-05   3.18e-05   2.73e-05   2.15e-04   1.70e-05   7.85e-08   2.97e-04   
2.05353e+07  7.81e-08   9.98e-01   7.98e-05   1.20e-03   5.76e-06   1.46e-05   1.65e-05   1.32e-04   2.52e-06   2.09e-07   1.96e-04   
2.37137e+07  7.80e-08   9.97e-01   8.32e-05   1.02e-03   6.36e-05   3.36e-05   3.85e-05   1.59e-04   2.85e-05   4.69e-08   2.46e-04   
2.73842e+07  7.80e-08   9.97e-01   8.36e-05   1.02e-03   6.27e-05   3.28e-05   3.78e-05   1.59e-04   2.81e-05   4.69e-08   2.49e-04   
