! 0       C2H5OH2+ + e- -> C2H5OH + H
! 1       CH3COCH3 + H3+ -> C2H5OH + CH3+
! 2       *CH3 + *CH2OH -> C2H5OH
! 3       NH3 + C2H5OH2+ -> C2H5OH + NH4+
! 4       C2H5OH2+ + GRAIN -> C2H5OH + H + GRAIN
! 5       *C2H5OH + CRPhoton -> C2H5OH
! 6       C2H5OH+ + GRAIN -> C2H5OH + GRAIN
! 7       *C2H5OH + ISPhoton -> C2H5OH
! 8       *C2H5OH + CRP -> C2H5OH
! 9       *C2H5OH + GRAIN -> C2H5OH + GRAIN
!            tot_rate   0          1          2          3          4          5          6          7          8          9          
1.00000e+00  1.84e-26   5.02e-01   5.27e-07   4.98e-01   1.29e-09   9.52e-07   8.87e-06   4.68e-07   1.58e-12   0.00e+00   0.00e+00   
1.15478e+00  2.99e-26   4.72e-01   2.43e-07   5.28e-01   1.10e-09   8.96e-07   1.12e-05   5.05e-07   2.00e-12   0.00e+00   0.00e+00   
1.33352e+00  4.84e-26   4.42e-01   1.03e-07   5.58e-01   9.17e-10   8.43e-07   1.39e-05   5.43e-07   2.48e-12   0.00e+00   0.00e+00   
1.53993e+00  7.80e-26   4.14e-01   3.95e-08   5.86e-01   7.54e-10   7.92e-07   1.72e-05   5.79e-07   3.06e-12   0.00e+00   0.00e+00   
1.77828e+00  1.26e-25   3.87e-01   1.39e-08   6.13e-01   6.03e-10   7.42e-07   2.10e-05   6.14e-07   3.75e-12   0.00e+00   0.00e+00   
2.05353e+00  2.02e-25   3.60e-01   5.06e-09   6.40e-01   4.71e-10   6.95e-07   2.56e-05   6.45e-07   4.57e-12   0.00e+00   0.00e+00   
2.37137e+00  3.22e-25   3.32e-01   2.47e-09   6.68e-01   3.57e-10   6.46e-07   3.11e-05   6.80e-07   5.56e-12   0.00e+00   0.00e+00   
2.73842e+00  5.14e-25   3.07e-01   1.91e-09   6.93e-01   2.61e-10   5.97e-07   3.75e-05   7.08e-07   6.71e-12   0.00e+00   0.00e+00   
3.16228e+00  8.14e-25   2.83e-01   1.92e-09   7.17e-01   1.83e-10   5.52e-07   4.55e-05   7.37e-07   8.12e-12   0.00e+00   0.00e+00   
3.65174e+00  1.28e-24   2.58e-01   2.02e-09   7.42e-01   1.24e-10   5.09e-07   5.51e-05   7.67e-07   9.87e-12   0.00e+00   0.00e+00   
4.21697e+00  1.99e-24   2.36e-01   2.13e-09   7.64e-01   7.94e-11   4.68e-07   6.64e-05   7.94e-07   1.19e-11   0.00e+00   0.00e+00   
4.86968e+00  3.06e-24   2.14e-01   2.22e-09   7.86e-01   4.88e-11   4.29e-07   8.08e-05   8.22e-07   1.44e-11   0.00e+00   0.00e+00   
5.62341e+00  4.65e-24   1.94e-01   2.28e-09   8.06e-01   2.84e-11   3.93e-07   9.76e-05   8.47e-07   1.74e-11   0.00e+00   0.00e+00   
6.49382e+00  6.98e-24   1.75e-01   2.32e-09   8.25e-01   1.56e-11   3.58e-07   1.18e-04   8.72e-07   2.11e-11   0.00e+00   0.00e+00   
7.49894e+00  1.03e-23   1.57e-01   2.33e-09   8.43e-01   8.30e-12   3.25e-07   1.42e-04   8.97e-07   2.55e-11   0.00e+00   0.00e+00   
8.65964e+00  1.51e-23   1.40e-01   2.32e-09   8.60e-01   4.46e-12   2.94e-07   1.72e-04   9.20e-07   3.07e-11   0.00e+00   0.00e+00   
1.00000e+01  2.17e-23   1.24e-01   2.30e-09   8.76e-01   2.69e-12   2.66e-07   2.08e-04   9.50e-07   3.72e-11   0.00e+00   0.00e+00   
1.15478e+01  3.08e-23   1.10e-01   2.25e-09   8.90e-01   2.02e-12   2.40e-07   2.51e-04   9.78e-07   4.48e-11   0.00e+00   0.00e+00   
1.33352e+01  4.33e-23   9.63e-02   2.18e-09   9.03e-01   1.90e-12   2.16e-07   3.03e-04   1.01e-06   5.38e-11   0.00e+00   0.00e+00   
1.53993e+01  6.03e-23   8.41e-02   2.11e-09   9.16e-01   2.07e-12   1.94e-07   3.62e-04   1.04e-06   6.45e-11   0.00e+00   0.00e+00   
1.77828e+01  8.36e-23   7.30e-02   2.03e-09   9.27e-01   2.41e-12   1.73e-07   4.29e-04   1.07e-06   7.68e-11   0.00e+00   0.00e+00   
2.05353e+01  1.16e-22   6.31e-02   1.96e-09   9.36e-01   2.90e-12   1.55e-07   5.06e-04   1.12e-06   9.02e-11   0.00e+00   0.00e+00   
2.37137e+01  1.63e-22   5.41e-02   1.88e-09   9.45e-01   3.51e-12   1.39e-07   5.91e-04   1.16e-06   1.06e-10   0.00e+00   0.00e+00   
2.73842e+01  2.29e-22   4.68e-02   1.84e-09   9.53e-01   4.31e-12   1.25e-07   6.86e-04   1.21e-06   1.23e-10   0.00e+00   0.00e+00   
3.16228e+01  3.27e-22   3.97e-02   1.80e-09   9.59e-01   5.23e-12   1.12e-07   7.88e-04   1.27e-06   1.41e-10   0.00e+00   0.00e+00   
3.65174e+01  4.74e-22   3.40e-02   1.79e-09   9.65e-01   6.36e-12   1.02e-07   9.00e-04   1.35e-06   1.61e-10   0.00e+00   0.00e+00   
4.21697e+01  6.99e-22   2.89e-02   1.80e-09   9.70e-01   7.60e-12   9.27e-08   1.02e-03   1.43e-06   1.82e-10   0.00e+00   0.00e+00   
4.86968e+01  1.06e-21   2.44e-02   1.84e-09   9.74e-01   8.93e-12   8.41e-08   1.14e-03   1.53e-06   2.04e-10   0.00e+00   0.00e+00   
5.62341e+01  1.66e-21   2.03e-02   1.88e-09   9.78e-01   1.03e-11   7.55e-08   1.26e-03   1.65e-06   2.26e-10   0.00e+00   0.00e+00   
6.49382e+01  2.68e-21   1.66e-02   1.95e-09   9.82e-01   1.15e-11   6.76e-08   1.39e-03   1.79e-06   2.48e-10   0.00e+00   0.00e+00   
7.49894e+01  4.47e-21   1.33e-02   2.04e-09   9.85e-01   1.27e-11   5.98e-08   1.53e-03   1.96e-06   2.73e-10   0.00e+00   0.00e+00   
8.65964e+01  7.19e-21   1.13e-02   2.31e-09   9.87e-01   1.47e-11   5.64e-08   1.78e-03   2.18e-06   3.18e-10   0.00e+00   0.00e+00   
1.00000e+02  5.74e-21   1.95e-02   5.59e-09   9.77e-01   3.57e-11   1.10e-07   3.78e-03   2.70e-06   6.76e-10   0.00e+00   0.00e+00   
1.15478e+02  1.80e-22   8.69e-01   3.79e-06   2.32e-03   2.28e-09   5.68e-06   1.29e-01   2.81e-06   2.30e-08   0.00e+00   0.00e+00   
1.33352e+02  2.42e-22   9.03e-01   8.17e-06   1.29e-03   3.50e-09   6.89e-06   9.53e-02   3.26e-06   1.70e-08   0.00e+00   0.00e+00   
1.53993e+02  3.29e-22   9.30e-01   1.37e-05   5.89e-04   5.56e-09   8.48e-06   6.99e-02   3.86e-06   1.25e-08   0.00e+00   0.00e+00   
1.77828e+02  4.46e-22   9.48e-01   2.11e-05   1.87e-04   9.28e-09   1.04e-05   5.13e-02   4.60e-06   9.17e-09   0.00e+00   0.00e+00   
2.05353e+02  5.94e-22   9.62e-01   2.58e-05   3.13e-05   1.72e-08   1.30e-05   3.84e-02   5.56e-06   6.85e-09   0.00e+00   0.00e+00   
2.37137e+02  7.70e-22   9.71e-01   1.92e-05   4.66e-06   3.69e-08   1.62e-05   2.94e-02   6.81e-06   5.25e-09   0.00e+00   0.00e+00   
2.73842e+02  9.76e-22   9.77e-01   1.83e-05   9.94e-07   8.09e-08   2.08e-05   2.31e-02   8.53e-06   4.11e-09   0.00e+00   0.00e+00   
3.16228e+02  1.21e-21   9.82e-01   2.72e-05   2.45e-07   1.70e-07   2.67e-05   1.84e-02   1.07e-05   3.28e-09   0.00e+00   0.00e+00   
3.65174e+02  1.49e-21   9.85e-01   4.53e-05   6.09e-08   3.33e-07   3.39e-05   1.48e-02   1.33e-05   2.64e-09   0.00e+00   0.00e+00   
4.21697e+02  1.81e-21   9.88e-01   7.84e-05   1.46e-08   6.13e-07   4.24e-05   1.20e-02   1.63e-05   2.15e-09   0.00e+00   0.00e+00   
4.86968e+02  2.16e-21   9.90e-01   1.34e-04   3.24e-09   1.06e-06   5.37e-05   9.99e-03   2.01e-05   1.78e-09   0.00e+00   0.00e+00   
5.62341e+02  2.53e-21   9.91e-01   2.28e-04   6.32e-10   1.75e-06   6.60e-05   8.37e-03   2.42e-05   1.50e-09   0.00e+00   0.00e+00   
6.49382e+02  2.93e-21   9.92e-01   3.82e-04   9.14e-11   2.73e-06   7.88e-05   7.13e-03   2.83e-05   1.27e-09   0.00e+00   0.00e+00   
7.49894e+02  3.35e-21   9.94e-01   6.15e-04   7.28e-12   3.97e-06   9.25e-05   5.64e-03   3.28e-05   1.01e-09   0.00e+00   0.00e+00   
8.65964e+02  3.55e-21   9.94e-01   9.89e-04   1.13e-12   5.47e-06   1.06e-04   4.39e-03   3.72e-05   7.83e-10   0.00e+00   0.00e+00   
1.00000e+03  3.54e-21   9.95e-01   1.61e-03   2.66e-12   7.12e-06   1.18e-04   3.62e-03   4.04e-05   6.44e-10   0.00e+00   0.00e+00   
1.15478e+03  3.43e-21   9.94e-01   2.67e-03   6.36e-12   9.15e-06   1.33e-04   3.03e-03   4.46e-05   5.42e-10   0.00e+00   0.00e+00   
1.33352e+03  3.42e-21   9.92e-01   4.80e-03   1.16e-11   1.24e-05   1.53e-04   2.49e-03   4.92e-05   4.45e-10   0.00e+00   0.00e+00   
1.53993e+03  3.86e-21   9.88e-01   9.96e-03   1.69e-11   1.95e-05   1.85e-04   1.79e-03   5.50e-05   3.22e-10   0.00e+00   0.00e+00   
1.77828e+03  5.73e-21   9.72e-01   2.64e-02   1.72e-11   4.15e-05   2.51e-04   9.79e-04   6.39e-05   1.75e-10   0.00e+00   0.00e+00   
2.05353e+03  1.21e-20   9.18e-01   8.08e-02   1.07e-11   1.27e-04   3.57e-04   3.76e-04   7.05e-05   6.74e-11   0.00e+00   0.00e+00   
2.37137e+03  2.74e-20   8.42e-01   1.57e-01   4.67e-12   3.38e-04   4.37e-04   1.35e-04   7.00e-05   2.42e-11   0.00e+00   0.00e+00   
2.73842e+03  4.71e-20   8.52e-01   1.47e-01   2.46e-12   6.52e-04   4.87e-04   6.44e-05   6.97e-05   1.15e-11   0.00e+00   0.00e+00   
3.16228e+03  5.82e-20   8.75e-01   1.23e-01   2.49e-12   1.01e-03   5.16e-04   4.25e-05   7.22e-05   7.60e-12   0.00e+00   0.00e+00   
3.65174e+03  5.55e-20   8.61e-01   1.37e-01   3.78e-12   1.33e-03   5.15e-04   3.60e-05   7.42e-05   6.45e-12   0.00e+00   0.00e+00   
4.21697e+03  4.77e-20   8.38e-01   1.60e-01   6.37e-12   1.55e-03   5.07e-04   3.37e-05   7.46e-05   6.03e-12   0.00e+00   0.00e+00   
4.86968e+03  4.06e-20   8.16e-01   1.82e-01   1.07e-11   1.67e-03   4.95e-04   3.13e-05   7.42e-05   5.62e-12   0.00e+00   0.00e+00   
5.62341e+03  3.51e-20   7.95e-01   2.02e-01   1.74e-11   1.69e-03   4.85e-04   2.84e-05   7.44e-05   5.07e-12   0.00e+00   0.00e+00   
6.49382e+03  3.10e-20   7.78e-01   2.20e-01   2.72e-11   1.63e-03   4.71e-04   2.46e-05   7.52e-05   4.42e-12   0.00e+00   0.00e+00   
7.49894e+03  2.78e-20   7.62e-01   2.36e-01   4.14e-11   1.52e-03   4.57e-04   2.06e-05   7.66e-05   3.70e-12   0.00e+00   0.00e+00   
8.65964e+03  2.54e-20   7.49e-01   2.49e-01   6.11e-11   1.38e-03   4.41e-04   1.65e-05   7.80e-05   2.96e-12   0.00e+00   0.00e+00   
1.00000e+04  2.35e-20   7.36e-01   2.63e-01   8.67e-11   1.23e-03   4.29e-04   1.27e-05   7.95e-05   2.28e-12   0.00e+00   0.00e+00   
1.15478e+04  2.23e-20   7.22e-01   2.76e-01   1.17e-10   1.09e-03   4.14e-04   9.29e-06   8.03e-05   1.66e-12   0.00e+00   0.00e+00   
1.33352e+04  2.16e-20   7.07e-01   2.92e-01   1.50e-10   9.70e-04   4.01e-04   6.42e-06   8.13e-05   1.16e-12   0.00e+00   0.00e+00   
1.53993e+04  2.19e-20   6.90e-01   3.09e-01   1.79e-10   8.68e-04   3.87e-04   4.17e-06   8.14e-05   7.50e-13   0.00e+00   0.00e+00   
1.77828e+04  2.30e-20   6.70e-01   3.29e-01   1.98e-10   8.00e-04   3.72e-04   2.57e-06   8.09e-05   4.61e-13   0.00e+00   0.00e+00   
2.05353e+04  2.50e-20   6.45e-01   3.54e-01   2.05e-10   7.53e-04   3.59e-04   1.56e-06   7.93e-05   2.80e-13   0.00e+00   0.00e+00   
2.37137e+04  2.76e-20   6.15e-01   3.84e-01   2.02e-10   7.17e-04   3.43e-04   9.92e-07   7.71e-05   1.78e-13   0.00e+00   0.00e+00   
2.73842e+04  3.05e-20   5.83e-01   4.16e-01   1.93e-10   6.85e-04   3.27e-04   7.04e-07   7.50e-05   1.26e-13   0.00e+00   0.00e+00   
3.16228e+04  3.33e-20   5.49e-01   4.50e-01   1.80e-10   6.45e-04   3.09e-04   5.67e-07   7.26e-05   1.02e-13   0.00e+00   0.00e+00   
3.65174e+04  3.59e-20   5.12e-01   4.87e-01   1.64e-10   5.93e-04   2.87e-04   5.01e-07   6.99e-05   8.99e-14   0.00e+00   0.00e+00   
4.21697e+04  3.80e-20   4.73e-01   5.26e-01   1.46e-10   5.34e-04   2.66e-04   4.63e-07   6.73e-05   8.31e-14   0.00e+00   0.00e+00   
4.86968e+04  3.94e-20   4.34e-01   5.66e-01   1.28e-10   4.67e-04   2.41e-04   4.36e-07   6.49e-05   7.84e-14   0.00e+00   0.00e+00   
5.62341e+04  3.99e-20   3.93e-01   6.06e-01   1.10e-10   3.98e-04   2.17e-04   4.13e-07   6.24e-05   7.44e-14   0.00e+00   0.00e+00   
6.49382e+04  3.92e-20   3.54e-01   6.45e-01   9.25e-11   3.29e-04   1.92e-04   3.95e-07   6.02e-05   7.09e-14   0.00e+00   0.00e+00   
7.49894e+04  3.70e-20   3.16e-01   6.83e-01   7.73e-11   2.59e-04   1.68e-04   3.75e-07   5.86e-05   6.75e-14   0.00e+00   0.00e+00   
8.65964e+04  3.32e-20   2.80e-01   7.19e-01   6.44e-11   1.92e-04   1.44e-04   3.58e-07   5.75e-05   6.44e-14   0.00e+00   0.00e+00   
1.00000e+05  2.78e-20   2.47e-01   7.52e-01   5.47e-11   1.32e-04   1.23e-04   3.41e-07   5.80e-05   6.12e-14   0.00e+00   0.00e+00   
1.15478e+05  2.12e-20   2.21e-01   7.79e-01   4.86e-11   8.22e-05   1.04e-04   3.23e-07   6.04e-05   5.81e-14   0.00e+00   0.00e+00   
1.33352e+05  1.42e-20   2.05e-01   7.95e-01   4.77e-11   4.67e-05   9.08e-05   3.02e-07   6.49e-05   5.42e-14   0.00e+00   0.00e+00   
1.53993e+05  8.03e-21   2.08e-01   7.92e-01   5.58e-11   2.53e-05   8.34e-05   2.76e-07   7.07e-05   4.98e-14   0.00e+00   0.00e+00   
1.77828e+05  3.52e-21   2.45e-01   7.55e-01   8.83e-11   1.37e-05   8.40e-05   2.46e-07   7.52e-05   4.43e-14   0.00e+00   0.00e+00   
2.05353e+05  5.84e-22   4.35e-01   5.65e-01   3.87e-10   6.45e-06   1.03e-04   2.67e-07   7.21e-05   4.81e-14   0.00e+00   0.00e+00   
2.37137e+05  1.07e-23   7.85e-01   2.14e-01   1.17e-08   1.38e-06   8.19e-05   1.06e-07   4.44e-05   1.90e-14   0.00e+00   0.00e+00   
2.73842e+05  9.16e-24   7.91e-01   2.08e-01   1.27e-08   1.33e-06   8.13e-05   5.18e-08   4.38e-05   9.33e-15   0.00e+00   0.00e+00   
3.16228e+05  8.57e-24   8.02e-01   1.98e-01   1.46e-08   1.32e-06   8.14e-05   5.04e-08   4.33e-05   9.07e-15   0.00e+00   0.00e+00   
3.65174e+05  8.30e-24   8.16e-01   1.84e-01   1.64e-08   1.33e-06   8.22e-05   4.95e-08   4.28e-05   8.90e-15   0.00e+00   0.00e+00   
4.21697e+05  8.22e-24   8.32e-01   1.68e-01   1.80e-08   1.35e-06   8.34e-05   4.88e-08   4.25e-05   8.78e-15   0.00e+00   0.00e+00   
4.86968e+05  8.31e-24   8.49e-01   1.50e-01   1.91e-08   1.38e-06   8.52e-05   4.84e-08   4.24e-05   8.70e-15   0.00e+00   0.00e+00   
5.62341e+05  8.65e-24   8.67e-01   1.33e-01   1.98e-08   1.43e-06   8.74e-05   4.82e-08   4.24e-05   8.68e-15   0.00e+00   0.00e+00   
6.49382e+05  9.39e-24   8.83e-01   1.17e-01   1.94e-08   1.51e-06   9.02e-05   4.86e-08   4.26e-05   8.74e-15   0.00e+00   0.00e+00   
7.49894e+05  1.11e-23   8.95e-01   1.05e-01   1.75e-08   1.65e-06   9.40e-05   4.89e-08   4.35e-05   8.81e-15   0.00e+00   0.00e+00   
8.65964e+05  5.84e-21   1.78e-01   8.22e-01   6.57e-11   1.81e-05   7.60e-05   2.05e-07   7.02e-05   3.70e-14   0.00e+00   0.00e+00   
1.00000e+06  1.10e-21   3.35e-01   6.65e-01   2.05e-10   7.66e-06   9.33e-05   1.86e-07   7.57e-05   3.33e-14   0.00e+00   0.00e+00   
1.15478e+06  8.55e-24   8.19e-01   1.81e-01   1.65e-08   1.36e-06   8.26e-05   4.92e-08   4.28e-05   8.85e-15   0.00e+00   0.00e+00   
1.33352e+06  9.01e-24   8.64e-01   1.35e-01   1.91e-08   1.45e-06   8.77e-05   4.84e-08   4.25e-05   8.70e-15   0.00e+00   0.00e+00   
1.53993e+06  1.30e-23   8.92e-01   1.08e-01   1.52e-08   1.75e-06   9.61e-05   4.98e-08   4.43e-05   8.92e-15   0.00e+00   0.00e+00   
1.77828e+06  1.07e-23   7.91e-01   2.09e-01   1.41e-08   1.39e-06   8.17e-05   4.53e-07   4.38e-05   8.16e-14   0.00e+00   0.00e+00   
2.05353e+06  8.95e-24   8.58e-01   1.42e-01   1.89e-08   1.44e-06   8.68e-05   4.84e-08   4.26e-05   8.70e-15   0.00e+00   0.00e+00   
2.37137e+06  6.32e-21   1.77e-01   8.23e-01   5.98e-11   1.82e-05   7.53e-05   2.28e-07   7.04e-05   4.10e-14   0.00e+00   0.00e+00   
2.73842e+06  8.72e-24   8.45e-01   1.55e-01   1.83e-08   1.41e-06   8.53e-05   4.85e-08   4.25e-05   8.73e-15   0.00e+00   0.00e+00   
3.16228e+06  3.99e-21   2.11e-01   7.89e-01   7.36e-11   1.29e-05   7.84e-05   2.18e-07   7.51e-05   3.93e-14   0.00e+00   0.00e+00   
3.65174e+06  1.02e-23   8.81e-01   1.19e-01   1.82e-08   1.57e-06   9.12e-05   4.92e-08   4.30e-05   8.86e-15   0.00e+00   0.00e+00   
4.21697e+06  8.76e-24   8.46e-01   1.54e-01   1.84e-08   1.42e-06   8.54e-05   4.84e-08   4.25e-05   8.71e-15   0.00e+00   0.00e+00   
4.86968e+06  8.63e-24   8.24e-01   1.76e-01   1.69e-08   1.37e-06   8.31e-05   4.90e-08   4.28e-05   8.81e-15   0.00e+00   0.00e+00   
5.62341e+06  8.63e-24   8.28e-01   1.71e-01   1.74e-08   1.38e-06   8.35e-05   4.88e-08   4.26e-05   8.77e-15   0.00e+00   0.00e+00   
6.49382e+06  9.13e-24   8.62e-01   1.38e-01   1.88e-08   1.47e-06   8.75e-05   4.83e-08   4.26e-05   8.70e-15   0.00e+00   0.00e+00   
7.49894e+06  5.69e-21   1.79e-01   8.21e-01   6.61e-11   1.79e-05   7.57e-05   1.99e-07   7.06e-05   3.58e-14   0.00e+00   0.00e+00   
8.65964e+06  8.88e-24   8.52e-01   1.48e-01   1.87e-08   1.43e-06   8.61e-05   4.83e-08   4.24e-05   8.69e-15   0.00e+00   0.00e+00   
1.00000e+07  8.66e-24   8.17e-01   1.82e-01   1.64e-08   1.36e-06   8.26e-05   4.92e-08   4.28e-05   8.86e-15   0.00e+00   0.00e+00   
1.15478e+07  8.67e-24   8.38e-01   1.61e-01   1.80e-08   1.40e-06   8.45e-05   4.86e-08   4.26e-05   8.74e-15   0.00e+00   0.00e+00   
1.33352e+07  1.43e-23   8.89e-01   1.11e-01   1.40e-08   1.84e-06   9.80e-05   5.11e-08   4.51e-05   9.17e-15   0.00e+00   0.00e+00   
1.53993e+07  9.82e-24   8.76e-01   1.24e-01   1.85e-08   1.54e-06   9.00e-05   4.86e-08   4.29e-05   8.74e-15   0.00e+00   0.00e+00   
1.77828e+07  2.02e-21   2.52e-01   7.48e-01   1.10e-10   1.09e-05   8.72e-05   3.00e-08   7.33e-05   5.40e-15   0.00e+00   0.00e+00   
2.05353e+07  9.63e-24   8.73e-01   1.27e-01   1.87e-08   1.52e-06   8.95e-05   4.85e-08   4.28e-05   8.73e-15   0.00e+00   0.00e+00   
2.37137e+07  6.35e-21   1.76e-01   8.23e-01   6.01e-11   1.84e-05   7.53e-05   2.27e-07   7.02e-05   4.06e-14   0.00e+00   0.00e+00   
2.73842e+07  6.23e-21   1.77e-01   8.23e-01   6.23e-11   1.86e-05   7.54e-05   2.18e-07   7.01e-05   3.92e-14   0.00e+00   0.00e+00   
