! 0       *N + *HOCO -> *OH + *OCN
! 1       *C + *NO -> *OCN
! 2       *O + *CN -> *OCN
! 3       OCN + GRAIN -> *OCN + GRAIN
!            tot_rate   0          1          2          3          
1.00000e+00  9.03e-15   2.56e-04   1.00e+00   5.37e-05   2.48e-06   
1.15478e+00  1.04e-14   4.01e-04   1.00e+00   7.17e-05   2.77e-06   
1.33352e+00  1.21e-14   6.19e-04   9.99e-01   9.50e-05   3.06e-06   
1.53993e+00  1.40e-14   9.63e-04   9.99e-01   1.26e-04   3.40e-06   
1.77828e+00  1.61e-14   1.51e-03   9.98e-01   1.68e-04   3.80e-06   
2.05353e+00  1.86e-14   2.36e-03   9.97e-01   2.23e-04   4.21e-06   
2.37137e+00  2.16e-14   3.67e-03   9.96e-01   2.95e-04   4.63e-06   
2.73842e+00  2.50e-14   5.73e-03   9.94e-01   3.90e-04   5.05e-06   
3.16228e+00  2.89e-14   8.87e-03   9.91e-01   5.16e-04   5.40e-06   
3.65174e+00  3.34e-14   1.37e-02   9.86e-01   6.80e-04   5.72e-06   
4.21697e+00  3.86e-14   2.09e-02   9.78e-01   8.90e-04   5.93e-06   
4.86968e+00  4.48e-14   3.15e-02   9.67e-01   1.16e-03   6.01e-06   
5.62341e+00  5.21e-14   4.65e-02   9.52e-01   1.51e-03   5.97e-06   
6.49382e+00  6.08e-14   6.65e-02   9.32e-01   1.94e-03   5.83e-06   
7.49894e+00  7.12e-14   9.13e-02   9.06e-01   2.47e-03   5.55e-06   
8.65964e+00  8.34e-14   1.19e-01   8.77e-01   3.13e-03   5.21e-06   
1.00000e+01  9.77e-14   1.48e-01   8.48e-01   3.92e-03   4.85e-06   
1.15478e+01  1.14e-13   1.75e-01   8.20e-01   4.90e-03   4.51e-06   
1.33352e+01  1.32e-13   1.96e-01   7.98e-01   6.12e-03   4.19e-06   
1.53993e+01  1.50e-13   2.13e-01   7.79e-01   7.66e-03   3.96e-06   
1.77828e+01  1.70e-13   2.27e-01   7.64e-01   9.46e-03   3.77e-06   
2.05353e+01  1.91e-13   2.40e-01   7.49e-01   1.17e-02   3.63e-06   
2.37137e+01  2.14e-13   2.52e-01   7.34e-01   1.42e-02   3.54e-06   
2.73842e+01  2.37e-13   2.65e-01   7.18e-01   1.70e-02   3.50e-06   
3.16228e+01  2.63e-13   2.80e-01   7.00e-01   1.97e-02   3.50e-06   
3.65174e+01  2.89e-13   2.96e-01   6.81e-01   2.23e-02   3.53e-06   
4.21697e+01  3.17e-13   3.16e-01   6.60e-01   2.43e-02   3.63e-06   
4.86968e+01  3.46e-13   3.38e-01   6.36e-01   2.50e-02   3.79e-06   
5.62341e+01  3.75e-13   3.65e-01   6.11e-01   2.40e-02   3.97e-06   
6.49382e+01  4.04e-13   3.96e-01   5.84e-01   2.07e-02   4.23e-06   
7.49894e+01  4.35e-13   4.34e-01   5.51e-01   1.47e-02   4.55e-06   
8.65964e+01  4.67e-13   4.77e-01   5.16e-01   7.04e-03   4.90e-06   
1.00000e+02  4.91e-13   5.21e-01   4.78e-01   8.04e-04   5.39e-06   
1.15478e+02  1.50e-13   1.30e-03   9.99e-01   1.86e-10   2.02e-05   
1.33352e+02  1.37e-13   1.45e-03   9.99e-01   1.01e-10   2.52e-05   
1.53993e+02  1.10e-13   1.13e-03   9.99e-01   5.06e-11   3.54e-05   
1.77828e+02  6.93e-14   6.99e-04   9.99e-01   2.17e-11   6.19e-05   
2.05353e+02  2.88e-14   3.47e-04   9.99e-01   7.64e-12   1.61e-04   
2.37137e+02  1.12e-14   1.76e-04   9.99e-01   3.44e-12   4.39e-04   
2.73842e+02  5.42e-15   1.06e-04   9.99e-01   2.22e-12   9.66e-04   
3.16228e+02  2.87e-15   6.87e-05   9.98e-01   1.63e-12   1.97e-03   
3.65174e+02  1.56e-15   4.61e-05   9.96e-01   1.27e-12   4.03e-03   
4.21697e+02  8.41e-16   3.15e-05   9.91e-01   1.04e-12   8.59e-03   
4.86968e+02  4.52e-16   2.16e-05   9.81e-01   8.70e-13   1.90e-02   
5.62341e+02  2.34e-16   1.45e-05   9.56e-01   7.38e-13   4.44e-02   
6.49382e+02  1.10e-16   8.96e-06   8.88e-01   6.10e-13   1.12e-01   
7.49894e+02  4.29e-17   3.75e-06   6.64e-01   4.15e-13   3.36e-01   
8.65964e+02  1.73e-17   1.13e-07   6.88e-02   4.73e-14   9.31e-01   
1.00000e+03  1.70e-17   8.94e-09   1.11e-04   7.53e-15   1.00e+00   
1.15478e+03  1.74e-17   9.83e-09   1.11e-04   6.72e-15   1.00e+00   
1.33352e+03  1.80e-17   1.13e-08   1.17e-04   6.11e-15   1.00e+00   
1.53993e+03  1.97e-17   1.28e-08   1.21e-04   5.38e-15   1.00e+00   
1.77828e+03  2.48e-17   1.30e-08   1.17e-04   4.31e-15   1.00e+00   
2.05353e+03  3.76e-17   1.12e-08   9.47e-05   2.98e-15   1.00e+00   
2.37137e+03  5.57e-17   9.91e-09   6.57e-05   2.05e-15   1.00e+00   
2.73842e+03  5.96e-17   1.21e-08   4.41e-05   1.73e-15   1.00e+00   
3.16228e+03  5.46e-17   1.58e-08   3.83e-05   1.74e-15   1.00e+00   
3.65174e+03  5.23e-17   1.75e-08   4.15e-05   1.79e-15   1.00e+00   
4.21697e+03  4.96e-17   1.80e-08   4.60e-05   1.88e-15   1.00e+00   
4.86968e+03  4.59e-17   1.80e-08   5.05e-05   2.00e-15   1.00e+00   
5.62341e+03  4.19e-17   1.78e-08   5.47e-05   2.16e-15   1.00e+00   
6.49382e+03  3.80e-17   1.77e-08   5.76e-05   2.32e-15   1.00e+00   
7.49894e+03  3.43e-17   1.77e-08   5.95e-05   2.48e-15   1.00e+00   
8.65964e+03  3.09e-17   1.75e-08   5.99e-05   2.63e-15   1.00e+00   
1.00000e+04  2.80e-17   1.67e-08   5.86e-05   2.74e-15   1.00e+00   
1.15478e+04  2.56e-17   1.50e-08   5.51e-05   2.79e-15   1.00e+00   
1.33352e+04  2.36e-17   1.27e-08   5.00e-05   2.78e-15   1.00e+00   
1.53993e+04  2.22e-17   1.00e-08   4.38e-05   2.72e-15   1.00e+00   
1.77828e+04  2.13e-17   7.56e-09   3.74e-05   2.62e-15   1.00e+00   
2.05353e+04  2.10e-17   5.48e-09   3.13e-05   2.52e-15   1.00e+00   
2.37137e+04  2.11e-17   3.90e-09   2.61e-05   2.45e-15   1.00e+00   
2.73842e+04  2.13e-17   2.81e-09   2.20e-05   2.46e-15   1.00e+00   
3.16228e+04  2.14e-17   2.06e-09   1.88e-05   2.55e-15   1.00e+00   
3.65174e+04  2.12e-17   1.53e-09   1.65e-05   2.75e-15   1.00e+00   
4.21697e+04  2.06e-17   1.16e-09   1.47e-05   3.08e-15   1.00e+00   
4.86968e+04  1.94e-17   8.87e-10   1.34e-05   3.61e-15   1.00e+00   
5.62341e+04  1.76e-17   6.93e-10   1.25e-05   4.45e-15   1.00e+00   
6.49382e+04  1.53e-17   5.47e-10   1.20e-05   5.75e-15   1.00e+00   
7.49894e+04  1.25e-17   4.49e-10   1.19e-05   7.90e-15   1.00e+00   
8.65964e+04  9.57e-18   3.82e-10   1.22e-05   1.16e-14   1.00e+00   
1.00000e+05  6.70e-18   3.46e-10   1.31e-05   1.85e-14   1.00e+00   
1.15478e+05  4.24e-18   3.37e-10   1.46e-05   3.21e-14   1.00e+00   
1.33352e+05  2.38e-18   3.60e-10   1.70e-05   6.18e-14   1.00e+00   
1.53993e+05  1.20e-18   4.21e-10   2.06e-05   1.28e-13   1.00e+00   
1.77828e+05  5.34e-19   5.56e-10   2.62e-05   2.96e-13   1.00e+00   
2.05353e+05  1.51e-19   1.06e-09   3.89e-05   1.03e-12   1.00e+00   
2.37137e+05  2.42e-20   2.68e-09   5.04e-05   5.99e-12   1.00e+00   
2.73842e+05  2.19e-20   2.42e-09   4.79e-05   6.48e-12   1.00e+00   
3.16228e+05  2.07e-20   2.33e-09   4.67e-05   6.62e-12   1.00e+00   
3.65174e+05  2.00e-20   2.28e-09   4.64e-05   6.60e-12   1.00e+00   
4.21697e+05  1.95e-20   2.28e-09   4.68e-05   6.51e-12   1.00e+00   
4.86968e+05  1.93e-20   2.28e-09   4.74e-05   6.27e-12   1.00e+00   
5.62341e+05  1.93e-20   2.28e-09   4.82e-05   5.91e-12   1.00e+00   
6.49382e+05  1.96e-20   2.27e-09   4.89e-05   5.51e-12   1.00e+00   
7.49894e+05  2.03e-20   2.23e-09   4.98e-05   4.98e-12   1.00e+00   
8.65964e+05  4.79e-19   2.53e-10   1.74e-05   2.32e-13   1.00e+00   
1.00000e+06  1.54e-19   6.23e-10   3.03e-05   7.60e-13   1.00e+00   
1.15478e+06  1.96e-20   2.19e-09   4.54e-05   5.10e-12   1.00e+00   
1.33352e+06  1.95e-20   2.26e-09   4.80e-05   4.58e-12   1.00e+00   
1.53993e+06  2.11e-20   2.18e-09   5.02e-05   3.79e-12   1.00e+00   
1.77828e+06  2.12e-20   2.25e-09   4.38e-05   4.45e-12   1.00e+00   
2.05353e+06  1.95e-20   2.26e-09   4.78e-05   4.11e-12   1.00e+00   
2.37137e+06  5.03e-19   2.58e-10   1.76e-05   1.76e-13   1.00e+00   
2.73842e+06  1.94e-20   2.25e-09   4.73e-05   4.02e-12   1.00e+00   
3.16228e+06  3.50e-19   3.57e-10   2.16e-05   2.61e-13   1.00e+00   
3.65174e+06  1.99e-20   2.26e-09   4.93e-05   3.50e-12   1.00e+00   
4.21697e+06  1.94e-20   2.26e-09   4.74e-05   3.85e-12   1.00e+00   
4.86968e+06  1.95e-20   2.22e-09   4.60e-05   3.98e-12   1.00e+00   
5.62341e+06  1.95e-20   2.22e-09   4.63e-05   3.93e-12   1.00e+00   
6.49382e+06  1.95e-20   2.27e-09   4.82e-05   3.67e-12   1.00e+00   
7.49894e+06  4.67e-19   2.55e-10   1.76e-05   1.65e-13   1.00e+00   
8.65964e+06  1.94e-20   2.26e-09   4.78e-05   3.76e-12   1.00e+00   
1.00000e+07  1.96e-20   2.19e-09   4.56e-05   3.99e-12   1.00e+00   
1.15478e+07  1.94e-20   2.25e-09   4.70e-05   3.87e-12   1.00e+00   
1.33352e+07  2.16e-20   2.15e-09   5.05e-05   3.03e-12   1.00e+00   
1.53993e+07  1.97e-20   2.27e-09   4.91e-05   3.51e-12   1.00e+00   
1.77828e+07  2.02e-19   3.78e-10   2.71e-05   3.40e-13   1.00e+00   
2.05353e+07  1.97e-20   2.26e-09   4.88e-05   3.53e-12   1.00e+00   
2.37137e+07  5.05e-19   2.57e-10   1.75e-05   1.61e-13   1.00e+00   
2.73842e+07  4.99e-19   2.53e-10   1.73e-05   1.60e-13   1.00e+00   
