! 0       *HCO + *CH3O -> *HCOOCH3
! 1       HCOOCH3 + GRAIN -> *HCOOCH3 + GRAIN
!            tot_rate   0          1          
1.00000e+00  2.08e-26   1.00e+00   2.30e-08   
1.15478e+00  4.20e-26   1.00e+00   2.48e-08   
1.33352e+00  8.29e-26   1.00e+00   2.64e-08   
1.53993e+00  1.61e-25   1.00e+00   2.79e-08   
1.77828e+00  3.07e-25   1.00e+00   2.92e-08   
2.05353e+00  5.80e-25   1.00e+00   3.02e-08   
2.37137e+00  1.08e-24   1.00e+00   3.11e-08   
2.73842e+00  1.99e-24   1.00e+00   3.19e-08   
3.16228e+00  3.63e-24   1.00e+00   3.25e-08   
3.65174e+00  6.54e-24   1.00e+00   3.32e-08   
4.21697e+00  1.16e-23   1.00e+00   3.39e-08   
4.86968e+00  2.05e-23   1.00e+00   3.43e-08   
5.62341e+00  3.56e-23   1.00e+00   3.48e-08   
6.49382e+00  6.10e-23   1.00e+00   3.56e-08   
7.49894e+00  1.03e-22   1.00e+00   3.63e-08   
8.65964e+00  1.72e-22   1.00e+00   3.70e-08   
1.00000e+01  2.83e-22   1.00e+00   3.78e-08   
1.15478e+01  4.60e-22   1.00e+00   3.87e-08   
1.33352e+01  7.36e-22   1.00e+00   3.97e-08   
1.53993e+01  1.16e-21   1.00e+00   4.09e-08   
1.77828e+01  1.79e-21   1.00e+00   4.25e-08   
2.05353e+01  2.73e-21   1.00e+00   4.43e-08   
2.37137e+01  4.09e-21   1.00e+00   4.65e-08   
2.73842e+01  6.00e-21   1.00e+00   4.95e-08   
3.16228e+01  8.62e-21   1.00e+00   5.34e-08   
3.65174e+01  1.21e-20   1.00e+00   5.83e-08   
4.21697e+01  1.64e-20   1.00e+00   6.59e-08   
4.86968e+01  2.15e-20   1.00e+00   7.58e-08   
5.62341e+01  2.67e-20   1.00e+00   9.14e-08   
6.49382e+01  3.02e-20   1.00e+00   1.21e-07   
7.49894e+01  2.88e-20   1.00e+00   1.90e-07   
8.65964e+01  1.80e-20   1.00e+00   4.61e-07   
1.00000e+02  1.47e-21   1.00e+00   6.80e-06   
1.15478e+02  6.58e-25   9.86e-08   1.00e+00   
1.33352e+02  1.27e-24   3.46e-08   1.00e+00   
1.53993e+02  2.59e-24   1.21e-08   1.00e+00   
1.77828e+02  5.97e-24   3.94e-09   1.00e+00   
2.05353e+02  1.65e-23   1.18e-09   1.00e+00   
2.37137e+02  4.64e-23   4.01e-10   1.00e+00   
2.73842e+02  1.10e-22   1.76e-10   1.00e+00   
3.16228e+02  2.27e-22   9.38e-11   1.00e+00   
3.65174e+02  4.02e-22   6.29e-11   1.00e+00   
4.21697e+02  5.64e-22   5.98e-11   1.00e+00   
4.86968e+02  5.37e-22   9.63e-11   1.00e+00   
5.62341e+02  2.73e-22   3.30e-10   1.00e+00   
6.49382e+02  7.33e-23   2.25e-09   1.00e+00   
7.49894e+02  5.37e-23   5.61e-09   1.00e+00   
8.65964e+02  6.83e-23   8.01e-09   1.00e+00   
1.00000e+03  8.14e-23   1.14e-08   1.00e+00   
1.15478e+03  1.00e-22   1.62e-08   1.00e+00   
1.33352e+03  1.28e-22   2.25e-08   1.00e+00   
1.53993e+03  1.84e-22   2.83e-08   1.00e+00   
1.77828e+03  3.42e-22   2.77e-08   1.00e+00   
2.05353e+03  8.49e-22   2.04e-08   1.00e+00   
2.37137e+03  1.92e-21   1.63e-08   1.00e+00   
2.73842e+03  2.71e-21   2.00e-08   1.00e+00   
3.16228e+03  2.61e-21   3.34e-08   1.00e+00   
3.65174e+03  2.11e-21   6.16e-08   1.00e+00   
4.21697e+03  1.58e-21   1.15e-07   1.00e+00   
4.86968e+03  1.18e-21   2.03e-07   1.00e+00   
5.62341e+03  8.95e-22   3.33e-07   1.00e+00   
6.49382e+03  6.99e-22   5.06e-07   1.00e+00   
7.49894e+03  5.58e-22   7.13e-07   1.00e+00   
8.65964e+03  4.55e-22   9.36e-07   1.00e+00   
1.00000e+04  3.77e-22   1.14e-06   1.00e+00   
1.15478e+04  3.19e-22   1.29e-06   1.00e+00   
1.33352e+04  2.75e-22   1.35e-06   1.00e+00   
1.53993e+04  2.44e-22   1.31e-06   1.00e+00   
1.77828e+04  2.23e-22   1.17e-06   1.00e+00   
2.05353e+04  2.09e-22   1.00e-06   1.00e+00   
2.37137e+04  1.99e-22   8.24e-07   1.00e+00   
2.73842e+04  1.87e-22   6.79e-07   1.00e+00   
3.16228e+04  1.72e-22   5.65e-07   1.00e+00   
3.65174e+04  1.53e-22   4.75e-07   1.00e+00   
4.21697e+04  1.31e-22   4.03e-07   1.00e+00   
4.86968e+04  1.07e-22   3.44e-07   1.00e+00   
5.62341e+04  8.33e-23   2.93e-07   1.00e+00   
6.49382e+04  6.13e-23   2.50e-07   1.00e+00   
7.49894e+04  4.23e-23   2.13e-07   1.00e+00   
8.65964e+04  2.72e-23   1.81e-07   1.00e+00   
1.00000e+05  1.62e-23   1.54e-07   1.00e+00   
1.15478e+05  8.94e-24   1.33e-07   1.00e+00   
1.33352e+05  4.66e-24   1.18e-07   1.00e+00   
1.53993e+05  2.35e-24   1.08e-07   1.00e+00   
1.77828e+05  1.15e-24   1.05e-07   1.00e+00   
2.05353e+05  3.56e-25   1.39e-07   1.00e+00   
2.37137e+05  2.11e-26   5.64e-07   1.00e+00   
2.73842e+05  1.73e-26   5.95e-07   1.00e+00   
3.16228e+05  1.54e-26   6.69e-07   1.00e+00   
3.65174e+05  1.39e-26   7.55e-07   1.00e+00   
4.21697e+05  1.26e-26   8.41e-07   1.00e+00   
4.86968e+05  1.16e-26   9.31e-07   1.00e+00   
5.62341e+05  1.09e-26   1.01e-06   1.00e+00   
6.49382e+05  1.05e-26   1.08e-06   1.00e+00   
7.49894e+05  1.11e-26   1.05e-06   1.00e+00   
8.65964e+05  9.57e-25   8.93e-08   1.00e+00   
1.00000e+06  4.54e-25   1.10e-07   1.00e+00   
1.15478e+06  1.39e-26   7.63e-07   1.00e+00   
1.33352e+06  1.13e-26   9.82e-07   1.00e+00   
1.53993e+06  1.26e-26   9.44e-07   1.00e+00   
1.77828e+06  2.05e-26   6.49e-07   1.00e+00   
2.05353e+06  1.16e-26   9.57e-07   1.00e+00   
2.37137e+06  1.10e-24   8.95e-08   1.00e+00   
2.73842e+06  1.22e-26   8.93e-07   1.00e+00   
3.16228e+06  9.22e-25   9.30e-08   1.00e+00   
3.65174e+06  1.13e-26   1.01e-06   1.00e+00   
4.21697e+06  1.22e-26   8.93e-07   1.00e+00   
4.86968e+06  1.36e-26   7.87e-07   1.00e+00   
5.62341e+06  1.32e-26   8.18e-07   1.00e+00   
6.49382e+06  1.15e-26   9.65e-07   1.00e+00   
7.49894e+06  9.30e-25   8.85e-08   1.00e+00   
8.65964e+06  1.19e-26   9.24e-07   1.00e+00   
1.00000e+07  1.41e-26   7.52e-07   1.00e+00   
1.15478e+07  1.26e-26   8.65e-07   1.00e+00   
1.33352e+07  1.37e-26   8.83e-07   1.00e+00   
1.53993e+07  1.13e-26   1.00e-06   1.00e+00   
1.77828e+07  4.26e-25   7.84e-08   1.00e+00   
2.05353e+07  1.13e-26   1.00e-06   1.00e+00   
2.37137e+07  1.09e-24   8.94e-08   1.00e+00   
2.73842e+07  1.04e-24   8.89e-08   1.00e+00   
