592     13      
1    H              1    0    0    0    0    0    0    0    0    0    0    0    0    
2    H2             2    0    0    0    0    0    0    0    0    0    0    0    0    
3    He             0    1    0    0    0    0    0    0    0    0    0    0    0    
4    C              0    0    1    0    0    0    0    0    0    0    0    0    0    
5    CH             1    0    1    0    0    0    0    0    0    0    0    0    0    
6    N              0    0    0    1    0    0    0    0    0    0    0    0    0    
7    CH2            2    0    1    0    0    0    0    0    0    0    0    0    0    
8    NH             1    0    0    1    0    0    0    0    0    0    0    0    0    
9    CH3            3    0    1    0    0    0    0    0    0    0    0    0    0    
10   O              0    0    0    0    1    0    0    0    0    0    0    0    0    
11   CH4            4    0    1    0    0    0    0    0    0    0    0    0    0    
12   NH2            2    0    0    1    0    0    0    0    0    0    0    0    0    
13   OH             1    0    0    0    1    0    0    0    0    0    0    0    0    
14   NH3            3    0    0    1    0    0    0    0    0    0    0    0    0    
15   H2O            2    0    0    0    1    0    0    0    0    0    0    0    0    
16   Na             0    0    0    0    0    0    0    0    1    0    0    0    0    
17   C2             0    0    2    0    0    0    0    0    0    0    0    0    0    
18   Mg             0    0    0    0    0    0    0    0    0    1    0    0    0    
19   C2H            1    0    2    0    0    0    0    0    0    0    0    0    0    
20   CN             0    0    1    1    0    0    0    0    0    0    0    0    0    
21   C2H2           2    0    2    0    0    0    0    0    0    0    0    0    0    
22   HCN            1    0    1    1    0    0    0    0    0    0    0    0    0    
23   HNC            1    0    1    1    0    0    0    0    0    0    0    0    0    
24   C2H3           3    0    2    0    0    0    0    0    0    0    0    0    0    
25   CO             0    0    1    0    1    0    0    0    0    0    0    0    0    
26   N2             0    0    0    2    0    0    0    0    0    0    0    0    0    
27   Si             0    0    0    0    0    1    0    0    0    0    0    0    0    
28   C2H4           4    0    2    0    0    0    0    0    0    0    0    0    0    
29   H2CN           2    0    1    1    0    0    0    0    0    0    0    0    0    
30   HCO            1    0    1    0    1    0    0    0    0    0    0    0    0    
31   SiH            1    0    0    0    0    1    0    0    0    0    0    0    0    
32   C2H5           5    0    2    0    0    0    0    0    0    0    0    0    0    
33   CH2NH          3    0    1    1    0    0    0    0    0    0    0    0    0    
34   NO             0    0    0    1    1    0    0    0    0    0    0    0    0    
35   H2CO           2    0    1    0    1    0    0    0    0    0    0    0    0    
36   SiH2           2    0    0    0    0    1    0    0    0    0    0    0    0    
37   CH3CH3         6    0    2    0    0    0    0    0    0    0    0    0    0    
38   HNO            1    0    0    1    1    0    0    0    0    0    0    0    0    
39   CH3O           3    0    1    0    1    0    0    0    0    0    0    0    0    
40   SiH3           3    0    0    0    0    1    0    0    0    0    0    0    0    
41   CH2OH          3    0    1    0    1    0    0    0    0    0    0    0    0    
42   S              0    0    0    0    0    0    1    0    0    0    0    0    0    
43   O2             0    0    0    0    2    0    0    0    0    0    0    0    0    
44   SiH4           4    0    0    0    0    1    0    0    0    0    0    0    0    
45   CH3OH          4    0    1    0    1    0    0    0    0    0    0    0    0    
46   HS             1    0    0    0    0    0    1    0    0    0    0    0    0    
47   O2H            1    0    0    0    2    0    0    0    0    0    0    0    0    
48   H2S            2    0    0    0    0    0    1    0    0    0    0    0    0    
49   H2O2           2    0    0    0    2    0    0    0    0    0    0    0    0    
50   Cl             0    0    0    0    0    0    0    0    0    0    1    0    0    
51   C3             0    0    3    0    0    0    0    0    0    0    0    0    0    
52   HCl            1    0    0    0    0    0    0    0    0    0    1    0    0    
53   C3H            1    0    3    0    0    0    0    0    0    0    0    0    0    
54   C2N            0    0    2    1    0    0    0    0    0    0    0    0    0    
55   C3H2           2    0    3    0    0    0    0    0    0    0    0    0    0    
56   H2CCC          2    0    3    0    0    0    0    0    0    0    0    0    0    
57   CH2CCH         3    0    3    0    0    0    0    0    0    0    0    0    0    
58   C2O            0    0    2    0    1    0    0    0    0    0    0    0    0    
59   SiC            0    0    1    0    0    1    0    0    0    0    0    0    0    
60   CH2CN          2    0    2    1    0    0    0    0    0    0    0    0    0    
61   CH3CCH         4    0    3    0    0    0    0    0    0    0    0    0    0    
62   CH2CCH2        4    0    3    0    0    0    0    0    0    0    0    0    0    
63   HC2O           1    0    2    0    1    0    0    0    0    0    0    0    0    
64   HCSi           1    0    1    0    0    1    0    0    0    0    0    0    0    
65   CH3CN          3    0    2    1    0    0    0    0    0    0    0    0    0    
66   CNO            0    0    1    1    1    0    0    0    0    0    0    0    0    
67   OCN            0    0    1    1    1    0    0    0    0    0    0    0    0    
68   SiN            0    0    0    1    0    1    0    0    0    0    0    0    0    
69   CH2CO          2    0    2    0    1    0    0    0    0    0    0    0    0    
70   NH2CN          2    0    1    2    0    0    0    0    0    0    0    0    0    
71   SiCH2          2    0    1    0    0    1    0    0    0    0    0    0    0    
72   CH3CHCH2       6    0    3    0    0    0    0    0    0    0    0    0    0    
73   HCNO           1    0    1    1    1    0    0    0    0    0    0    0    0    
74   HNCO           1    0    1    1    1    0    0    0    0    0    0    0    0    
75   HNSi           1    0    0    1    0    1    0    0    0    0    0    0    0    
76   HOCN           1    0    1    1    1    0    0    0    0    0    0    0    0    
77   HONC           1    0    1    1    1    0    0    0    0    0    0    0    0    
78   CH3CO          3    0    2    0    1    0    0    0    0    0    0    0    0    
79   SiCH3          3    0    1    0    0    1    0    0    0    0    0    0    0    
80   CS             0    0    1    0    0    0    1    0    0    0    0    0    0    
81   CO2            0    0    1    0    2    0    0    0    0    0    0    0    0    
82   N2O            0    0    0    2    1    0    0    0    0    0    0    0    0    
83   SiO            0    0    0    0    1    1    0    0    0    0    0    0    0    
84   CH3CHO         4    0    2    0    1    0    0    0    0    0    0    0    0    
85   HCS            1    0    1    0    0    0    1    0    0    0    0    0    0    
86   HOCO           1    0    1    0    2    0    0    0    0    0    0    0    0    
87   CH3OCH2        5    0    2    0    1    0    0    0    0    0    0    0    0    
88   NS             0    0    0    1    0    0    1    0    0    0    0    0    0    
89   NO2            0    0    0    1    2    0    0    0    0    0    0    0    0    
90   H2CS           2    0    1    0    0    0    1    0    0    0    0    0    0    
91   H2SiO          2    0    0    0    1    1    0    0    0    0    0    0    0    
92   HCOOH          2    0    1    0    2    0    0    0    0    0    0    0    0    
93   C2H5OH         6    0    2    0    1    0    0    0    0    0    0    0    0    
94   CH3OCH3        6    0    2    0    1    0    0    0    0    0    0    0    0    
95   CCl            0    0    1    0    0    0    0    0    0    0    1    0    0    
96   C4             0    0    4    0    0    0    0    0    0    0    0    0    0    
97   SO             0    0    0    0    1    0    1    0    0    0    0    0    0    
98   C4H            1    0    4    0    0    0    0    0    0    0    0    0    0    
99   C3N            0    0    3    1    0    0    0    0    0    0    0    0    0    
100  HC4H           2    0    4    0    0    0    0    0    0    0    0    0    0    
101  ClO            0    0    0    0    1    0    0    0    0    0    1    0    0    
102  C4H3           3    0    4    0    0    0    0    0    0    0    0    0    0    
103  HC3N           1    0    3    1    0    0    0    0    0    0    0    0    0    
104  HNC3           1    0    3    1    0    0    0    0    0    0    0    0    0    
105  C3O            0    0    3    0    1    0    0    0    0    0    0    0    0    
106  NCCN           0    0    2    2    0    0    0    0    0    0    0    0    0    
107  SiC2           0    0    2    0    0    1    0    0    0    0    0    0    0    
108  CH2CHCCH       4    0    4    0    0    0    0    0    0    0    0    0    0    
109  SiC2H          1    0    2    0    0    1    0    0    0    0    0    0    0    
110  CH2CHCN        3    0    3    1    0    0    0    0    0    0    0    0    0    
111  SiNC           0    0    1    1    0    1    0    0    0    0    0    0    0    
112  SiC2H2         2    0    2    0    0    1    0    0    0    0    0    0    0    
113  CH2CHCHCH2     6    0    4    0    0    0    0    0    0    0    0    0    0    
114  C2H5CN         5    0    3    1    0    0    0    0    0    0    0    0    0    
115  Fe             0    0    0    0    0    0    0    1    0    0    0    0    0    
116  C2S            0    0    2    0    0    0    1    0    0    0    0    0    0    
117  CH3COCH3       6    0    3    0    1    0    0    0    0    0    0    0    0    
118  C5             0    0    5    0    0    0    0    0    0    0    0    0    0    
119  OCS            0    0    1    0    1    0    1    0    0    0    0    0    0    
120  SiS            0    0    0    0    0    1    1    0    0    0    0    0    0    
121  SiO2           0    0    0    0    2    1    0    0    0    0    0    0    0    
122  HCOOCH3        4    0    2    0    2    0    0    0    0    0    0    0    0    
123  C5H            1    0    5    0    0    0    0    0    0    0    0    0    0    
124  C4N            0    0    4    1    0    0    0    0    0    0    0    0    0    
125  C5H2           2    0    5    0    0    0    0    0    0    0    0    0    0    
126  S2             0    0    0    0    0    0    2    0    0    0    0    0    0    
127  SO2            0    0    0    0    2    0    1    0    0    0    0    0    0    
128  SiC3           0    0    3    0    0    1    0    0    0    0    0    0    0    
129  CH3C4H         4    0    5    0    0    0    0    0    0    0    0    0    0    
130  HS2            1    0    0    0    0    0    2    0    0    0    0    0    0    
131  SiC3H          1    0    3    0    0    1    0    0    0    0    0    0    0    
132  CH3C3N         3    0    4    1    0    0    0    0    0    0    0    0    0    
133  H2S2           2    0    0    0    0    0    2    0    0    0    0    0    0    
134  C3S            0    0    3    0    0    0    1    0    0    0    0    0    0    
135  C6             0    0    6    0    0    0    0    0    0    0    0    0    0    
136  C6H            1    0    6    0    0    0    0    0    0    0    0    0    0    
137  C5N            0    0    5    1    0    0    0    0    0    0    0    0    0    
138  C6H2           2    0    6    0    0    0    0    0    0    0    0    0    0    
139  HC5N           1    0    5    1    0    0    0    0    0    0    0    0    0    
140  SiC4           0    0    4    0    0    1    0    0    0    0    0    0    0    
141  C6H6           6    0    6    0    0    0    0    0    0    0    0    0    0    
142  C4S            0    0    4    0    0    0    1    0    0    0    0    0    0    
143  C7             0    0    7    0    0    0    0    0    0    0    0    0    0    
144  C7H            1    0    7    0    0    0    0    0    0    0    0    0    0    
145  C7H2           2    0    7    0    0    0    0    0    0    0    0    0    0    
146  CH3C6H         4    0    7    0    0    0    0    0    0    0    0    0    0    
147  CH3C5N         3    0    6    1    0    0    0    0    0    0    0    0    0    
148  C8             0    0    8    0    0    0    0    0    0    0    0    0    0    
149  C8H            1    0    8    0    0    0    0    0    0    0    0    0    0    
150  C7N            0    0    7    1    0    0    0    0    0    0    0    0    0    
151  C8H2           2    0    8    0    0    0    0    0    0    0    0    0    0    
152  HC7N           1    0    7    1    0    0    0    0    0    0    0    0    0    
153  C9             0    0    9    0    0    0    0    0    0    0    0    0    0    
154  C9H            1    0    9    0    0    0    0    0    0    0    0    0    0    
155  C9H2           2    0    9    0    0    0    0    0    0    0    0    0    0    
156  CH3C7N         3    0    8    1    0    0    0    0    0    0    0    0    0    
157  C10            0    0    10   0    0    0    0    0    0    0    0    0    0    
158  C10H           1    0    10   0    0    0    0    0    0    0    0    0    0    
159  C9N            0    0    9    1    0    0    0    0    0    0    0    0    0    
160  C10H2          2    0    10   0    0    0    0    0    0    0    0    0    0    
161  HC9N           1    0    9    1    0    0    0    0    0    0    0    0    0    
162  C11            0    0    11   0    0    0    0    0    0    0    0    0    0    
163  H+             1    0    0    0    0    0    0    0    0    0    0    0    0    
164  H2+            2    0    0    0    0    0    0    0    0    0    0    0    0    
165  H3+            3    0    0    0    0    0    0    0    0    0    0    0    0    
166  He+            0    1    0    0    0    0    0    0    0    0    0    0    0    
167  HeH+           1    1    0    0    0    0    0    0    0    0    0    0    0    
168  C+             0    0    1    0    0    0    0    0    0    0    0    0    0    
169  CH+            1    0    1    0    0    0    0    0    0    0    0    0    0    
170  N+             0    0    0    1    0    0    0    0    0    0    0    0    0    
171  CH2+           2    0    1    0    0    0    0    0    0    0    0    0    0    
172  NH+            1    0    0    1    0    0    0    0    0    0    0    0    0    
173  CH3+           3    0    1    0    0    0    0    0    0    0    0    0    0    
174  O+             0    0    0    0    1    0    0    0    0    0    0    0    0    
175  CH4+           4    0    1    0    0    0    0    0    0    0    0    0    0    
176  NH2+           2    0    0    1    0    0    0    0    0    0    0    0    0    
177  OH+            1    0    0    0    1    0    0    0    0    0    0    0    0    
178  CH5+           5    0    1    0    0    0    0    0    0    0    0    0    0    
179  NH3+           3    0    0    1    0    0    0    0    0    0    0    0    0    
180  H2O+           2    0    0    0    1    0    0    0    0    0    0    0    0    
181  NH4+           4    0    0    1    0    0    0    0    0    0    0    0    0    
182  H3O+           3    0    0    0    1    0    0    0    0    0    0    0    0    
183  Na+            0    0    0    0    0    0    0    0    1    0    0    0    0    
184  C2+            0    0    2    0    0    0    0    0    0    0    0    0    0    
185  Mg+            0    0    0    0    0    0    0    0    0    1    0    0    0    
186  C2H+           1    0    2    0    0    0    0    0    0    0    0    0    0    
187  CN+            0    0    1    1    0    0    0    0    0    0    0    0    0    
188  C2H2+          2    0    2    0    0    0    0    0    0    0    0    0    0    
189  HCN+           1    0    1    1    0    0    0    0    0    0    0    0    0    
190  C2H3+          3    0    2    0    0    0    0    0    0    0    0    0    0    
191  CO+            0    0    1    0    1    0    0    0    0    0    0    0    0    
192  N2+            0    0    0    2    0    0    0    0    0    0    0    0    0    
193  Si+            0    0    0    0    0    1    0    0    0    0    0    0    0    
194  C2H4+          4    0    2    0    0    0    0    0    0    0    0    0    0    
195  H2NC+          2    0    1    1    0    0    0    0    0    0    0    0    0    
196  HCNH+          2    0    1    1    0    0    0    0    0    0    0    0    0    
197  HCO+           1    0    1    0    1    0    0    0    0    0    0    0    0    
198  HOC+           1    0    1    0    1    0    0    0    0    0    0    0    0    
199  N2H+           1    0    0    2    0    0    0    0    0    0    0    0    0    
200  SiH+           1    0    0    0    0    1    0    0    0    0    0    0    0    
201  C2H5+          5    0    2    0    0    0    0    0    0    0    0    0    0    
202  NO+            0    0    0    1    1    0    0    0    0    0    0    0    0    
203  CH4N+          4    0    1    1    0    0    0    0    0    0    0    0    0    
204  H2CO+          2    0    1    0    1    0    0    0    0    0    0    0    0    
205  SiH2+          2    0    0    0    0    1    0    0    0    0    0    0    0    
206  CH2NH2+        4    0    1    1    0    0    0    0    0    0    0    0    0    
207  CH3CH3+        6    0    2    0    0    0    0    0    0    0    0    0    0    
208  HNO+           1    0    0    1    1    0    0    0    0    0    0    0    0    
209  C2H7+          7    0    2    0    0    0    0    0    0    0    0    0    0    
210  H3CO+          3    0    1    0    1    0    0    0    0    0    0    0    0    
211  SiH3+          3    0    0    0    0    1    0    0    0    0    0    0    0    
212  S+             0    0    0    0    0    0    1    0    0    0    0    0    0    
213  O2+            0    0    0    0    2    0    0    0    0    0    0    0    0    
214  H2NO+          2    0    0    1    1    0    0    0    0    0    0    0    0    
215  SiH4+          4    0    0    0    0    1    0    0    0    0    0    0    0    
216  CH3OH+         4    0    1    0    1    0    0    0    0    0    0    0    0    
217  HS+            1    0    0    0    0    0    1    0    0    0    0    0    0    
218  O2H+           1    0    0    0    2    0    0    0    0    0    0    0    0    
219  SiH5+          5    0    0    0    0    1    0    0    0    0    0    0    0    
220  CH3OH2+        5    0    1    0    1    0    0    0    0    0    0    0    0    
221  H2S+           2    0    0    0    0    0    1    0    0    0    0    0    0    
222  Cl+            0    0    0    0    0    0    0    0    0    0    1    0    0    
223  H3S+           3    0    0    0    0    0    1    0    0    0    0    0    0    
224  C3+            0    0    3    0    0    0    0    0    0    0    0    0    0    
225  HCl+           1    0    0    0    0    0    0    0    0    0    1    0    0    
226  C3H+           1    0    3    0    0    0    0    0    0    0    0    0    0    
227  H2Cl+          2    0    0    0    0    0    0    0    0    0    1    0    0    
228  C2N+           0    0    2    1    0    0    0    0    0    0    0    0    0    
229  CNC+           0    0    2    1    0    0    0    0    0    0    0    0    0    
230  C3H2+          2    0    3    0    0    0    0    0    0    0    0    0    0    
231  C2NH+          1    0    2    1    0    0    0    0    0    0    0    0    0    
232  C3H3+          3    0    3    0    0    0    0    0    0    0    0    0    0    
233  CH2CCH+        3    0    3    0    0    0    0    0    0    0    0    0    0    
234  C2O+           0    0    2    0    1    0    0    0    0    0    0    0    0    
235  SiC+           0    0    1    0    0    1    0    0    0    0    0    0    0    
236  C3H4+          4    0    3    0    0    0    0    0    0    0    0    0    0    
237  CH2CN+         2    0    2    1    0    0    0    0    0    0    0    0    0    
238  C3H5+          5    0    3    0    0    0    0    0    0    0    0    0    0    
239  HC2O+          1    0    2    0    1    0    0    0    0    0    0    0    0    
240  HCSi+          1    0    1    0    0    1    0    0    0    0    0    0    0    
241  CH3CN+         3    0    2    1    0    0    0    0    0    0    0    0    0    
242  OCN+           0    0    1    1    1    0    0    0    0    0    0    0    0    
243  SiN+           0    0    0    1    0    1    0    0    0    0    0    0    0    
244  C3H6+          6    0    3    0    0    0    0    0    0    0    0    0    0    
245  CH2CO+         2    0    2    0    1    0    0    0    0    0    0    0    0    
246  SiCH2+         2    0    1    0    0    1    0    0    0    0    0    0    0    
247  CH3CNH+        4    0    2    1    0    0    0    0    0    0    0    0    0    
248  C3H7+          7    0    3    0    0    0    0    0    0    0    0    0    0    
249  HCNO+          1    0    1    1    1    0    0    0    0    0    0    0    0    
250  HNCO+          1    0    1    1    1    0    0    0    0    0    0    0    0    
251  HNSi+          1    0    0    1    0    1    0    0    0    0    0    0    0    
252  HOCN+          1    0    1    1    1    0    0    0    0    0    0    0    0    
253  HONC+          1    0    1    1    1    0    0    0    0    0    0    0    0    
254  CH3CO+         3    0    2    0    1    0    0    0    0    0    0    0    0    
255  SiCH3+         3    0    1    0    0    1    0    0    0    0    0    0    0    
256  NH2CNH+        3    0    1    2    0    0    0    0    0    0    0    0    0    
257  CS+            0    0    1    0    0    0    1    0    0    0    0    0    0    
258  CO2+           0    0    1    0    2    0    0    0    0    0    0    0    0    
259  N2O+           0    0    0    2    1    0    0    0    0    0    0    0    0    
260  SiO+           0    0    0    0    1    1    0    0    0    0    0    0    0    
261  H2CNO+         2    0    1    1    1    0    0    0    0    0    0    0    0    
262  H2NCO+         2    0    1    1    1    0    0    0    0    0    0    0    0    
263  H2OCN+         2    0    1    1    1    0    0    0    0    0    0    0    0    
264  HCNOH+         2    0    1    1    1    0    0    0    0    0    0    0    0    
265  HNCOH+         2    0    1    1    1    0    0    0    0    0    0    0    0    
266  SiCH4+         4    0    1    0    0    1    0    0    0    0    0    0    0    
267  SiNH2+         2    0    0    1    0    1    0    0    0    0    0    0    0    
268  CH3CHO+        4    0    2    0    1    0    0    0    0    0    0    0    0    
269  HCS+           1    0    1    0    0    0    1    0    0    0    0    0    0    
270  HCO2+          1    0    1    0    2    0    0    0    0    0    0    0    0    
271  HN2O+          1    0    0    2    1    0    0    0    0    0    0    0    0    
272  SiOH+          1    0    0    0    1    1    0    0    0    0    0    0    0    
273  CH3CHOH+       5    0    2    0    1    0    0    0    0    0    0    0    0    
274  NS+            0    0    0    1    0    0    1    0    0    0    0    0    0    
275  NO2+           0    0    0    1    2    0    0    0    0    0    0    0    0    
276  H2CS+          2    0    1    0    0    0    1    0    0    0    0    0    0    
277  H2SiO+         2    0    0    0    1    1    0    0    0    0    0    0    0    
278  HCOOH+         2    0    1    0    2    0    0    0    0    0    0    0    0    
279  C2H5OH+        6    0    2    0    1    0    0    0    0    0    0    0    0    
280  CH3OCH3+       6    0    2    0    1    0    0    0    0    0    0    0    0    
281  CCl+           0    0    1    0    0    0    0    0    0    0    1    0    0    
282  HNS+           1    0    0    1    0    0    1    0    0    0    0    0    0    
283  H3CS+          3    0    1    0    0    0    1    0    0    0    0    0    0    
284  H3SiO+         3    0    0    0    1    1    0    0    0    0    0    0    0    
285  HCOOH2+        3    0    1    0    2    0    0    0    0    0    0    0    0    
286  C2H5OH2+       7    0    2    0    1    0    0    0    0    0    0    0    0    
287  CH3OCH4+       7    0    2    0    1    0    0    0    0    0    0    0    0    
288  C4+            0    0    4    0    0    0    0    0    0    0    0    0    0    
289  SO+            0    0    0    0    1    0    1    0    0    0    0    0    0    
290  C4H+           1    0    4    0    0    0    0    0    0    0    0    0    0    
291  HSO+           1    0    0    0    1    0    1    0    0    0    0    0    0    
292  H2CCl+         2    0    1    0    0    0    0    0    0    0    1    0    0    
293  C3N+           0    0    3    1    0    0    0    0    0    0    0    0    0    
294  C4H2+          2    0    4    0    0    0    0    0    0    0    0    0    0    
295  ClO+           0    0    0    0    1    0    0    0    0    0    1    0    0    
296  C4H3+          3    0    4    0    0    0    0    0    0    0    0    0    0    
297  HC3N+          1    0    3    1    0    0    0    0    0    0    0    0    0    
298  C3O+           0    0    3    0    1    0    0    0    0    0    0    0    0    
299  C2N2+          0    0    2    2    0    0    0    0    0    0    0    0    0    
300  C4H4+          4    0    4    0    0    0    0    0    0    0    0    0    0    
301  SiC2+          0    0    2    0    0    1    0    0    0    0    0    0    0    
302  HC3NH+         2    0    3    1    0    0    0    0    0    0    0    0    0    
303  C4H5+          5    0    4    0    0    0    0    0    0    0    0    0    0    
304  HC3O+          1    0    3    0    1    0    0    0    0    0    0    0    0    
305  NCCNH+         1    0    2    2    0    0    0    0    0    0    0    0    0    
306  SiC2H+         1    0    2    0    0    1    0    0    0    0    0    0    0    
307  CH2CHCN+       3    0    3    1    0    0    0    0    0    0    0    0    0    
308  SiNC+          0    0    1    1    0    1    0    0    0    0    0    0    0    
309  C3H2O+         2    0    3    0    1    0    0    0    0    0    0    0    0    
310  SiC2H2+        2    0    2    0    0    1    0    0    0    0    0    0    0    
311  CH2CHCNH+      4    0    3    1    0    0    0    0    0    0    0    0    0    
312  C4H7+          7    0    4    0    0    0    0    0    0    0    0    0    0    
313  H3C3O+         3    0    3    0    1    0    0    0    0    0    0    0    0    
314  SiNCH+         1    0    1    1    0    1    0    0    0    0    0    0    0    
315  SiC2H3+        3    0    2    0    0    1    0    0    0    0    0    0    0    
316  Fe+            0    0    0    0    0    0    0    1    0    0    0    0    0    
317  C2S+           0    0    2    0    0    0    1    0    0    0    0    0    0    
318  C2H5CNH+       6    0    3    1    0    0    0    0    0    0    0    0    0    
319  HC2S+          1    0    2    0    0    0    1    0    0    0    0    0    0    
320  CH3COCH3+      6    0    3    0    1    0    0    0    0    0    0    0    0    
321  CH3CS+         3    0    2    0    0    0    1    0    0    0    0    0    0    
322  CH3COCH4+      7    0    3    0    1    0    0    0    0    0    0    0    0    
323  C5+            0    0    5    0    0    0    0    0    0    0    0    0    0    
324  OCS+           0    0    1    0    1    0    1    0    0    0    0    0    0    
325  SiS+           0    0    0    0    0    1    1    0    0    0    0    0    0    
326  COOCH4+        4    0    2    0    2    0    0    0    0    0    0    0    0    
327  C5H+           1    0    5    0    0    0    0    0    0    0    0    0    0    
328  HOCS+          1    0    1    0    1    0    1    0    0    0    0    0    0    
329  HSiS+          1    0    0    0    0    1    1    0    0    0    0    0    0    
330  HSiO2+         1    0    0    0    2    1    0    0    0    0    0    0    0    
331  H5C2O2+        5    0    2    0    2    0    0    0    0    0    0    0    0    
332  C4N+           0    0    4    1    0    0    0    0    0    0    0    0    0    
333  C5H2+          2    0    5    0    0    0    0    0    0    0    0    0    0    
334  C5H3+          3    0    5    0    0    0    0    0    0    0    0    0    0    
335  HC4N+          1    0    4    1    0    0    0    0    0    0    0    0    0    
336  S2+            0    0    0    0    0    0    2    0    0    0    0    0    0    
337  SO2+           0    0    0    0    2    0    1    0    0    0    0    0    0    
338  SiC3+          0    0    3    0    0    1    0    0    0    0    0    0    0    
339  H2C4N+         2    0    4    1    0    0    0    0    0    0    0    0    0    
340  CH3C4H+        4    0    5    0    0    0    0    0    0    0    0    0    0    
341  HS2+           1    0    0    0    0    0    2    0    0    0    0    0    0    
342  C5H5+          5    0    5    0    0    0    0    0    0    0    0    0    0    
343  HSO2+          1    0    0    0    2    0    1    0    0    0    0    0    0    
344  SiC3H+         1    0    3    0    0    1    0    0    0    0    0    0    0    
345  CH3C3N+        3    0    4    1    0    0    0    0    0    0    0    0    0    
346  H2S2+          2    0    0    0    0    0    2    0    0    0    0    0    0    
347  SiC3H2+        2    0    3    0    0    1    0    0    0    0    0    0    0    
348  CH3C3NH+       4    0    4    1    0    0    0    0    0    0    0    0    0    
349  H3S2+          3    0    0    0    0    0    2    0    0    0    0    0    0    
350  NCCNCH3+       3    0    3    2    0    0    0    0    0    0    0    0    0    
351  C3S+           0    0    3    0    0    0    1    0    0    0    0    0    0    
352  HC3S+          1    0    3    0    0    0    1    0    0    0    0    0    0    
353  C6+            0    0    6    0    0    0    0    0    0    0    0    0    0    
354  C6H+           1    0    6    0    0    0    0    0    0    0    0    0    0    
355  C5N+           0    0    5    1    0    0    0    0    0    0    0    0    0    
356  C6H2+          2    0    6    0    0    0    0    0    0    0    0    0    0    
357  C6H3+          3    0    6    0    0    0    0    0    0    0    0    0    0    
358  HC5N+          1    0    5    1    0    0    0    0    0    0    0    0    0    
359  C6H4+          4    0    6    0    0    0    0    0    0    0    0    0    0    
360  SiC4+          0    0    4    0    0    1    0    0    0    0    0    0    0    
361  HC5NH+         2    0    5    1    0    0    0    0    0    0    0    0    0    
362  C6H5+          5    0    6    0    0    0    0    0    0    0    0    0    0    
363  H3C5N+         3    0    5    1    0    0    0    0    0    0    0    0    0    
364  SiC4H+         1    0    4    0    0    1    0    0    0    0    0    0    0    
365  C6H6+          6    0    6    0    0    0    0    0    0    0    0    0    0    
366  C6H7+          7    0    6    0    0    0    0    0    0    0    0    0    0    
367  C4S+           0    0    4    0    0    0    1    0    0    0    0    0    0    
368  HC4S+          1    0    4    0    0    0    1    0    0    0    0    0    0    
369  C7+            0    0    7    0    0    0    0    0    0    0    0    0    0    
370  C7H+           1    0    7    0    0    0    0    0    0    0    0    0    0    
371  C7H2+          2    0    7    0    0    0    0    0    0    0    0    0    0    
372  C7H3+          3    0    7    0    0    0    0    0    0    0    0    0    0    
373  C7H4+          4    0    7    0    0    0    0    0    0    0    0    0    0    
374  C7H5+          5    0    7    0    0    0    0    0    0    0    0    0    0    
375  CH3C5NH+       4    0    6    1    0    0    0    0    0    0    0    0    0    
376  C8+            0    0    8    0    0    0    0    0    0    0    0    0    0    
377  C8H+           1    0    8    0    0    0    0    0    0    0    0    0    0    
378  C7N+           0    0    7    1    0    0    0    0    0    0    0    0    0    
379  C8H2+          2    0    8    0    0    0    0    0    0    0    0    0    0    
380  C8H3+          3    0    8    0    0    0    0    0    0    0    0    0    0    
381  HC7N+          1    0    7    1    0    0    0    0    0    0    0    0    0    
382  C8H4+          4    0    8    0    0    0    0    0    0    0    0    0    0    
383  H2C7N+         2    0    7    1    0    0    0    0    0    0    0    0    0    
384  C8H5+          5    0    8    0    0    0    0    0    0    0    0    0    0    
385  H3C7N+         3    0    7    1    0    0    0    0    0    0    0    0    0    
386  C9+            0    0    9    0    0    0    0    0    0    0    0    0    0    
387  C9H+           1    0    9    0    0    0    0    0    0    0    0    0    0    
388  C9H2+          2    0    9    0    0    0    0    0    0    0    0    0    0    
389  C9H3+          3    0    9    0    0    0    0    0    0    0    0    0    0    
390  C9H4+          4    0    9    0    0    0    0    0    0    0    0    0    0    
391  C9H5+          5    0    9    0    0    0    0    0    0    0    0    0    0    
392  CH3C7NH+       4    0    8    1    0    0    0    0    0    0    0    0    0    
393  C10+           0    0    10   0    0    0    0    0    0    0    0    0    0    
394  C10H+          1    0    10   0    0    0    0    0    0    0    0    0    0    
395  C9N+           0    0    9    1    0    0    0    0    0    0    0    0    0    
396  C10H2+         2    0    10   0    0    0    0    0    0    0    0    0    0    
397  HC9N+          1    0    9    1    0    0    0    0    0    0    0    0    0    
398  C10H3+         3    0    10   0    0    0    0    0    0    0    0    0    0    
399  H2C9N+         2    0    9    1    0    0    0    0    0    0    0    0    0    
400  H3C9N+         3    0    9    1    0    0    0    0    0    0    0    0    0    
401  C11+           0    0    11   0    0    0    0    0    0    0    0    0    0    
402  e-             0    0    0    0    0    0    0    0    0    0    0    0    0    
403  H-             1    0    0    0    0    0    0    0    0    0    0    0    0    
404  C-             0    0    1    0    0    0    0    0    0    0    0    0    0    
405  CH-            1    0    1    0    0    0    0    0    0    0    0    0    0    
406  O-             0    0    0    0    1    0    0    0    0    0    0    0    0    
407  OH-            1    0    0    0    1    0    0    0    0    0    0    0    0    
408  C2-            0    0    2    0    0    0    0    0    0    0    0    0    0    
409  C2H-           1    0    2    0    0    0    0    0    0    0    0    0    0    
410  CN-            0    0    1    1    0    0    0    0    0    0    0    0    0    
411  S-             0    0    0    0    0    0    1    0    0    0    0    0    0    
412  O2-            0    0    0    0    2    0    0    0    0    0    0    0    0    
413  C3-            0    0    3    0    0    0    0    0    0    0    0    0    0    
414  C3H-           1    0    3    0    0    0    0    0    0    0    0    0    0    
415  C4-            0    0    4    0    0    0    0    0    0    0    0    0    0    
416  C4H-           1    0    4    0    0    0    0    0    0    0    0    0    0    
417  C3N-           0    0    3    1    0    0    0    0    0    0    0    0    0    
418  C5-            0    0    5    0    0    0    0    0    0    0    0    0    0    
419  C5H-           1    0    5    0    0    0    0    0    0    0    0    0    0    
420  C6-            0    0    6    0    0    0    0    0    0    0    0    0    0    
421  C6H-           1    0    6    0    0    0    0    0    0    0    0    0    0    
422  C5N-           0    0    5    1    0    0    0    0    0    0    0    0    0    
423  C7-            0    0    7    0    0    0    0    0    0    0    0    0    0    
424  C7H-           1    0    7    0    0    0    0    0    0    0    0    0    0    
425  C8-            0    0    8    0    0    0    0    0    0    0    0    0    0    
426  C8H-           1    0    8    0    0    0    0    0    0    0    0    0    0    
427  C9-            0    0    9    0    0    0    0    0    0    0    0    0    0    
428  C9H-           1    0    9    0    0    0    0    0    0    0    0    0    0    
429  C10-           0    0    10   0    0    0    0    0    0    0    0    0    0    
430  C10H-          1    0    10   0    0    0    0    0    0    0    0    0    0    
431  *H             1    0    0    0    0    0    0    0    0    0    0    0    0    
432  *H2            2    0    0    0    0    0    0    0    0    0    0    0    0    
433  *He            0    1    0    0    0    0    0    0    0    0    0    0    0    
434  *C             0    0    1    0    0    0    0    0    0    0    0    0    0    
435  *CH            1    0    1    0    0    0    0    0    0    0    0    0    0    
436  *N             0    0    0    1    0    0    0    0    0    0    0    0    0    
437  *CH2           2    0    1    0    0    0    0    0    0    0    0    0    0    
438  *NH            1    0    0    1    0    0    0    0    0    0    0    0    0    
439  *CH3           3    0    1    0    0    0    0    0    0    0    0    0    0    
440  *O             0    0    0    0    1    0    0    0    0    0    0    0    0    
441  *CH4           4    0    1    0    0    0    0    0    0    0    0    0    0    
442  *NH2           2    0    0    1    0    0    0    0    0    0    0    0    0    
443  *OH            1    0    0    0    1    0    0    0    0    0    0    0    0    
444  *NH3           3    0    0    1    0    0    0    0    0    0    0    0    0    
445  *H2O           2    0    0    0    1    0    0    0    0    0    0    0    0    
446  *Na            0    0    0    0    0    0    0    0    1    0    0    0    0    
447  *C2            0    0    2    0    0    0    0    0    0    0    0    0    0    
448  *Mg            0    0    0    0    0    0    0    0    0    1    0    0    0    
449  *C2H           1    0    2    0    0    0    0    0    0    0    0    0    0    
450  *CN            0    0    1    1    0    0    0    0    0    0    0    0    0    
451  *C2H2          2    0    2    0    0    0    0    0    0    0    0    0    0    
452  *HCN           1    0    1    1    0    0    0    0    0    0    0    0    0    
453  *HNC           1    0    1    1    0    0    0    0    0    0    0    0    0    
454  *C2H3          3    0    2    0    0    0    0    0    0    0    0    0    0    
455  *CO            0    0    1    0    1    0    0    0    0    0    0    0    0    
456  *N2            0    0    0    2    0    0    0    0    0    0    0    0    0    
457  *Si            0    0    0    0    0    1    0    0    0    0    0    0    0    
458  *C2H4          4    0    2    0    0    0    0    0    0    0    0    0    0    
459  *H2CN          2    0    1    1    0    0    0    0    0    0    0    0    0    
460  *HCO           1    0    1    0    1    0    0    0    0    0    0    0    0    
461  *SiH           1    0    0    0    0    1    0    0    0    0    0    0    0    
462  *C2H5          5    0    2    0    0    0    0    0    0    0    0    0    0    
463  *CH2NH         3    0    1    1    0    0    0    0    0    0    0    0    0    
464  *NO            0    0    0    1    1    0    0    0    0    0    0    0    0    
465  *H2CO          2    0    1    0    1    0    0    0    0    0    0    0    0    
466  *SiH2          2    0    0    0    0    1    0    0    0    0    0    0    0    
467  *CH3CH3        6    0    2    0    0    0    0    0    0    0    0    0    0    
468  *HNO           1    0    0    1    1    0    0    0    0    0    0    0    0    
469  *CH3O          3    0    1    0    1    0    0    0    0    0    0    0    0    
470  *SiH3          3    0    0    0    0    1    0    0    0    0    0    0    0    
471  *CH2OH         3    0    1    0    1    0    0    0    0    0    0    0    0    
472  *S             0    0    0    0    0    0    1    0    0    0    0    0    0    
473  *O2            0    0    0    0    2    0    0    0    0    0    0    0    0    
474  *SiH4          4    0    0    0    0    1    0    0    0    0    0    0    0    
475  *CH3OH         4    0    1    0    1    0    0    0    0    0    0    0    0    
476  *HS            1    0    0    0    0    0    1    0    0    0    0    0    0    
477  *O2H           1    0    0    0    2    0    0    0    0    0    0    0    0    
478  *H2S           2    0    0    0    0    0    1    0    0    0    0    0    0    
479  *H2O2          2    0    0    0    2    0    0    0    0    0    0    0    0    
480  *Cl            0    0    0    0    0    0    0    0    0    0    1    0    0    
481  *C3            0    0    3    0    0    0    0    0    0    0    0    0    0    
482  *HCl           1    0    0    0    0    0    0    0    0    0    1    0    0    
483  *C3H           1    0    3    0    0    0    0    0    0    0    0    0    0    
484  *C2N           0    0    2    1    0    0    0    0    0    0    0    0    0    
485  *C3H2          2    0    3    0    0    0    0    0    0    0    0    0    0    
486  *H2CCC         2    0    3    0    0    0    0    0    0    0    0    0    0    
487  *CH2CCH        3    0    3    0    0    0    0    0    0    0    0    0    0    
488  *C2O           0    0    2    0    1    0    0    0    0    0    0    0    0    
489  *SiC           0    0    1    0    0    1    0    0    0    0    0    0    0    
490  *CH2CN         2    0    2    1    0    0    0    0    0    0    0    0    0    
491  *CH3CCH        4    0    3    0    0    0    0    0    0    0    0    0    0    
492  *CH2CCH2       4    0    3    0    0    0    0    0    0    0    0    0    0    
493  *HC2O          1    0    2    0    1    0    0    0    0    0    0    0    0    
494  *HCSi          1    0    1    0    0    1    0    0    0    0    0    0    0    
495  *CH3CN         3    0    2    1    0    0    0    0    0    0    0    0    0    
496  *CNO           0    0    1    1    1    0    0    0    0    0    0    0    0    
497  *OCN           0    0    1    1    1    0    0    0    0    0    0    0    0    
498  *SiN           0    0    0    1    0    1    0    0    0    0    0    0    0    
499  *CH2CO         2    0    2    0    1    0    0    0    0    0    0    0    0    
500  *NH2CN         2    0    1    2    0    0    0    0    0    0    0    0    0    
501  *SiCH2         2    0    1    0    0    1    0    0    0    0    0    0    0    
502  *CH3CHCH2      6    0    3    0    0    0    0    0    0    0    0    0    0    
503  *HCNO          1    0    1    1    1    0    0    0    0    0    0    0    0    
504  *HNCO          1    0    1    1    1    0    0    0    0    0    0    0    0    
505  *HNSi          1    0    0    1    0    1    0    0    0    0    0    0    0    
506  *HOCN          1    0    1    1    1    0    0    0    0    0    0    0    0    
507  *HONC          1    0    1    1    1    0    0    0    0    0    0    0    0    
508  *CH3CO         3    0    2    0    1    0    0    0    0    0    0    0    0    
509  *SiCH3         3    0    1    0    0    1    0    0    0    0    0    0    0    
510  *CS            0    0    1    0    0    0    1    0    0    0    0    0    0    
511  *CO2           0    0    1    0    2    0    0    0    0    0    0    0    0    
512  *N2O           0    0    0    2    1    0    0    0    0    0    0    0    0    
513  *SiO           0    0    0    0    1    1    0    0    0    0    0    0    0    
514  *CH3CHO        4    0    2    0    1    0    0    0    0    0    0    0    0    
515  *HCS           1    0    1    0    0    0    1    0    0    0    0    0    0    
516  *HOCO          1    0    1    0    2    0    0    0    0    0    0    0    0    
517  *CH3OCH2       5    0    2    0    1    0    0    0    0    0    0    0    0    
518  *NS            0    0    0    1    0    0    1    0    0    0    0    0    0    
519  *NO2           0    0    0    1    2    0    0    0    0    0    0    0    0    
520  *H2CS          2    0    1    0    0    0    1    0    0    0    0    0    0    
521  *H2SiO         2    0    0    0    1    1    0    0    0    0    0    0    0    
522  *HCOOH         2    0    1    0    2    0    0    0    0    0    0    0    0    
523  *C2H5OH        6    0    2    0    1    0    0    0    0    0    0    0    0    
524  *CH3OCH3       6    0    2    0    1    0    0    0    0    0    0    0    0    
525  *CCl           0    0    1    0    0    0    0    0    0    0    1    0    0    
526  *C4            0    0    4    0    0    0    0    0    0    0    0    0    0    
527  *SO            0    0    0    0    1    0    1    0    0    0    0    0    0    
528  *C4H           1    0    4    0    0    0    0    0    0    0    0    0    0    
529  *C3N           0    0    3    1    0    0    0    0    0    0    0    0    0    
530  *HC4H          2    0    4    0    0    0    0    0    0    0    0    0    0    
531  *ClO           0    0    0    0    1    0    0    0    0    0    1    0    0    
532  *C4H3          3    0    4    0    0    0    0    0    0    0    0    0    0    
533  *HC3N          1    0    3    1    0    0    0    0    0    0    0    0    0    
534  *HNC3          1    0    3    1    0    0    0    0    0    0    0    0    0    
535  *C3O           0    0    3    0    1    0    0    0    0    0    0    0    0    
536  *NCCN          0    0    2    2    0    0    0    0    0    0    0    0    0    
537  *SiC2          0    0    2    0    0    1    0    0    0    0    0    0    0    
538  *CH2CHCCH      4    0    4    0    0    0    0    0    0    0    0    0    0    
539  *SiC2H         1    0    2    0    0    1    0    0    0    0    0    0    0    
540  *CH2CHCN       3    0    3    1    0    0    0    0    0    0    0    0    0    
541  *SiNC          0    0    1    1    0    1    0    0    0    0    0    0    0    
542  *SiC2H2        2    0    2    0    0    1    0    0    0    0    0    0    0    
543  *CH2CHCHCH2    6    0    4    0    0    0    0    0    0    0    0    0    0    
544  *C2H5CN        5    0    3    1    0    0    0    0    0    0    0    0    0    
545  *Fe            0    0    0    0    0    0    0    1    0    0    0    0    0    
546  *C2S           0    0    2    0    0    0    1    0    0    0    0    0    0    
547  *CH3COCH3      6    0    3    0    1    0    0    0    0    0    0    0    0    
548  *C5            0    0    5    0    0    0    0    0    0    0    0    0    0    
549  *OCS           0    0    1    0    1    0    1    0    0    0    0    0    0    
550  *SiS           0    0    0    0    0    1    1    0    0    0    0    0    0    
551  *SiO2          0    0    0    0    2    1    0    0    0    0    0    0    0    
552  *HCOOCH3       4    0    2    0    2    0    0    0    0    0    0    0    0    
553  *C5H           1    0    5    0    0    0    0    0    0    0    0    0    0    
554  *C4N           0    0    4    1    0    0    0    0    0    0    0    0    0    
555  *C5H2          2    0    5    0    0    0    0    0    0    0    0    0    0    
556  *S2            0    0    0    0    0    0    2    0    0    0    0    0    0    
557  *SO2           0    0    0    0    2    0    1    0    0    0    0    0    0    
558  *SiC3          0    0    3    0    0    1    0    0    0    0    0    0    0    
559  *CH3C4H        4    0    5    0    0    0    0    0    0    0    0    0    0    
560  *HS2           1    0    0    0    0    0    2    0    0    0    0    0    0    
561  *SiC3H         1    0    3    0    0    1    0    0    0    0    0    0    0    
562  *CH3C3N        3    0    4    1    0    0    0    0    0    0    0    0    0    
563  *H2S2          2    0    0    0    0    0    2    0    0    0    0    0    0    
564  *C3S           0    0    3    0    0    0    1    0    0    0    0    0    0    
565  *C6            0    0    6    0    0    0    0    0    0    0    0    0    0    
566  *C6H           1    0    6    0    0    0    0    0    0    0    0    0    0    
567  *C5N           0    0    5    1    0    0    0    0    0    0    0    0    0    
568  *C6H2          2    0    6    0    0    0    0    0    0    0    0    0    0    
569  *HC5N          1    0    5    1    0    0    0    0    0    0    0    0    0    
570  *SiC4          0    0    4    0    0    1    0    0    0    0    0    0    0    
571  *C6H6          6    0    6    0    0    0    0    0    0    0    0    0    0    
572  *C4S           0    0    4    0    0    0    1    0    0    0    0    0    0    
573  *C7            0    0    7    0    0    0    0    0    0    0    0    0    0    
574  *C7H           1    0    7    0    0    0    0    0    0    0    0    0    0    
575  *C7H2          2    0    7    0    0    0    0    0    0    0    0    0    0    
576  *CH3C6H        4    0    7    0    0    0    0    0    0    0    0    0    0    
577  *CH3C5N        3    0    6    1    0    0    0    0    0    0    0    0    0    
578  *C8            0    0    8    0    0    0    0    0    0    0    0    0    0    
579  *C8H           1    0    8    0    0    0    0    0    0    0    0    0    0    
580  *C7N           0    0    7    1    0    0    0    0    0    0    0    0    0    
581  *C8H2          2    0    8    0    0    0    0    0    0    0    0    0    0    
582  *HC7N          1    0    7    1    0    0    0    0    0    0    0    0    0    
583  *C9            0    0    9    0    0    0    0    0    0    0    0    0    0    
584  *C9H           1    0    9    0    0    0    0    0    0    0    0    0    0    
585  *C9H2          2    0    9    0    0    0    0    0    0    0    0    0    0    
586  *CH3C7N        3    0    8    1    0    0    0    0    0    0    0    0    0    
587  *C10           0    0    10   0    0    0    0    0    0    0    0    0    0    
588  *C10H          1    0    10   0    0    0    0    0    0    0    0    0    0    
589  *C9N           0    0    9    1    0    0    0    0    0    0    0    0    0    
590  *C10H2         2    0    10   0    0    0    0    0    0    0    0    0    0    
591  *HC9N          1    0    9    1    0    0    0    0    0    0    0    0    0    
592  *C11           0    0    11   0    0    0    0    0    0    0    0    0    0    
