! p1 - total abundance of grain mantle molecules, [molecules/H]
! p2 - abundance of hydrocarbon molecules in ice mantles, CnHm, n >=2,  [molecules/H]
! p3 - parameter of H2 formation on grains (reaction *H+*H), rate = a*n_H_tot*n_H, a [cm3 s-1]
! p4 - electron concentration, [cm-3]
! p5 - ion concentration (without PAHs and small grains), [cm-3]
! p6 - total electric charge of grains, [cm-3]
!1             2             3             4             5             6             7             8             9             10            
!time(yrs)     T_n           T_i           T_e           p1            p2            p3            p4            p5            p6            
1.0000000e+00  1.00186e+01   1.00407e+01   1.00407e+01   5.89151e-09   5.36079e-14   3.18610e-21   8.29788e+00   8.29788e+00   -6.62131e-07  
1.0746078e+00  1.00202e+01   1.00427e+01   1.00427e+01   6.33134e-09   6.43845e-14   3.37976e-21   8.28970e+00   8.28970e+00   -6.62136e-07  
1.1547820e+00  1.00220e+01   1.00448e+01   1.00448e+01   6.80405e-09   7.70658e-14   3.58581e-21   8.28090e+00   8.28090e+00   -6.62142e-07  
1.2409378e+00  1.00239e+01   1.00471e+01   1.00471e+01   7.31208e-09   9.19122e-14   3.80053e-21   8.27143e+00   8.27143e+00   -6.62148e-07  
1.3335214e+00  1.00259e+01   1.00495e+01   1.00495e+01   7.85809e-09   1.09202e-13   3.99725e-21   8.26125e+00   8.26125e+00   -6.62154e-07  
1.4330126e+00  1.00282e+01   1.00522e+01   1.00522e+01   8.44491e-09   1.29231e-13   4.27156e-21   8.25030e+00   8.25030e+00   -6.62161e-07  
1.5399265e+00  1.00306e+01   1.00550e+01   1.00550e+01   9.07561e-09   1.52314e-13   4.53011e-21   8.23853e+00   8.23853e+00   -6.62169e-07  
1.6548171e+00  1.00333e+01   1.00581e+01   1.00581e+01   9.75347e-09   1.78788e-13   4.80441e-21   8.22587e+00   8.22587e+00   -6.62177e-07  
1.7782794e+00  1.00362e+01   1.00615e+01   1.00615e+01   1.04820e-08   2.09026e-13   5.09882e-21   8.21227e+00   8.21227e+00   -6.62186e-07  
1.9109530e+00  1.00394e+01   1.00651e+01   1.00651e+01   1.12651e-08   2.43447e-13   5.41763e-21   8.19765e+00   8.19765e+00   -6.62196e-07  
2.0535250e+00  1.00428e+01   1.00690e+01   1.00690e+01   1.21067e-08   2.82542e-13   5.76634e-21   8.18194e+00   8.18194e+00   -6.62206e-07  
2.2067341e+00  1.00466e+01   1.00732e+01   1.00732e+01   1.30112e-08   3.26910e-13   6.15273e-21   8.16507e+00   8.16507e+00   -6.62217e-07  
2.3713737e+00  1.00507e+01   1.00778e+01   1.00778e+01   1.39834e-08   3.77281e-13   6.58708e-21   8.14696e+00   8.14696e+00   -6.62230e-07  
2.5482967e+00  1.00552e+01   1.00828e+01   1.00828e+01   1.50282e-08   4.34563e-13   7.08331e-21   8.12752e+00   8.12752e+00   -6.62243e-07  
2.7384196e+00  1.00601e+01   1.00881e+01   1.00881e+01   1.61512e-08   4.99875e-13   7.66008e-21   8.10666e+00   8.10666e+00   -6.62258e-07  
2.9427272e+00  1.00654e+01   1.00939e+01   1.00939e+01   1.73580e-08   5.74577e-13   8.34238e-21   8.08429e+00   8.08429e+00   -6.62273e-07  
3.1622777e+00  1.00712e+01   1.01002e+01   1.01002e+01   1.86549e-08   6.60291e-13   9.16346e-21   8.06031e+00   8.06031e+00   -6.62290e-07  
3.3982083e+00  1.00775e+01   1.01070e+01   1.01070e+01   2.00485e-08   7.58914e-13   1.01674e-20   8.03462e+00   8.03462e+00   -6.62309e-07  
3.6517413e+00  1.00844e+01   1.01143e+01   1.01143e+01   2.15459e-08   8.72633e-13   1.14117e-20   8.00711e+00   8.00711e+00   -6.62329e-07  
3.9241898e+00  1.00919e+01   1.01222e+01   1.01222e+01   2.31545e-08   1.00394e-12   1.29717e-20   7.97766e+00   7.97766e+00   -6.62351e-07  
4.2169650e+00  1.01000e+01   1.01308e+01   1.01308e+01   2.48822e-08   1.15564e-12   1.49444e-20   7.94617e+00   7.94617e+00   -6.62375e-07  
4.5315836e+00  1.01088e+01   1.01401e+01   1.01401e+01   2.67375e-08   1.33092e-12   1.74528e-20   7.91250e+00   7.91251e+00   -6.62400e-07  
4.8696753e+00  1.01184e+01   1.01502e+01   1.01502e+01   2.87292e-08   1.53332e-12   2.06577e-20   7.87654e+00   7.87654e+00   -6.62428e-07  
5.2329911e+00  1.01287e+01   1.01610e+01   1.01610e+01   3.08664e-08   1.76684e-12   2.47290e-20   7.83816e+00   7.83816e+00   -6.62459e-07  
5.6234133e+00  1.01400e+01   1.01728e+01   1.01728e+01   3.31587e-08   2.03595e-12   2.99096e-20   7.79721e+00   7.79722e+00   -6.62491e-07  
6.0429639e+00  1.01522e+01   1.01855e+01   1.01855e+01   3.56161e-08   2.34564e-12   3.64498e-20   7.75357e+00   7.75358e+00   -6.62527e-07  
6.4938163e+00  1.01654e+01   1.01992e+01   1.01992e+01   3.82490e-08   2.70149e-12   4.46277e-20   7.70710e+00   7.70711e+00   -6.62566e-07  
6.9783058e+00  1.01798e+01   1.02141e+01   1.02141e+01   4.10681e-08   3.10973e-12   5.47223e-20   7.65766e+00   7.65766e+00   -6.62608e-07  
7.4989421e+00  1.01953e+01   1.02302e+01   1.02302e+01   4.40848e-08   3.57734e-12   6.69822e-20   7.60510e+00   7.60510e+00   -6.62654e-07  
8.0584219e+00  1.02121e+01   1.02475e+01   1.02475e+01   4.73114e-08   4.11206e-12   8.15843e-20   7.54928e+00   7.54928e+00   -6.62704e-07  
8.6596432e+00  1.02303e+01   1.02663e+01   1.02663e+01   5.07610e-08   4.72261e-12   9.85880e-20   7.49005e+00   7.49005e+00   -6.62758e-07  
9.3057204e+00  1.02499e+01   1.02866e+01   1.02866e+01   5.44485e-08   5.41871e-12   1.17898e-19   7.42727e+00   7.42728e+00   -6.62816e-07  
1.0000000e+01  1.02712e+01   1.03084e+01   1.03084e+01   5.83907e-08   6.21131e-12   1.39253e-19   7.36081e+00   7.36081e+00   -6.62880e-07  
1.0746078e+01  1.02941e+01   1.03321e+01   1.03321e+01   6.26064e-08   7.11274e-12   1.62244e-19   7.29052e+00   7.29052e+00   -6.62949e-07  
1.1547820e+01  1.03189e+01   1.03576e+01   1.03576e+01   6.71170e-08   8.13692e-12   1.86387e-19   7.21626e+00   7.21627e+00   -6.63023e-07  
1.2409378e+01  1.03457e+01   1.03851e+01   1.03851e+01   7.19460e-08   9.29966e-12   2.11211e-19   7.13791e+00   7.13792e+00   -6.63104e-07  
1.3335214e+01  1.03745e+01   1.04149e+01   1.04149e+01   7.71189e-08   1.06190e-11   2.36359e-19   7.05535e+00   7.05536e+00   -6.63192e-07  
1.4330126e+01  1.04057e+01   1.04469e+01   1.04469e+01   8.26625e-08   1.21154e-11   2.61647e-19   6.96846e+00   6.96847e+00   -6.63288e-07  
1.5399265e+01  1.04393e+01   1.04815e+01   1.04815e+01   8.86044e-08   1.38124e-11   2.87076e-19   6.87714e+00   6.87714e+00   -6.63391e-07  
1.6548171e+01  1.04755e+01   1.05187e+01   1.05187e+01   9.49729e-08   1.57372e-11   3.12784e-19   6.78129e+00   6.78129e+00   -6.63503e-07  
1.7782794e+01  1.05146e+01   1.05589e+01   1.05589e+01   1.01797e-07   1.79207e-11   3.38982e-19   6.68082e+00   6.68083e+00   -6.63563e-07  
1.9109530e+01  1.05567e+01   1.06022e+01   1.06022e+01   1.09108e-07   2.03990e-11   3.65894e-19   6.57567e+00   6.57568e+00   -6.63615e-07  
2.0535250e+01  1.06020e+01   1.06488e+01   1.06488e+01   1.16937e-07   2.32134e-11   3.93732e-19   6.46577e+00   6.46578e+00   -6.63672e-07  
2.2067341e+01  1.06508e+01   1.06990e+01   1.06990e+01   1.25318e-07   2.64119e-11   4.22690e-19   6.35108e+00   6.35109e+00   -6.63733e-07  
2.3713737e+01  1.07033e+01   1.07530e+01   1.07530e+01   1.34289e-07   3.00498e-11   4.52944e-19   6.23159e+00   6.23160e+00   -6.63800e-07  
2.5482967e+01  1.07598e+01   1.08111e+01   1.08111e+01   1.43888e-07   3.41911e-11   4.84665e-19   6.10730e+00   6.10731e+00   -6.63872e-07  
2.7384196e+01  1.08206e+01   1.08737e+01   1.08737e+01   1.54156e-07   3.89100e-11   5.18012e-19   5.97824e+00   5.97825e+00   -6.63951e-07  
2.9427272e+01  1.08861e+01   1.09410e+01   1.09410e+01   1.65137e-07   4.42921e-11   5.53146e-19   5.84443e+00   5.84444e+00   -6.64036e-07  
3.1622777e+01  1.09564e+01   1.10134e+01   1.10134e+01   1.76877e-07   5.04362e-11   5.90224e-19   5.70596e+00   5.70597e+00   -6.64128e-07  
3.3982083e+01  1.10321e+01   1.10913e+01   1.10913e+01   1.89426e-07   5.74564e-11   6.29410e-19   5.56290e+00   5.56291e+00   -6.64228e-07  
3.6517413e+01  1.11134e+01   1.11749e+01   1.11749e+01   2.02836e-07   6.54840e-11   6.70873e-19   5.41537e+00   5.41539e+00   -6.64337e-07  
3.9241898e+01  1.12007e+01   1.12648e+01   1.12648e+01   2.17163e-07   7.46702e-11   7.14796e-19   5.26351e+00   5.26353e+00   -6.64454e-07  
4.2169650e+01  1.12946e+01   1.13614e+01   1.13613e+01   2.32468e-07   8.51883e-11   7.61375e-19   5.10748e+00   5.10750e+00   -6.64582e-07  
4.5315836e+01  1.13954e+01   1.14650e+01   1.14650e+01   2.48813e-07   9.72365e-11   8.10832e-19   4.94746e+00   4.94748e+00   -6.64720e-07  
4.8696753e+01  1.15035e+01   1.15762e+01   1.15762e+01   2.66267e-07   1.11041e-10   8.63413e-19   4.78366e+00   4.78368e+00   -6.64870e-07  
5.2329911e+01  1.16195e+01   1.16955e+01   1.16954e+01   2.84901e-07   1.26858e-10   9.19407e-19   4.61632e+00   4.61634e+00   -6.65032e-07  
5.6234133e+01  1.17438e+01   1.18232e+01   1.18232e+01   3.04794e-07   1.44978e-10   9.79149e-19   4.44569e+00   4.44572e+00   -6.65207e-07  
6.0429639e+01  1.18770e+01   1.19601e+01   1.19601e+01   3.26028e-07   1.65726e-10   1.04304e-18   4.27206e+00   4.27209e+00   -6.65396e-07  
6.4938163e+01  1.20196e+01   1.21065e+01   1.21065e+01   3.48695e-07   1.89461e-10   1.11155e-18   4.09575e+00   4.09578e+00   -6.65599e-07  
6.9783058e+01  1.21720e+01   1.22630e+01   1.22629e+01   3.72892e-07   2.16582e-10   1.18525e-18   3.91710e+00   3.91714e+00   -6.65816e-07  
7.4989421e+01  1.23348e+01   1.24300e+01   1.24300e+01   3.98726e-07   2.47518e-10   1.26478e-18   3.73649e+00   3.73653e+00   -6.66048e-07  
8.0584219e+01  1.25084e+01   1.26081e+01   1.26081e+01   4.26320e-07   2.82731e-10   1.35072e-18   3.55434e+00   3.55439e+00   -6.66294e-07  
8.6596432e+01  1.26933e+01   1.27978e+01   1.27977e+01   4.55819e-07   3.22717e-10   1.44297e-18   3.37111e+00   3.37117e+00   -6.66555e-07  
9.3057204e+01  1.28900e+01   1.29995e+01   1.29994e+01   4.87428e-07   3.68069e-10   1.53701e-18   3.18731e+00   3.18738e+00   -6.66827e-07  
1.0000000e+02  1.30988e+01   1.32136e+01   1.32135e+01   5.21630e-07   4.20080e-10   1.58302e-18   3.00351e+00   3.00358e+00   -6.67110e-07  
1.0746078e+02  1.33200e+01   1.34404e+01   1.34404e+01   5.64586e-07   5.80986e-10   4.04139e-19   2.82027e+00   2.82035e+00   -6.67157e-07  
1.1547820e+02  1.35540e+01   1.36805e+01   1.36804e+01   6.31173e-07   1.65286e-09   4.53376e-19   2.63815e+00   2.63824e+00   -6.67138e-07  
1.2409378e+02  1.38009e+01   1.39340e+01   1.39339e+01   7.04914e-07   2.84751e-09   5.11800e-19   2.45792e+00   2.45802e+00   -6.67091e-07  
1.3335214e+02  1.40609e+01   1.42014e+01   1.42012e+01   7.86617e-07   4.13923e-09   5.78755e-19   2.28042e+00   2.28053e+00   -6.67007e-07  
1.4330126e+02  1.43341e+01   1.44827e+01   1.44826e+01   8.77160e-07   5.48988e-09   6.58865e-19   2.10659e+00   2.10671e+00   -6.66876e-07  
1.5399265e+02  1.46206e+01   1.47784e+01   1.47782e+01   9.77502e-07   6.84830e-09   7.59928e-19   1.93740e+00   1.93754e+00   -6.66684e-07  
1.6548171e+02  1.49205e+01   1.50886e+01   1.50884e+01   1.08869e-06   8.15057e-09   8.96008e-19   1.77388e+00   1.77404e+00   -6.66418e-07  
1.7782794e+02  1.52339e+01   1.54138e+01   1.54136e+01   1.21184e-06   9.32481e-09   1.09340e-18   1.61706e+00   1.61723e+00   -6.66062e-07  
1.9109530e+02  1.55610e+01   1.57545e+01   1.57542e+01   1.34808e-06   1.03085e-08   1.39737e-18   1.46791e+00   1.46809e+00   -6.65595e-07  
2.0535250e+02  1.59022e+01   1.61113e+01   1.61109e+01   1.49852e-06   1.10851e-08   1.85394e-18   1.32730e+00   1.32749e+00   -6.65000e-07  
2.2067341e+02  1.62582e+01   1.64853e+01   1.64848e+01   1.66420e-06   1.17074e-08   2.43655e-18   1.19594e+00   1.19614e+00   -6.64255e-07  
2.3713737e+02  1.66300e+01   1.68777e+01   1.68772e+01   1.84622e-06   1.22508e-08   3.05234e-18   1.07431e+00   1.07453e+00   -6.63195e-07  
2.5482967e+02  1.70188e+01   1.72904e+01   1.72897e+01   2.04585e-06   1.27607e-08   3.65807e-18   9.62520e-01   9.62752e-01   -6.61785e-07  
2.7384196e+02  1.74265e+01   1.77255e+01   1.77247e+01   2.26457e-06   1.32579e-08   4.26274e-18   8.60609e-01   8.60852e-01   -6.60145e-07  
2.9427272e+02  1.78552e+01   1.81857e+01   1.81847e+01   2.50397e-06   1.37533e-08   4.88285e-18   7.68405e-01   7.68658e-01   -6.58256e-07  
3.1622777e+02  1.83077e+01   1.86740e+01   1.86728e+01   2.76576e-06   1.42533e-08   5.53301e-18   6.85552e-01   6.85815e-01   -6.56102e-07  
3.3982083e+02  1.87871e+01   1.91941e+01   1.91926e+01   3.05171e-06   1.47618e-08   6.22554e-18   6.11552e-01   6.11824e-01   -6.53673e-07  
3.6517413e+02  1.92969e+01   1.97498e+01   1.97479e+01   3.36363e-06   1.52814e-08   6.96884e-18   5.45825e-01   5.46108e-01   -6.50963e-07  
3.9241898e+02  1.98411e+01   2.03452e+01   2.03429e+01   3.70341e-06   1.58138e-08   7.76578e-18   4.87758e-01   4.88052e-01   -6.47976e-07  
4.2169650e+02  2.04240e+01   2.09847e+01   2.09819e+01   4.07300e-06   1.63607e-08   8.61325e-18   4.36745e-01   4.37049e-01   -6.44729e-07  
4.5315836e+02  2.10502e+01   2.16726e+01   2.16692e+01   4.47445e-06   1.69239e-08   9.50337e-18   3.92114e-01   3.92429e-01   -6.41166e-07  
4.8696753e+02  2.17244e+01   2.24133e+01   2.24091e+01   4.90999e-06   1.75058e-08   1.04260e-17   3.53255e-01   3.53582e-01   -6.37421e-07  
5.2329911e+02  2.24515e+01   2.32108e+01   2.32056e+01   5.38195e-06   1.81091e-08   1.13707e-17   3.19696e-01   3.20035e-01   -6.33562e-07  
5.6234133e+02  2.32364e+01   2.40683e+01   2.40621e+01   5.89288e-06   1.87376e-08   1.23282e-17   2.90971e-01   2.91323e-01   -6.29678e-07  
6.0429639e+02  2.40838e+01   2.49889e+01   2.49814e+01   6.44547e-06   1.93961e-08   1.32905e-17   2.66611e-01   2.66976e-01   -6.25870e-07  
6.4938163e+02  2.49980e+01   2.59750e+01   2.59661e+01   7.04260e-06   2.00907e-08   1.42505e-17   2.46127e-01   2.46509e-01   -6.22237e-07  
6.9783058e+02  2.59833e+01   2.70289e+01   2.70183e+01   7.68727e-06   2.08289e-08   1.52022e-17   2.28984e-01   2.29383e-01   -6.19121e-07  
7.4989421e+02  2.70431e+01   2.81533e+01   2.81410e+01   8.38509e-06   2.16197e-08   1.61395e-17   2.14559e-01   2.14979e-01   -6.16564e-07  
8.0584219e+02  2.81803e+01   2.93501e+01   2.93358e+01   9.14343e-06   2.24736e-08   1.70553e-17   2.02436e-01   2.02880e-01   -6.14380e-07  
8.6596432e+02  2.93972e+01   3.06211e+01   3.06048e+01   9.96754e-06   2.34023e-08   1.79286e-17   1.92198e-01   1.92670e-01   -6.12572e-07  
9.3057204e+02  3.06951e+01   3.19677e+01   3.19493e+01   1.08704e-05   2.44192e-08   1.87521e-17   1.83438e-01   1.83944e-01   -6.11091e-07  
1.0000000e+03  3.20738e+01   3.33906e+01   3.33698e+01   1.18569e-05   2.55406e-08   1.95798e-17   1.75826e-01   1.76370e-01   -6.09954e-07  
1.0746078e+03  3.35335e+01   3.48946e+01   3.48712e+01   1.29268e-05   2.67856e-08   2.03691e-17   1.68661e-01   1.69254e-01   -6.10132e-07  
1.1547820e+03  3.50739e+01   3.64841e+01   3.64577e+01   1.40859e-05   2.81787e-08   2.11190e-17   1.61383e-01   1.62034e-01   -6.10074e-07  
1.2409378e+03  3.66937e+01   3.81628e+01   3.81327e+01   1.53400e-05   2.97523e-08   2.18287e-17   1.53528e-01   1.54254e-01   -6.09364e-07  
1.3335214e+03  3.83901e+01   3.99359e+01   3.99011e+01   1.66946e-05   3.15510e-08   2.24981e-17   1.44577e-01   1.45405e-01   -6.07362e-07  
1.4330126e+03  4.01595e+01   4.18120e+01   4.17706e+01   1.81552e-05   3.36399e-08   2.31289e-17   1.33956e-01   1.34927e-01   -6.03027e-07  
1.5399265e+03  4.19967e+01   4.38066e+01   4.37554e+01   1.97265e-05   3.61182e-08   2.37244e-17   1.21025e-01   1.22206e-01   -5.96482e-07  
1.6548171e+03  4.38958e+01   4.59462e+01   4.58791e+01   2.14116e-05   3.91432e-08   2.42912e-17   1.05450e-01   1.06947e-01   -5.83252e-07  
1.7782794e+03  4.58484e+01   4.82693e+01   4.81736e+01   2.32114e-05   4.29697e-08   2.48400e-17   8.77387e-02   8.97109e-02   -5.59121e-07  
1.9109530e+03  4.78405e+01   5.08014e+01   5.06518e+01   2.51224e-05   4.80047e-08   2.53855e-17   6.98377e-02   7.24702e-02   -5.20074e-07  
2.0535250e+03  4.98429e+01   5.34790e+01   5.32306e+01   2.71343e-05   5.48534e-08   2.59398e-17   5.47218e-02   5.80975e-02   -4.67461e-07  
2.2067341e+03  5.17952e+01   5.61000e+01   5.56960e+01   2.92308e-05   6.42724e-08   2.64964e-17   4.43168e-02   4.81864e-02   -4.14164e-07  
2.3713737e+03  5.36080e+01   5.84463e+01   5.78497e+01   3.13947e-05   7.69145e-08   2.70145e-17   3.84472e-02   4.21703e-02   -3.73064e-07  
2.5482967e+03  5.51983e+01   6.04186e+01   5.96356e+01   3.36201e-05   9.29239e-08   2.74374e-17   3.56927e-02   3.86976e-02   -3.50321e-07  
2.7384196e+03  5.65479e+01   6.20315e+01   6.10977e+01   3.59181e-05   1.11828e-07   2.77447e-17   3.45164e-02   3.67619e-02   -3.40333e-07  
2.9427272e+03  5.77058e+01   6.33658e+01   6.23149e+01   3.83080e-05   1.32967e-07   2.79642e-17   3.39699e-02   3.57145e-02   -3.35970e-07  
3.1622777e+03  5.87294e+01   6.45051e+01   6.33612e+01   4.08060e-05   1.55901e-07   2.81332e-17   3.36854e-02   3.51396e-02   -3.33980e-07  
3.3982083e+03  5.96492e+01   6.54990e+01   6.42797e+01   4.34233e-05   1.80425e-07   2.82738e-17   3.35446e-02   3.48146e-02   -3.33317e-07  
3.6517413e+03  6.04759e+01   6.63702e+01   6.50904e+01   4.61675e-05   2.06461e-07   2.83959e-17   3.35011e-02   3.46369e-02   -3.33576e-07  
3.9241898e+03  6.12127e+01   6.71299e+01   6.58025e+01   4.90452e-05   2.33987e-07   2.85037e-17   3.35296e-02   3.45582e-02   -3.34428e-07  
4.2169650e+03  6.18619e+01   6.77853e+01   6.64223e+01   5.20628e-05   2.63017e-07   2.85995e-17   3.36149e-02   3.45542e-02   -3.35855e-07  
4.5315836e+03  6.24281e+01   6.83443e+01   6.69562e+01   5.52270e-05   2.93584e-07   2.86847e-17   3.37478e-02   3.46108e-02   -3.38520e-07  
4.8696753e+03  6.29167e+01   6.88147e+01   6.74113e+01   5.85451e-05   3.25740e-07   2.87608e-17   3.39232e-02   3.47203e-02   -3.41494e-07  
5.2329911e+03  6.33348e+01   6.92050e+01   6.77951e+01   6.20249e-05   3.59547e-07   2.88289e-17   3.41384e-02   3.48783e-02   -3.44760e-07  
5.6234133e+03  6.36913e+01   6.95249e+01   6.81163e+01   6.56748e-05   3.95078e-07   2.88900e-17   3.43923e-02   3.50825e-02   -3.48312e-07  
6.0429639e+03  6.39945e+01   6.97835e+01   6.83833e+01   6.95035e-05   4.32420e-07   2.89452e-17   3.46843e-02   3.53310e-02   -3.52146e-07  
6.4938163e+03  6.42528e+01   6.99897e+01   6.86041e+01   7.35201e-05   4.71673e-07   2.89954e-17   3.50138e-02   3.56226e-02   -3.56256e-07  
6.9783058e+03  6.44742e+01   7.01522e+01   6.87866e+01   7.77337e-05   5.12962e-07   2.90413e-17   3.53799e-02   3.59557e-02   -3.60629e-07  
7.4989421e+03  6.46666e+01   7.02794e+01   6.89381e+01   8.21538e-05   5.56433e-07   2.90835e-17   3.57811e-02   3.63282e-02   -3.65245e-07  
8.0584219e+03  6.48364e+01   7.03785e+01   6.90653e+01   8.67897e-05   6.02272e-07   2.91225e-17   3.62148e-02   3.67373e-02   -3.70071e-07  
8.6596432e+03  6.49891e+01   7.04560e+01   6.91736e+01   9.16506e-05   6.50709e-07   2.91587e-17   3.66776e-02   3.71790e-02   -3.75064e-07  
9.3057204e+03  6.51294e+01   7.05176e+01   6.92680e+01   9.67459e-05   7.02032e-07   2.91925e-17   3.71644e-02   3.76485e-02   -3.80168e-07  
1.0000000e+04  6.52618e+01   7.05688e+01   6.93530e+01   1.02085e-04   7.56605e-07   2.92241e-17   3.76688e-02   3.81389e-02   -3.85316e-07  
1.0746078e+04  6.53899e+01   7.06147e+01   6.94330e+01   1.07676e-04   8.14884e-07   2.92537e-17   3.81825e-02   3.86419e-02   -3.90429e-07  
1.1547820e+04  6.55170e+01   7.06601e+01   6.95119e+01   1.13529e-04   8.77445e-07   2.92813e-17   3.86947e-02   3.91469e-02   -3.95410e-07  
1.2409378e+04  6.56447e+01   7.07080e+01   6.95919e+01   1.19652e-04   9.45004e-07   2.93073e-17   3.91923e-02   3.96408e-02   -4.00148e-07  
1.3335214e+04  6.57742e+01   7.07618e+01   6.96757e+01   1.26054e-04   1.01845e-06   2.93317e-17   3.96603e-02   4.01083e-02   -4.04523e-07  
1.4330126e+04  6.59073e+01   7.08248e+01   6.97659e+01   1.32741e-04   1.09890e-06   2.93546e-17   4.00823e-02   4.05332e-02   -4.08411e-07  
1.5399265e+04  6.60471e+01   7.09018e+01   6.98666e+01   1.39719e-04   1.18768e-06   2.93758e-17   4.04429e-02   4.09000e-02   -4.11709e-07  
1.6548171e+04  6.61951e+01   7.09955e+01   6.99800e+01   1.46993e-04   1.28643e-06   2.93951e-17   4.07296e-02   4.11959e-02   -4.14336e-07  
1.7782794e+04  6.63519e+01   7.11071e+01   7.01074e+01   1.54562e-04   1.39706e-06   2.94124e-17   4.09362e-02   4.14144e-02   -4.16263e-07  
1.9109530e+04  6.65204e+01   7.12390e+01   7.02514e+01   1.62422e-04   1.52182e-06   2.94272e-17   4.10655e-02   4.15578e-02   -4.17533e-07  
2.0535250e+04  6.67051e+01   7.13943e+01   7.04156e+01   1.70567e-04   1.66324e-06   2.94390e-17   4.11297e-02   4.16380e-02   -4.18270e-07  
2.2067341e+04  6.69061e+01   7.15708e+01   7.05990e+01   1.78982e-04   1.82415e-06   2.94475e-17   4.11488e-02   4.16741e-02   -4.18641e-07  
2.3713737e+04  6.71278e+01   7.17705e+01   7.08044e+01   1.87650e-04   2.00762e-06   2.94523e-17   4.11472e-02   4.16903e-02   -4.18865e-07  
2.5482967e+04  6.73732e+01   7.19935e+01   7.10332e+01   1.96547e-04   2.21694e-06   2.94532e-17   4.11493e-02   4.17105e-02   -4.19153e-07  
2.7384196e+04  6.76427e+01   7.22380e+01   7.12845e+01   2.05648e-04   2.45562e-06   2.94501e-17   4.11758e-02   4.17551e-02   -4.19680e-07  
2.9427272e+04  6.79390e+01   7.25054e+01   7.15602e+01   2.14919e-04   2.72734e-06   2.94431e-17   4.12429e-02   4.18399e-02   -4.20588e-07  
3.1622777e+04  6.82637e+01   7.27962e+01   7.18613e+01   2.24327e-04   3.03600e-06   2.94321e-17   4.13611e-02   4.19753e-02   -4.21969e-07  
3.3982083e+04  6.86255e+01   7.31184e+01   7.21957e+01   2.33832e-04   3.38576e-06   2.94168e-17   4.15381e-02   4.21687e-02   -4.23904e-07  
3.6517413e+04  6.90237e+01   7.34717e+01   7.25632e+01   2.43396e-04   3.78102e-06   2.93975e-17   4.17775e-02   4.24236e-02   -4.26413e-07  
3.9241898e+04  6.94616e+01   7.38594e+01   7.29669e+01   2.52973e-04   4.22644e-06   2.93743e-17   4.20824e-02   4.27428e-02   -4.29521e-07  
4.2169650e+04  6.99414e+01   7.42841e+01   7.34093e+01   2.62519e-04   4.72693e-06   2.93471e-17   4.24562e-02   4.31291e-02   -4.33244e-07  
4.5315836e+04  7.04677e+01   7.47508e+01   7.38952e+01   2.71986e-04   5.28755e-06   2.93160e-17   4.29033e-02   4.35869e-02   -4.37613e-07  
4.8696753e+04  7.10450e+01   7.52642e+01   7.44291e+01   2.81329e-04   5.91348e-06   2.92807e-17   4.34297e-02   4.41216e-02   -4.42665e-07  
5.2329911e+04  7.16762e+01   7.58275e+01   7.50141e+01   2.90500e-04   6.60980e-06   2.92411e-17   4.40427e-02   4.47401e-02   -4.48439e-07  
5.6234133e+04  7.23663e+01   7.64459e+01   7.56551e+01   2.99452e-04   7.38133e-06   2.91969e-17   4.47518e-02   4.54516e-02   -4.54987e-07  
6.0429639e+04  7.31204e+01   7.71244e+01   7.63572e+01   3.08140e-04   8.23234e-06   2.91478e-17   4.55684e-02   4.62671e-02   -4.62372e-07  
6.4938163e+04  7.39416e+01   7.78665e+01   7.71239e+01   3.16521e-04   9.16627e-06   2.90934e-17   4.65060e-02   4.72000e-02   -4.70656e-07  
6.9783058e+04  7.48352e+01   7.86775e+01   7.79600e+01   3.24556e-04   1.01852e-05   2.90333e-17   4.75810e-02   4.82663e-02   -4.79913e-07  
7.4989421e+04  7.58040e+01   7.95603e+01   7.88687e+01   3.32207e-04   1.12896e-05   2.89669e-17   4.88131e-02   4.94856e-02   -4.90220e-07  
8.0584219e+04  7.68488e+01   8.05159e+01   7.98506e+01   3.39444e-04   1.24773e-05   2.88938e-17   5.02258e-02   5.08816e-02   -5.01659e-07  
8.6596432e+04  7.79664e+01   8.15409e+01   8.09025e+01   3.46238e-04   1.37431e-05   2.88141e-17   5.18481e-02   5.24832e-02   -5.14306e-07  
9.3057204e+04  7.91532e+01   8.26319e+01   8.20210e+01   3.52569e-04   1.50782e-05   2.87277e-17   5.37161e-02   5.43271e-02   -5.28253e-07  
1.0000000e+05  8.03979e+01   8.37772e+01   8.31942e+01   3.58422e-04   1.64691e-05   2.86349e-17   5.58750e-02   5.64586e-02   -5.43531e-07  
1.0746078e+05  8.16822e+01   8.49581e+01   8.44036e+01   3.63789e-04   1.78972e-05   2.85371e-17   5.83803e-02   5.89338e-02   -5.60432e-07  
1.1547820e+05  8.29763e+01   8.61440e+01   8.56192e+01   3.68672e-04   1.93383e-05   2.84363e-17   6.13082e-02   6.18293e-02   -5.78962e-07  
1.2409378e+05  8.42388e+01   8.72924e+01   8.67990e+01   3.73083e-04   2.07629e-05   2.83357e-17   6.47568e-02   6.52439e-02   -5.98839e-07  
1.3335214e+05  8.54242e+01   8.83558e+01   8.78962e+01   3.77045e-04   2.21362e-05   2.82389e-17   6.88591e-02   6.93108e-02   -6.20005e-07  
1.4330126e+05  8.64807e+01   8.92796e+01   8.88570e+01   3.80597e-04   2.34198e-05   2.81504e-17   7.38014e-02   7.42166e-02   -6.42373e-07  
1.5399265e+05  8.73603e+01   9.00130e+01   8.96313e+01   3.83793e-04   2.45730e-05   2.80740e-17   7.98630e-02   8.02408e-02   -6.65892e-07  
1.6548171e+05  8.80176e+01   9.05055e+01   9.01695e+01   3.86705e-04   2.55541e-05   2.80135e-17   8.75099e-02   8.78489e-02   -6.90628e-07  
1.7782794e+05  8.84230e+01   9.07192e+01   9.04346e+01   3.89428e-04   2.63201e-05   2.79712e-17   9.76798e-02   9.79774e-02   -7.17130e-07  
1.9109530e+05  8.85384e+01   9.05926e+01   9.03684e+01   3.92106e-04   2.68208e-05   2.79494e-17   1.13003e-01   1.13252e-01   -7.47566e-07  
2.0535250e+05  8.81332e+01   8.97646e+01   8.96287e+01   3.95060e-04   2.69602e-05   2.79629e-17   1.49909e-01   1.50079e-01   -7.94648e-07  
2.2067341e+05  8.58201e+01   8.65776e+01   8.65522e+01   3.99249e-04   2.63533e-05   2.81347e-17   3.51863e-01   3.51872e-01   -8.69396e-07  
2.3713737e+05  8.64800e+01   8.72304e+01   8.72054e+01   4.02439e-04   2.54305e-05   2.80668e-17   3.55395e-01   3.55402e-01   -8.72661e-07  
2.5482967e+05  8.68534e+01   8.75955e+01   8.75707e+01   4.04713e-04   2.44613e-05   2.80213e-17   3.59501e-01   3.59509e-01   -8.75472e-07  
2.7384196e+05  8.70058e+01   8.77409e+01   8.77162e+01   4.06535e-04   2.34631e-05   2.79947e-17   3.62994e-01   3.63002e-01   -8.77331e-07  
2.9427272e+05  8.70501e+01   8.77798e+01   8.77552e+01   4.08119e-04   2.24457e-05   2.79779e-17   3.65748e-01   3.65756e-01   -8.78597e-07  
3.1622777e+05  8.70490e+01   8.77744e+01   8.77499e+01   4.09564e-04   2.14155e-05   2.79658e-17   3.67931e-01   3.67940e-01   -8.79551e-07  
3.3982083e+05  8.70319e+01   8.77540e+01   8.77294e+01   4.10922e-04   2.03776e-05   2.79557e-17   3.69687e-01   3.69696e-01   -8.80349e-07  
3.6517413e+05  8.70116e+01   8.77310e+01   8.77063e+01   4.12224e-04   1.93367e-05   2.79463e-17   3.71086e-01   3.71096e-01   -8.81062e-07  
3.9241898e+05  8.69929e+01   8.77102e+01   8.76855e+01   4.13486e-04   1.82981e-05   2.79371e-17   3.72150e-01   3.72160e-01   -8.81720e-07  
4.2169650e+05  8.69776e+01   8.76934e+01   8.76686e+01   4.14723e-04   1.72672e-05   2.79278e-17   3.72867e-01   3.72879e-01   -8.82329e-07  
4.5315836e+05  8.69663e+01   8.76815e+01   8.76564e+01   4.15941e-04   1.62503e-05   2.79183e-17   3.73210e-01   3.73222e-01   -8.82889e-07  
4.8696753e+05  8.69599e+01   8.76751e+01   8.76498e+01   4.17145e-04   1.52538e-05   2.79085e-17   3.73131e-01   3.73145e-01   -8.83395e-07  
5.2329911e+05  8.69610e+01   8.76772e+01   8.76516e+01   4.18338e-04   1.42846e-05   2.78980e-17   3.72563e-01   3.72578e-01   -8.83850e-07  
5.6234133e+05  8.69682e+01   8.76864e+01   8.76605e+01   4.19519e-04   1.33502e-05   2.78871e-17   3.71420e-01   3.71437e-01   -8.84228e-07  
6.0429639e+05  8.69823e+01   8.77039e+01   8.76775e+01   4.20686e-04   1.24582e-05   2.78756e-17   3.69570e-01   3.69588e-01   -8.84505e-07  
6.4938163e+05  8.70054e+01   8.77322e+01   8.77052e+01   4.21834e-04   1.16170e-05   2.78635e-17   3.66794e-01   3.66814e-01   -8.84649e-07  
6.9783058e+05  8.70411e+01   8.77756e+01   8.77479e+01   4.22957e-04   1.08359e-05   2.78504e-17   3.62681e-01   3.62704e-01   -8.84595e-07  
7.4989421e+05  8.70984e+01   8.78456e+01   8.78167e+01   4.24043e-04   1.01274e-05   2.78358e-17   3.56219e-01   3.56245e-01   -8.84183e-07  
8.0584219e+05  8.72200e+01   8.79954e+01   8.79640e+01   4.25063e-04   9.51641e-06   2.78162e-17   3.42594e-01   3.42628e-01   -8.82640e-07  
8.6596432e+05  9.28759e+01   9.55708e+01   9.51248e+01   4.14002e-04   1.27751e-05   2.74585e-17   7.83989e-02   7.88108e-02   -6.80812e-07  
9.3057204e+05  9.14138e+01   9.39187e+01   9.35547e+01   4.01617e-04   2.14029e-05   2.76612e-17   8.70909e-02   8.74453e-02   -7.01946e-07  
1.0000000e+06  8.96898e+01   9.15758e+01   9.13868e+01   4.01488e-04   2.53393e-05   2.78034e-17   1.26175e-01   1.26397e-01   -7.72557e-07  
1.0746078e+06  8.69769e+01   8.77083e+01   8.76839e+01   4.09659e-04   2.25531e-05   2.79721e-17   3.64891e-01   3.64899e-01   -8.78065e-07  
1.1547820e+06  8.70024e+01   8.77228e+01   8.76982e+01   4.13857e-04   1.90553e-05   2.79317e-17   3.70521e-01   3.70532e-01   -8.81091e-07  
1.2409378e+06  8.69703e+01   8.76882e+01   8.76631e+01   4.17204e-04   1.60848e-05   2.79049e-17   3.71701e-01   3.71715e-01   -8.82769e-07  
1.3335214e+06  8.69808e+01   8.77027e+01   8.76767e+01   4.20127e-04   1.36118e-05   2.78785e-17   3.69462e-01   3.69479e-01   -8.83834e-07  
1.4330126e+06  8.70352e+01   8.77692e+01   8.77418e+01   4.22702e-04   1.16120e-05   2.78513e-17   3.62982e-01   3.63004e-01   -8.84166e-07  
1.5399265e+06  8.71876e+01   8.79560e+01   8.79255e+01   4.24916e-04   1.00874e-05   2.78187e-17   3.45876e-01   3.45908e-01   -8.82757e-07  
1.6548171e+06  9.19032e+01   9.45206e+01   9.41161e+01   4.03835e-04   1.94209e-05   2.76026e-17   8.18203e-02   8.22050e-02   -6.88210e-07  
1.7782794e+06  8.64157e+01   8.71594e+01   8.71348e+01   4.05929e-04   2.48736e-05   2.80426e-17   3.58717e-01   3.58726e-01   -8.73755e-07  
1.9109530e+06  8.69980e+01   8.77182e+01   8.76936e+01   4.14526e-04   1.87756e-05   2.79251e-17   3.70564e-01   3.70575e-01   -8.81275e-07  
2.0535250e+06  8.69772e+01   8.76982e+01   8.76724e+01   4.19580e-04   1.43170e-05   2.78828e-17   3.69953e-01   3.69969e-01   -8.83533e-07  
2.2067341e+06  8.70689e+01   8.78104e+01   8.77824e+01   4.23526e-04   1.12146e-05   2.78406e-17   3.59109e-01   3.59133e-01   -8.83930e-07  
2.3713737e+06  9.24135e+01   9.51082e+01   9.46713e+01   4.07712e-04   1.66135e-05   2.75337e-17   7.84125e-02   7.88208e-02   -6.79067e-07  
2.5482967e+06  8.69268e+01   8.76615e+01   8.76370e+01   4.09225e-04   2.32916e-05   2.79790e-17   3.63223e-01   3.63232e-01   -8.77248e-07  
2.7384196e+06  8.69718e+01   8.76908e+01   8.76656e+01   4.17943e-04   1.58220e-05   2.78978e-17   3.71090e-01   3.71104e-01   -8.82896e-07  
2.9427272e+06  8.70686e+01   8.78101e+01   8.77820e+01   4.23533e-04   1.12793e-05   2.78409e-17   3.59128e-01   3.59152e-01   -8.83923e-07  
3.1622777e+06  9.11227e+01   9.35461e+01   9.32120e+01   4.01256e-04   2.28970e-05   2.76863e-17   9.12157e-02   9.15488e-02   -7.11780e-07  
3.3982083e+06  8.69926e+01   8.77124e+01   8.76877e+01   4.15130e-04   1.83826e-05   2.79204e-17   3.70761e-01   3.70773e-01   -8.81545e-07  
3.6517413e+06  8.70428e+01   8.77787e+01   8.77512e+01   4.22933e-04   1.17488e-05   2.78482e-17   3.62045e-01   3.62068e-01   -8.84029e-07  
3.9241898e+06  9.05174e+01   9.27404e+01   9.24675e+01   4.00846e-04   2.46251e-05   2.77399e-17   1.02416e-01   1.02704e-01   -7.35216e-07  
4.2169650e+06  8.69721e+01   8.76913e+01   8.76660e+01   4.18174e-04   1.56687e-05   2.78958e-17   3.70962e-01   3.70977e-01   -8.82977e-07  
4.5315836e+06  8.87904e+01   9.04410e+01   9.02960e+01   4.25393e-04   9.95544e-06   2.77016e-17   1.48944e-01   1.49202e-01   -7.98811e-07  
4.8696753e+06  8.69926e+01   8.77125e+01   8.76878e+01   4.15119e-04   1.84135e-05   2.79202e-17   3.70739e-01   3.70750e-01   -8.81521e-07  
5.2329911e+06  8.72230e+01   8.80000e+01   8.79688e+01   4.25173e-04   1.01848e-05   2.78127e-17   3.41883e-01   3.41917e-01   -8.82152e-07  
5.6234133e+06  8.69850e+01   8.77043e+01   8.76795e+01   4.15825e-04   1.77759e-05   2.79144e-17   3.71053e-01   3.71065e-01   -8.81879e-07  
6.0429639e+06  9.26128e+01   9.53204e+01   9.48769e+01   4.09994e-04   1.53487e-05   2.75012e-17   7.78638e-02   7.82766e-02   -6.77909e-07  
6.4938163e+06  8.69842e+01   8.77070e+01   8.76810e+01   4.20303e-04   1.38540e-05   2.78751e-17   3.68952e-01   3.68969e-01   -8.83677e-07  
6.9783058e+06  8.69913e+01   8.77227e+01   8.76983e+01   4.10192e-04   2.26672e-05   2.79645e-17   3.64894e-01   3.64903e-01   -8.78161e-07  
7.4989421e+06  9.29071e+01   9.55909e+01   9.51525e+01   4.15250e-04   1.29129e-05   2.74459e-17   7.89328e-02   7.93399e-02   -6.82629e-07  
8.0584219e+06  8.70347e+01   8.77688e+01   8.77415e+01   4.22719e-04   1.19278e-05   2.78504e-17   3.62931e-01   3.62953e-01   -8.84030e-07  
8.6596432e+06  8.69742e+01   8.76943e+01   8.76688e+01   4.19032e-04   1.49323e-05   2.78876e-17   3.70415e-01   3.70430e-01   -8.83287e-07  
9.3057204e+06  8.69844e+01   8.77036e+01   8.76787e+01   4.15903e-04   1.77080e-05   2.79140e-17   3.71076e-01   3.71088e-01   -8.81923e-07  
1.0000000e+07  8.70041e+01   8.77252e+01   8.77006e+01   4.14191e-04   1.92604e-05   2.79276e-17   3.70110e-01   3.70121e-01   -8.81012e-07  
1.0746078e+07  8.69986e+01   8.77191e+01   8.76945e+01   4.14620e-04   1.88715e-05   2.79243e-17   3.70427e-01   3.70438e-01   -8.81254e-07  
1.1547820e+07  8.69749e+01   8.76937e+01   8.76686e+01   4.17159e-04   1.65784e-05   2.79041e-17   3.71232e-01   3.71245e-01   -8.82527e-07  
1.2409378e+07  8.69948e+01   8.77201e+01   8.76937e+01   4.21058e-04   1.32351e-05   2.78688e-17   3.67613e-01   3.67631e-01   -8.83889e-07  
1.3335214e+07  8.72472e+01   8.80299e+01   8.79983e+01   4.25269e-04   1.01270e-05   2.78097e-17   3.39243e-01   3.39278e-01   -8.81788e-07  
1.4330126e+07  8.69539e+01   8.76875e+01   8.76630e+01   4.09588e-04   2.31093e-05   2.79728e-17   3.63790e-01   3.63798e-01   -8.77558e-07  
1.5399265e+07  8.70202e+01   8.77511e+01   8.77242e+01   4.22239e-04   1.22975e-05   2.78566e-17   3.64595e-01   3.64616e-01   -8.84051e-07  
1.6548171e+07  8.69944e+01   8.77255e+01   8.77011e+01   4.10258e-04   2.26187e-05   2.79648e-17   3.65002e-01   3.65011e-01   -8.78255e-07  
1.7782794e+07  9.02325e+01   9.25331e+01   9.22422e+01   4.24732e-04   1.00985e-05   2.76192e-17   9.86089e-02   9.89674e-02   -7.26022e-07  
1.9109530e+07  8.70431e+01   8.77791e+01   8.77516e+01   4.22959e-04   1.17474e-05   2.78481e-17   3.61964e-01   3.61986e-01   -8.84025e-07  
2.0535250e+07  8.70100e+01   8.77387e+01   8.77120e+01   4.21833e-04   1.26156e-05   2.78617e-17   3.65780e-01   3.65799e-01   -8.84039e-07  
2.2067341e+07  8.70556e+01   8.77944e+01   8.77666e+01   4.23274e-04   1.15131e-05   2.78448e-17   3.60536e-01   3.60560e-01   -8.83996e-07  
2.3713737e+07  9.24910e+01   9.51924e+01   9.47526e+01   4.08564e-04   1.61701e-05   2.75199e-17   7.81290e-02   7.85393e-02   -6.78349e-07  
2.5482967e+07  8.69909e+01   8.77106e+01   8.76859e+01   4.15272e-04   1.82795e-05   2.79180e-17   3.70823e-01   3.70835e-01   -8.81570e-07  
2.7384196e+07  9.27103e+01   9.54185e+01   9.49736e+01   4.11341e-04   1.46470e-05   2.74831e-17   7.78492e-02   7.82624e-02   -6.78177e-07  
