! o/p-H2 - ortho/para ratio of molecular hydrogen;
! o_hcoll - ortho-H2 formation rate due to collisions with H atoms, para-H2 rate = -ortho-H2 rate, [cm-3 s-1]
! h2_gr - H2 formation rate on grains, [cm-3 s-1]
! h2_gasf - H2 formation rate due to gas-phase chemistry, [cm-3 s-1]
! h2_gasd - H2 destruction rate due to gas-phase chemistry, [cm-3 s-1]
! h2_h_diss - H2 dissociation rate in H2-H collisions, [cm-3 s-1]
! h2_h2_diss - H2 dissociation rate in H2-H2 collisions, [cm-3 s-1]
! h2_e_diss - H2 dissociation rate in H2-e collisions, [cm-3 s-1]
! h2_i_diss - H2 dissociation rate by ions using the method by Wilgenbus et al. (2000)
!    0            1            2            3            4            5            6            7            8            9            10           
! depth(cm)       o/p-H2       o_hcoll      h2_gr        h2_gasf      h2_gasd      h2_h_diss    h2_h2_diss   vh2_vh2_diss h2_e_diss    h2_i_diss    
1.5153462119e+14  8.2038e-02   -2.0485e-11  2.1621e-12   7.1953e-13   3.0239e-12   1.3623e-18   7.8149e-26   7.8149e-26   0.0000e+00   2.9810e-105  
3.4707083324e+14  8.2037e-02   -2.0485e-11  2.1622e-12   7.1954e-13   3.0239e-12   1.3624e-18   7.8153e-26   7.8153e-26   0.0000e+00   3.0098e-105  
7.8888832987e+14  8.2037e-02   -2.0485e-11  2.1624e-12   7.1956e-13   3.0239e-12   1.3624e-18   7.8161e-26   7.8161e-26   0.0000e+00   3.0908e-105  
1.6890539130e+15  8.2036e-02   -2.0484e-11  2.1629e-12   7.1952e-13   3.0238e-12   1.3626e-18   7.8185e-26   7.8185e-26   0.0000e+00   3.3659e-105  
3.5542561082e+15  8.2035e-02   -2.0468e-11  2.1647e-12   7.1895e-13   3.0234e-12   1.3631e-18   7.8274e-26   7.8274e-26   0.0000e+00   5.3023e-105  
5.7442803560e+15  8.2033e-02   -2.0355e-11  2.1702e-12   7.1579e-13   3.0212e-12   1.3649e-18   7.8542e-26   7.8542e-26   0.0000e+00   4.0256e-104  
7.8633820903e+15  8.2031e-02   -1.9708e-11  2.1864e-12   7.0414e-13   3.0134e-12   1.3701e-18   7.9339e-26   7.9339e-26   0.0000e+00   8.3162e-101  
9.8048404729e+15  8.2029e-02   -1.5326e-11  2.2326e-12   6.7526e-13   2.9961e-12   1.3855e-18   8.1657e-26   8.1657e-26   0.0000e+00   3.4364e-91   
1.0781530101e+16  8.2029e-02   -3.8223e-12  2.2814e-12   6.5197e-13   2.9846e-12   1.4022e-18   8.4175e-26   8.4175e-26   0.0000e+00   7.6629e-82   
1.1264332570e+16  8.2029e-02   1.1291e-11   2.3130e-12   6.3869e-13   2.9792e-12   1.4137e-18   8.5867e-26   8.5867e-26   0.0000e+00   6.8606e-76   
1.1515340472e+16  8.2029e-02   2.4743e-11   2.3305e-12   6.3146e-13   2.9766e-12   1.4204e-18   8.6833e-26   8.6833e-26   0.0000e+00   1.8058e-72   
1.1768841356e+16  8.2030e-02   4.4776e-11   2.3476e-12   6.2405e-13   2.9742e-12   1.4274e-18   8.7809e-26   8.7809e-26   0.0000e+00   7.9892e-69   
1.2028579382e+16  8.2030e-02   7.5113e-11   2.3627e-12   6.1665e-13   2.9720e-12   1.4345e-18   8.8730e-26   8.8730e-26   0.0000e+00   5.8295e-65   
1.2158755192e+16  8.2031e-02   9.5820e-11   2.3684e-12   6.1306e-13   2.9710e-12   1.4378e-18   8.9117e-26   8.9117e-26   0.0000e+00   5.9912e-63   
1.2293355159e+16  8.2032e-02   1.2153e-10   2.3722e-12   6.0955e-13   2.9700e-12   1.4408e-18   8.9429e-26   8.9429e-26   0.0000e+00   6.8886e-61   
1.2429284442e+16  8.2032e-02   1.5447e-10   2.3734e-12   6.0612e-13   2.9691e-12   1.4433e-18   8.9625e-26   8.9625e-26   1.4822e-323  9.9928e-59   
1.2568582752e+16  8.2034e-02   1.9547e-10   2.3708e-12   6.0297e-13   2.9683e-12   1.4452e-18   8.9657e-26   8.9657e-26   2.6620e-306  1.5496e-56   
1.2710832185e+16  8.2035e-02   2.4645e-10   2.3632e-12   6.0007e-13   2.9676e-12   1.4460e-18   8.9462e-26   8.9462e-26   3.1931e-290  2.5446e-54   
1.2854408083e+16  8.2037e-02   3.1169e-10   2.3491e-12   5.9735e-13   2.9669e-12   1.4455e-18   8.8978e-26   8.8978e-26   4.5284e-275  4.9672e-52   
1.2999530486e+16  8.2039e-02   3.9268e-10   2.3270e-12   5.9495e-13   2.9663e-12   1.4433e-18   8.8127e-26   8.8127e-26   5.6401e-261  9.8941e-50   
1.3145614932e+16  8.2042e-02   4.8841e-10   2.2955e-12   5.9298e-13   2.9658e-12   1.4390e-18   8.6849e-26   8.6849e-26   6.7886e-248  1.5504e-47   
1.3294393869e+16  8.2046e-02   6.0877e-10   2.2519e-12   5.9114e-13   2.9655e-12   1.4322e-18   8.5045e-26   8.5045e-26   3.0121e-235  2.7433e-45   
1.3448511318e+16  8.2051e-02   7.6256e-10   2.1935e-12   5.8944e-13   2.9652e-12   1.4223e-18   8.2601e-26   8.2601e-26   9.2811e-223  5.9456e-43   
1.3611394486e+16  8.2058e-02   9.5191e-10   2.1152e-12   5.8813e-13   2.9653e-12   1.4085e-18   7.9343e-26   7.9343e-26   2.0510e-210  1.2616e-40   
1.3783554139e+16  8.2066e-02   1.1800e-09   2.0139e-12   5.8774e-13   2.9662e-12   1.3904e-18   7.5188e-26   7.5188e-26   8.0507e-198  2.3965e-38   
1.3967630897e+16  8.2078e-02   1.4619e-09   1.8842e-12   5.9041e-13   2.9718e-12   1.3676e-18   7.0023e-26   7.0023e-26   8.9952e-185  4.9076e-36   
1.4112365507e+16  8.2088e-02   1.7104e-09   1.7687e-12   5.9291e-13   2.9793e-12   1.3483e-18   6.5592e-26   6.5592e-26   1.1656e-174  2.5798e-34   
1.4215864582e+16  8.2097e-02   1.9009e-09   1.6805e-12   5.9498e-13   2.9805e-12   1.3345e-18   6.2329e-26   6.2329e-26   1.6903e-167  3.8189e-33   
1.4328938786e+16  8.2108e-02   2.1133e-09   1.5794e-12   5.9786e-13   2.9832e-12   1.3201e-18   5.8729e-26   5.8729e-26   1.0464e-159  5.7073e-32   
1.4449690487e+16  8.2120e-02   2.3519e-09   1.4689e-12   6.0170e-13   3.0029e-12   1.3067e-18   5.4979e-26   5.4979e-26   2.1585e-151  8.8049e-31   
1.4577314129e+16  8.2135e-02   2.6086e-09   1.3499e-12   6.0722e-13   3.0967e-12   1.2960e-18   5.1175e-26   5.1175e-26   1.5149e-142  1.1984e-29   
1.4708245301e+16  8.2152e-02   2.8869e-09   1.2265e-12   6.1682e-13   3.4881e-12   1.2900e-18   4.7500e-26   4.7500e-26   2.0709e-133  1.4797e-28   
1.4811107262e+16  8.2167e-02   3.1207e-09   1.1286e-12   6.3197e-13   4.3996e-12   1.2898e-18   4.4780e-26   4.4780e-26   4.7975e-126  9.8310e-28   
1.4921721411e+16  8.2183e-02   3.3484e-09   1.0235e-12   6.6628e-13   6.5740e-12   1.2957e-18   4.2078e-26   4.2078e-26   3.5164e-118  4.7450e-27   
1.5046405667e+16  8.2204e-02   3.6423e-09   9.0757e-13   7.4676e-13   1.0987e-11   1.3128e-18   3.9404e-26   3.9404e-26   5.4104e-109  3.2098e-26   
1.5184885309e+16  8.2229e-02   3.9537e-09   7.8571e-13   8.9186e-13   1.4031e-11   1.3500e-18   3.7056e-26   3.7056e-26   1.0710e-98   1.9025e-25   
1.5283313924e+16  8.2247e-02   4.1568e-09   7.0510e-13   9.8193e-13   1.0663e-11   1.3919e-18   3.5864e-26   3.5864e-26   2.6001e-91   5.3946e-25   
1.5390830755e+16  8.2269e-02   4.3740e-09   6.2343e-13   1.0404e-12   5.2731e-12   1.4567e-18   3.5069e-26   3.5069e-26   3.5167e-83   1.6911e-24   
1.5527126122e+16  8.2298e-02   4.6109e-09   5.2915e-13   1.0691e-12   3.4691e-12   1.5761e-18   3.4892e-26   3.4892e-26   9.3286e-73   6.3708e-24   
1.5654483463e+16  8.2326e-02   4.7766e-09   4.5200e-13   1.1034e-12   3.5088e-12   1.7396e-18   3.5779e-26   3.5779e-26   4.1912e-63   1.9073e-23   
1.5788805976e+16  8.2356e-02   4.8868e-09   3.8462e-13   1.1575e-12   3.3806e-12   1.9907e-18   3.8235e-26   3.8235e-26   1.1958e-53   6.0518e-23   
1.5905014452e+16  8.2383e-02   4.9297e-09   3.3662e-13   1.2249e-12   3.3322e-12   2.2978e-18   4.1921e-26   4.1921e-26   9.1685e-47   2.9098e-21   
1.6025068947e+16  8.2411e-02   4.9251e-09   2.9640e-13   1.3324e-12   3.4073e-12   2.7334e-18   4.7671e-26   4.7671e-26   1.5890e-41   3.9035e-19   
1.6150902710e+16  8.2440e-02   5.1555e-09   2.6373e-13   1.5201e-12   3.5734e-12   3.3515e-18   5.6278e-26   5.6278e-26   8.6518e-38   2.4208e-17   
1.6282609895e+16  8.2473e-02   5.6647e-09   2.4049e-13   1.8414e-12   3.9189e-12   4.6838e-18   6.8486e-26   6.8486e-26   4.3218e-35   7.2836e-16   
1.6421959655e+16  8.2512e-02   6.0451e-09   2.2678e-13   2.4279e-12   4.6483e-12   6.4174e-18   8.4681e-26   8.4681e-26   5.3478e-33   1.2090e-14   
1.6567540904e+16  8.2553e-02   6.0203e-09   2.1907e-13   3.5048e-12   6.4112e-12   8.5020e-18   1.0492e-25   1.0492e-25   3.0955e-31   1.1393e-13   
1.6667601148e+16  8.2581e-02   5.6345e-09   2.1809e-13   4.6169e-12   9.5172e-12   1.0184e-17   1.2246e-25   1.2246e-25   5.3642e-30   3.7981e-13   
1.6772484434e+16  8.2607e-02   4.8985e-09   2.2189e-13   6.1011e-12   1.7553e-11   1.2409e-17   1.4694e-25   1.4694e-25   1.7399e-28   1.0502e-12   
1.6892775463e+16  8.2632e-02   3.8474e-09   2.3265e-13   7.9366e-12   3.1584e-11   1.5756e-17   1.8719e-25   1.8719e-25   7.7321e-27   2.6664e-12   
1.6992478266e+16  8.2648e-02   3.3145e-09   2.4570e-13   8.9117e-12   3.1508e-11   1.9288e-17   2.3245e-25   2.3245e-25   1.0641e-25   5.5359e-12   
1.7098933830e+16  8.2666e-02   4.3231e-09   2.6151e-13   8.8516e-12   4.3939e-11   2.3568e-17   2.9056e-25   2.9056e-25   1.0603e-24   7.5691e-12   
1.7214084353e+16  8.2703e-02   1.0477e-08   2.7787e-13   7.9077e-12   7.9895e-11   2.8585e-17   3.6180e-25   3.6180e-25   8.0595e-24   8.5247e-12   
1.7342999006e+16  8.2819e-02   3.1356e-08   2.8823e-13   6.9374e-12   1.4770e-10   3.4688e-17   4.4859e-25   4.4859e-25   4.9667e-23   8.1921e-12   
1.7480349523e+16  8.3166e-02   8.2049e-08   2.8412e-13   7.7459e-12   3.0104e-10   4.1598e-17   5.5842e-25   5.3690e-25   2.2500e-22   4.0065e-12   
1.7627893842e+16  8.4044e-02   1.7877e-07   2.6225e-13   1.3535e-11   4.9895e-10   4.8868e-17   6.9475e-25   6.1293e-25   7.8448e-22   1.7463e-12   
