! three parameters are given: shock speed (cm/s), turbulent velocity (cm/s), number of specimen levels: 
5.0000e+05   3.0000e+04   5
!depth(cm)        gas_temp(K)  el_temp      dust_temp(K) gasvel(cm/s) concHe(cm-3) conc_pH2     conc_oH2     conc_H       conc_e       conc_H_nucl  conc_mol     1            2            3            4            5            
2.8411269634e+15  1.7660e+01   1.9250e+01   9.9013e+00   5.0000e+05   1.8000e+03   9.1465e+03   8.4733e+02   3.9255e+00   1.5250e-03   2.0000e+04   3.8195e-02   3.8195e-02   1.3330e-09   5.7199e-12   0.0000e+00   0.0000e+00   
6.9227187388e+15  1.7661e+01   1.9251e+01   9.9013e+00   4.9999e+05   1.8000e+03   9.1467e+03   8.4729e+02   3.9258e+00   1.5254e-03   2.0001e+04   3.8152e-02   3.8152e-02   1.3315e-09   5.7185e-12   0.0000e+00   0.0000e+00   
1.7818840672e+16  1.7664e+01   1.9254e+01   9.9013e+00   4.9996e+05   1.8001e+03   9.1474e+03   8.4718e+02   3.9267e+00   1.5267e-03   2.0002e+04   3.8038e-02   3.8038e-02   1.3278e-09   5.7161e-12   0.0000e+00   0.0000e+00   
4.4016872081e+16  1.7672e+01   1.9271e+01   9.9013e+00   4.9983e+05   1.8006e+03   9.1502e+03   8.4701e+02   3.9292e+00   1.5301e-03   2.0007e+04   3.7770e-02   3.7770e-02   1.3219e-09   5.7282e-12   0.0000e+00   0.0000e+00   
7.6502283841e+16  1.7705e+01   1.9390e+01   9.9014e+00   4.9937e+05   1.8023e+03   9.1590e+03   8.4731e+02   3.9339e+00   1.5390e-03   2.0025e+04   3.7456e-02   3.7456e-02   1.3375e-09   5.8845e-12   0.0000e+00   0.0000e+00   
1.0837271321e+17  1.7895e+01   2.0308e+01   9.9018e+00   4.9801e+05   1.8072e+03   9.1846e+03   8.4913e+02   3.9428e+00   1.5828e-03   2.0080e+04   3.7166e-02   3.7166e-02   1.5227e-09   7.1454e-12   0.0000e+00   0.0000e+00   
1.1645629013e+17  1.8041e+01   2.1031e+01   9.9022e+00   4.9734e+05   1.8096e+03   9.1970e+03   8.5013e+02   3.9464e+00   1.6129e-03   2.0107e+04   3.7087e-02   3.7087e-02   1.6869e-09   8.2870e-12   0.0000e+00   0.0000e+00   
1.2458234407e+17  1.8290e+01   2.2262e+01   9.9028e+00   4.9644e+05   1.8129e+03   9.2138e+03   8.5153e+02   3.9509e+00   1.6590e-03   2.0143e+04   3.7000e-02   3.7000e-02   2.0065e-09   1.0635e-11   0.0000e+00   0.0000e+00   
1.3283131625e+17  1.8732e+01   2.4396e+01   9.9040e+00   4.9519e+05   1.8175e+03   9.2373e+03   8.5353e+02   3.9565e+00   1.7299e-03   2.0195e+04   3.6896e-02   3.6896e-02   2.7031e-09   1.6304e-11   0.0000e+00   0.0000e+00   
1.3444504594e+17  1.8851e+01   2.4966e+01   9.9044e+00   4.9489e+05   1.8186e+03   9.2429e+03   8.5401e+02   3.9578e+00   1.7474e-03   2.0207e+04   3.6873e-02   3.6873e-02   2.5667e-09   1.8235e-11   0.0000e+00   0.0000e+00   
1.3641488940e+17  1.9013e+01   2.5745e+01   9.9048e+00   4.9450e+05   1.8200e+03   9.2503e+03   8.5464e+02   3.9595e+00   1.7706e-03   2.0223e+04   3.6844e-02   3.6844e-02   2.6444e-09   2.1171e-11   0.0000e+00   0.0000e+00   
1.3855026205e+17  1.9213e+01   2.6709e+01   9.9054e+00   4.9404e+05   1.8217e+03   9.2590e+03   8.5540e+02   3.9614e+00   1.7981e-03   2.0242e+04   3.6811e-02   3.6811e-02   2.6633e-09   2.5384e-11   0.0000e+00   0.0000e+00   
1.4078121698e+17  1.9458e+01   2.7875e+01   9.9061e+00   4.9350e+05   1.8237e+03   9.2691e+03   8.5627e+02   3.9635e+00   1.8293e-03   2.0264e+04   3.6775e-02   3.6775e-02   3.1025e-09   3.1534e-11   0.0000e+00   0.0000e+00   
1.4309957419e+17  1.9760e+01   2.9288e+01   9.9070e+00   4.9289e+05   1.8260e+03   9.2807e+03   8.5729e+02   3.9660e+00   1.8651e-03   2.0289e+04   3.6735e-02   3.6735e-02   3.6522e-09   4.0939e-11   0.0000e+00   0.0000e+00   
1.4543518850e+17  2.0113e+01   3.0941e+01   9.9082e+00   4.9220e+05   1.8285e+03   9.2938e+03   8.5843e+02   3.9687e+00   1.9049e-03   2.0318e+04   3.6692e-02   3.6692e-02   3.9107e-09   5.4976e-11   0.0000e+00   0.0000e+00   
1.4814869022e+17  2.0614e+01   3.3223e+01   9.9098e+00   4.9129e+05   1.8319e+03   9.3109e+03   8.5995e+02   3.9722e+00   1.9565e-03   2.0355e+04   3.6638e-02   3.6638e-02   5.1348e-09   8.2113e-11   0.0000e+00   0.0000e+00   