! three parameters are given: shock speed (cm/s), turbulent velocity (cm/s), number of specimen levels: 
5.0000e+05   3.0000e+04   41
!depth(cm)        gas_temp(K)  el_temp      dust_temp(K) gasvel(cm/s) concHe(cm-3) conc_pH2     conc_oH2     conc_H       conc_e       conc_H_nucl  conc_mol     1            2            3            4            5            6            7            8            9            10           11           12           13           14           15           16           17           18           19           20           21           22           23           24           25           26           27           28           29           30           31           32           33           34           35           36           37           38           39           40           41           
2.8411269634e+15  1.7660e+01   1.9250e+01   9.9013e+00   5.0000e+05   1.8000e+03   9.1465e+03   8.4733e+02   3.9255e+00   1.5250e-03   2.0000e+04   1.5868e-01   2.3673e-02   5.1900e-02   4.6196e-02   2.5212e-02   9.1831e-03   2.2330e-03   2.7356e-04   7.9415e-06   1.4704e-07   3.2298e-09   6.0323e-11   8.5838e-13   8.6743e-15   6.7754e-17   3.7059e-19   1.3383e-21   3.8889e-24   8.5280e-27   1.3603e-29   2.4590e-32   2.2680e-35   1.5428e-38   7.6179e-42   2.6943e-45   6.8779e-49   1.2483e-52   1.7938e-56   2.0559e-60   1.5698e-64   8.3507e-69   3.4576e-73   1.0843e-77   2.4581e-82   4.1581e-87   5.1841e-92   4.7735e-97   0.0000e+00   0.0000e+00   0.0000e+00   0.0000e+00   0.0000e+00   
6.9227187388e+15  1.7661e+01   1.9251e+01   9.9013e+00   4.9999e+05   1.8000e+03   9.1467e+03   8.4729e+02   3.9258e+00   1.5254e-03   2.0001e+04   1.5849e-01   2.3644e-02   5.1837e-02   4.6142e-02   2.5183e-02   9.1730e-03   2.2306e-03   2.7319e-04   7.9289e-06   1.4688e-07   3.2269e-09   6.0278e-11   8.5787e-13   8.6706e-15   6.7738e-17   3.7057e-19   1.3385e-21   3.8903e-24   8.5333e-27   1.3614e-29   2.4618e-32   2.2712e-35   1.5455e-38   7.6336e-42   2.7007e-45   6.8967e-49   1.2522e-52   1.8000e-56   2.0638e-60   1.5765e-64   8.3895e-69   3.4751e-73   1.0903e-77   2.4728e-82   4.1849e-87   5.2201e-92   4.8090e-97   0.0000e+00   0.0000e+00   0.0000e+00   0.0000e+00   0.0000e+00   
1.7818840672e+16  1.7664e+01   1.9254e+01   9.9013e+00   4.9996e+05   1.8001e+03   9.1474e+03   8.4718e+02   3.9267e+00   1.5267e-03   2.0002e+04   1.5799e-01   2.3567e-02   5.1670e-02   4.5997e-02   2.5107e-02   9.1466e-03   2.2242e-03   2.7224e-04   7.8968e-06   1.4646e-07   3.2198e-09   6.0174e-11   8.5677e-13   8.6636e-15   6.7721e-17   3.7068e-19   1.3397e-21   3.8964e-24   8.5527e-27   1.3656e-29   2.4714e-32   2.2820e-35   1.5541e-38   7.6834e-42   2.7209e-45   6.9553e-49   1.2641e-52   1.8191e-56   2.0881e-60   1.5969e-64   8.5085e-69   3.5289e-73   1.1085e-77   2.5176e-82   4.2667e-87   5.3296e-92   4.9170e-97   0.0000e+00   0.0000e+00   0.0000e+00   0.0000e+00   0.0000e+00   
4.4016872081e+16  1.7672e+01   1.9271e+01   9.9013e+00   4.9983e+05   1.8006e+03   9.1502e+03   8.4701e+02   3.9292e+00   1.5301e-03   2.0007e+04   1.5682e-01   2.3382e-02   5.1273e-02   4.5657e-02   2.4932e-02   9.0878e-03   2.2108e-03   2.7034e-04   7.8372e-06   1.4581e-07   3.2113e-09   6.0112e-11   8.5725e-13   8.6839e-15   6.8011e-17   3.7303e-19   1.3512e-21   3.9390e-24   8.6682e-27   1.3877e-29   2.5189e-32   2.3327e-35   1.5937e-38   7.9047e-42   2.8089e-45   7.2059e-49   1.3145e-52   1.8990e-56   2.1886e-60   1.6807e-64   8.9935e-69   3.7467e-73   1.1824e-77   2.6981e-82   4.5950e-87   5.7687e-92   5.3498e-97   0.0000e+00   0.0000e+00   0.0000e+00   0.0000e+00   0.0000e+00   
7.6502283841e+16  1.7705e+01   1.9390e+01   9.9014e+00   4.9937e+05   1.8023e+03   9.1590e+03   8.4731e+02   3.9339e+00   1.5390e-03   2.0025e+04   1.5545e-01   2.3138e-02   5.0766e-02   4.5257e-02   2.4756e-02   9.0439e-03   2.2060e-03   2.7064e-04   7.8912e-06   1.4751e-07   3.2650e-09   6.1467e-11   8.8209e-13   8.9992e-15   7.1005e-17   3.9264e-19   1.4345e-21   4.2210e-24   9.3802e-27   1.5174e-29   2.7843e-32   2.6085e-35   1.8036e-38   9.0598e-42   3.2621e-45   8.4852e-49   1.5703e-52   2.3024e-56   2.6949e-60   2.1030e-64   1.1442e-68   4.8492e-73   1.5577e-77   3.6202e-82   6.2828e-87   8.0423e-92   7.6088e-97   0.0000e+00   0.0000e+00   0.0000e+00   0.0000e+00   0.0000e+00   
1.0837271321e+17  1.7895e+01   2.0308e+01   9.9018e+00   4.9801e+05   1.8072e+03   9.1846e+03   8.4913e+02   3.9428e+00   1.5828e-03   2.0080e+04   1.5415e-01   2.2715e-02   5.0005e-02   4.4876e-02   2.4794e-02   9.1793e-03   2.2794e-03   2.8899e-04   8.8448e-06   1.6738e-07   3.7927e-09   7.3734e-11   1.0976e-12   1.1672e-14   9.6111e-17   5.5754e-19   2.1413e-21   6.6521e-24   1.5643e-26   2.6885e-29   5.2473e-32   5.2559e-35   3.8967e-38   2.1059e-41   8.1853e-45   2.3067e-48   4.6388e-52   7.4134e-56   9.4914e-60   8.1278e-64   4.8683e-68   2.2792e-72   8.1125e-77   2.0963e-81   4.0578e-86   5.8127e-91   6.1741e-96   0.0000e+00   0.0000e+00   0.0000e+00   0.0000e+00   0.0000e+00   
1.1645629013e+17  1.8041e+01   2.1031e+01   9.9022e+00   4.9734e+05   1.8096e+03   9.1970e+03   8.5013e+02   3.9464e+00   1.6129e-03   2.0107e+04   1.5378e-01   2.2490e-02   4.9632e-02   4.4764e-02   2.4917e-02   9.3175e-03   2.3452e-03   3.0500e-04   9.7098e-06   1.8497e-07   4.2623e-09   8.4865e-11   1.2982e-12   1.4243e-14   1.2106e-16   7.2800e-19   2.9020e-21   9.3898e-24   2.3032e-26   4.1422e-29   8.4655e-32   8.9141e-35   6.9625e-38   3.9743e-41   1.6356e-44   4.8939e-48   1.0473e-51   1.7849e-55   2.4437e-59   2.2431e-63   1.4436e-67   7.2805e-72   2.7980e-76   7.8265e-81   1.6438e-85   2.5613e-90   2.9663e-95   2.5757e-100  0.0000e+00   0.0000e+00   0.0000e+00   0.0000e+00   
1.2458234407e+17  1.8290e+01   2.2262e+01   9.9028e+00   4.9644e+05   1.8129e+03   9.2138e+03   8.5153e+02   3.9509e+00   1.6590e-03   2.0143e+04   1.5336e-01   2.2142e-02   4.9068e-02   4.4625e-02   2.5152e-02   9.5649e-03   2.4626e-03   3.3420e-04   1.1356e-05   2.1907e-07   5.1892e-09   1.0753e-10   1.7216e-12   1.9905e-14   1.7842e-16   1.1397e-18   4.8357e-21   1.6752e-23   4.4103e-26   8.5583e-29   1.8896e-31   2.1638e-34   1.8445e-37   1.1540e-40   5.2273e-44   1.7293e-47   4.1070e-51   7.7976e-55   1.1946e-58   1.2320e-62   8.9445e-67   5.1102e-71   2.2336e-75   7.1357e-80   1.7186e-84   3.0834e-89   4.1285e-94   4.1615e-99   0.0000e+00   0.0000e+00   0.0000e+00   0.0000e+00   
1.3283131625e+17  1.8732e+01   2.4396e+01   9.9040e+00   4.9519e+05   1.8175e+03   9.2373e+03   8.5353e+02   3.9565e+00   1.7299e-03   2.0195e+04   1.5285e-01   2.1578e-02   4.8162e-02   4.4430e-02   2.5585e-02   1.0013e-02   2.6793e-03   3.9059e-04   1.4916e-05   2.9401e-07   7.2840e-09   1.6153e-10   2.7946e-12   3.5363e-14   3.4698e-16   2.4586e-18   1.1604e-20   4.5192e-23   1.3426e-25   2.9677e-28   7.4772e-31   9.8840e-34   9.7841e-37   7.1610e-40   3.8220e-43   1.5015e-46   4.2619e-50   9.7321e-54   1.8072e-57   2.2746e-61   2.0295e-65   1.4353e-69   7.8176e-74   3.1350e-78   9.5424e-83   2.1792e-87   3.7395e-92   4.8649e-97   0.0000e+00   0.0000e+00   0.0000e+00   0.0000e+00   
1.3444504594e+17  1.8851e+01   2.4966e+01   9.9044e+00   4.9489e+05   1.8186e+03   9.2429e+03   8.5401e+02   3.9578e+00   1.7474e-03   2.0207e+04   1.5274e-01   2.1472e-02   4.8005e-02   4.4436e-02   2.5703e-02   1.0098e-02   2.6665e-03   3.4913e-04   1.1690e-05   2.6543e-07   6.9506e-09   1.5812e-10   2.7888e-12   3.5883e-14   3.6176e-16   2.6117e-18   1.2669e-20   5.0577e-23   1.5530e-25   3.5417e-28   9.3257e-31   1.2789e-33   1.3160e-36   1.0030e-39   5.5844e-43   2.2939e-46   6.8178e-50   1.6336e-53   3.1882e-57   4.2272e-61   3.9800e-65   2.9759e-69   1.7170e-73   7.3070e-78   2.3647e-82   5.7523e-87   1.0534e-91   1.4651e-96   0.0000e+00   0.0000e+00   0.0000e+00   0.0000e+00   
1.3641488940e+17  1.9013e+01   2.5745e+01   9.9048e+00   4.9450e+05   1.8200e+03   9.2503e+03   8.5464e+02   3.9595e+00   1.7706e-03   2.0223e+04   1.5260e-01   2.1312e-02   4.7759e-02   4.4415e-02   2.5860e-02   1.0230e-02   2.6840e-03   3.2877e-04   1.0583e-05   2.6306e-07   7.1664e-09   1.6780e-10   3.0317e-12   4.0193e-14   4.1802e-16   3.1190e-18   1.5673e-20   6.5021e-23   2.0828e-25   4.9643e-28   1.3767e-30   1.9844e-33   2.1508e-36   1.7308e-39   1.0201e-42   4.4479e-46   1.4064e-49   3.5935e-53   7.4980e-57   1.0657e-60   1.0781e-64   8.6835e-69   5.4101e-73   2.4924e-77   8.7531e-82   2.3163e-86   4.6254e-91   7.0329e-96   0.0000e+00   0.0000e+00   0.0000e+00   0.0000e+00   
1.3855026205e+17  1.9213e+01   2.6709e+01   9.9054e+00   4.9404e+05   1.8217e+03   9.2590e+03   8.5540e+02   3.9614e+00   1.7981e-03   2.0242e+04   1.5244e-01   2.1159e-02   4.7540e-02   4.4444e-02   2.6049e-02   1.0344e-02   2.6200e-03   2.7308e-04   8.4658e-06   2.4334e-07   7.0096e-09   1.7060e-10   3.1536e-12   4.3565e-14   4.6787e-16   3.6424e-18   1.9014e-20   8.2763e-23   2.7866e-25   7.0093e-28   2.0765e-30   3.1806e-33   3.6706e-36   3.1548e-39   1.9922e-42   9.3383e-46   3.1830e-49   8.7921e-53   1.9894e-56   3.0764e-60   3.3960e-64   2.9939e-68   2.0479e-72   1.0389e-76   4.0295e-81   1.1812e-85   2.6206e-90   4.4404e-95   5.4179e-100  0.0000e+00   0.0000e+00   0.0000e+00   
1.4078121698e+17  1.9458e+01   2.7875e+01   9.9061e+00   4.9350e+05   1.8237e+03   9.2691e+03   8.5627e+02   3.9635e+00   1.8293e-03   2.0264e+04   1.5226e-01   2.0888e-02   4.7100e-02   4.4352e-02   2.6279e-02   1.0590e-02   2.7428e-03   2.9872e-04   9.6112e-06   2.8045e-07   8.3057e-09   2.0923e-10   4.0303e-12   5.8146e-14   6.5515e-16   5.3658e-18   2.9600e-20   1.3657e-22   4.8917e-25   1.3139e-27   4.1633e-30   6.8573e-33   8.5369e-36   7.9444e-39   5.4514e-42   2.7881e-45   1.0402e-48   3.1550e-52   7.8699e-56   1.3463e-59   1.6498e-63   1.6207e-67   1.2394e-71   7.0553e-76   3.0814e-80   1.0208e-84   2.5683e-89   4.9527e-94   6.9022e-99   0.0000e+00   0.0000e+00   0.0000e+00   
1.4309957419e+17  1.9760e+01   2.9288e+01   9.9070e+00   4.9289e+05   1.8260e+03   9.2807e+03   8.5729e+02   3.9660e+00   1.8651e-03   2.0289e+04   1.5207e-01   2.0584e-02   4.6612e-02   4.4265e-02   2.6556e-02   1.0869e-02   2.8547e-03   3.1461e-04   1.0512e-05   3.1985e-07   9.8527e-09   2.5919e-10   5.2324e-12   7.9643e-14   9.4872e-16   8.2621e-18   4.8611e-20   2.4057e-22   9.2781e-25   2.6963e-27   9.2811e-30   1.6682e-32   2.2747e-35   2.3289e-38   1.7658e-41   1.0028e-44   4.1700e-48   1.4154e-51   3.9692e-55   7.6667e-59   1.0653e-62   1.1918e-66   1.0422e-70   6.8146e-75   3.4329e-79   1.3174e-83   3.8558e-88   8.6867e-93   1.4203e-97   0.0000e+00   0.0000e+00   0.0000e+00   
1.4543518850e+17  2.0113e+01   3.0941e+01   9.9082e+00   4.9220e+05   1.8285e+03   9.2938e+03   8.5843e+02   3.9687e+00   1.9049e-03   2.0318e+04   1.5186e-01   2.0428e-02   4.6431e-02   4.4419e-02   2.6853e-02   1.0919e-02   2.5825e-03   2.1942e-04   7.8671e-06   2.8493e-07   9.5089e-09   2.6532e-10   5.5514e-12   9.0704e-14   1.1331e-15   1.0627e-17   6.6237e-20   3.5581e-22   1.4851e-24   4.7160e-27   1.8037e-29   3.5794e-32   5.4031e-35   6.1561e-38   5.2214e-41   3.3341e-44   1.5667e-47   6.0343e-51   1.9298e-54   4.2738e-58   6.8421e-62   8.8643e-66   9.0191e-70   6.8945e-74   4.0801e-78   1.8484e-82   6.4174e-87   1.7234e-91   3.3733e-96   0.0000e+00   0.0000e+00   0.0000e+00   
1.4814869022e+17  2.0614e+01   3.3223e+01   9.9098e+00   4.9129e+05   1.8319e+03   9.3109e+03   8.5995e+02   3.9722e+00   1.9565e-03   2.0355e+04   1.5161e-01   1.9972e-02   4.5688e-02   4.4276e-02   2.7281e-02   1.1364e-02   2.7702e-03   2.4758e-04   9.3863e-06   3.5717e-07   1.2627e-08   3.7626e-10   8.4829e-12   1.5023e-13   2.0485e-15   2.1126e-17   1.4536e-19   8.7084e-22   4.0755e-24   1.4595e-26   6.3206e-29   1.4338e-31   2.4895e-34   3.2849e-37   3.2484e-40   2.4362e-43   1.3539e-46   6.1979e-50   2.3709e-53   6.3251e-57   1.2287e-60   1.9452e-64   2.4314e-68   2.2990e-72   1.6932e-76   9.6142e-81   4.2101e-85   1.4355e-89   3.5933e-94   7.2507e-99   0.0000e+00   0.0000e+00   