! three parameters are given: shock speed (cm/s), turbulent velocity (cm/s), number of specimen levels: 
5.0000e+05   3.0000e+04   3
!depth(cm)        gas_temp(K)  el_temp      dust_temp(K) gasvel(cm/s) concHe(cm-3) conc_pH2     conc_oH2     conc_H       conc_e       conc_H_nucl  conc_mol     1            2            3            
2.8411269634e+15  1.7660e+01   1.9250e+01   9.9013e+00   5.0000e+05   1.8000e+03   9.1465e+03   8.4733e+02   3.9255e+00   1.5250e-03   2.0000e+04   4.0081e-03   2.1156e-03   1.6113e-03   2.8126e-04   
6.9227187388e+15  1.7661e+01   1.9251e+01   9.9013e+00   4.9999e+05   1.8000e+03   9.1467e+03   8.4729e+02   3.9258e+00   1.5254e-03   2.0001e+04   4.0094e-03   2.1162e-03   1.6118e-03   2.8138e-04   
1.7818840672e+16  1.7664e+01   1.9254e+01   9.9013e+00   4.9996e+05   1.8001e+03   9.1474e+03   8.4718e+02   3.9267e+00   1.5267e-03   2.0002e+04   4.0129e-03   2.1178e-03   1.6134e-03   2.8174e-04   
4.4016872081e+16  1.7672e+01   1.9271e+01   9.9013e+00   4.9983e+05   1.8006e+03   9.1502e+03   8.4701e+02   3.9292e+00   1.5301e-03   2.0007e+04   4.0218e-03   2.1216e-03   1.6174e-03   2.8274e-04   
7.6502283841e+16  1.7705e+01   1.9390e+01   9.9014e+00   4.9937e+05   1.8023e+03   9.1590e+03   8.4731e+02   3.9339e+00   1.5390e-03   2.0025e+04   4.0343e-03   2.1251e-03   1.6242e-03   2.8510e-04   
1.0837271321e+17  1.7895e+01   2.0308e+01   9.9018e+00   4.9801e+05   1.8072e+03   9.1846e+03   8.4913e+02   3.9428e+00   1.5828e-03   2.0080e+04   4.0493e-03   2.1146e-03   1.6399e-03   2.9472e-04   
1.1645629013e+17  1.8041e+01   2.1031e+01   9.9022e+00   4.9734e+05   1.8096e+03   9.1970e+03   8.5013e+02   3.9464e+00   1.6129e-03   2.0107e+04   4.0538e-03   2.1033e-03   1.6489e-03   3.0158e-04   
1.2458234407e+17  1.8290e+01   2.2262e+01   9.9028e+00   4.9644e+05   1.8129e+03   9.2138e+03   8.5153e+02   3.9509e+00   1.6590e-03   2.0143e+04   4.0602e-03   2.0835e-03   1.6634e-03   3.1331e-04   
1.3283131625e+17  1.8732e+01   2.4396e+01   9.9040e+00   4.9519e+05   1.8175e+03   9.2373e+03   8.5353e+02   3.9565e+00   1.7299e-03   2.0195e+04   4.0709e-03   2.0490e-03   1.6876e-03   3.3426e-04   
1.3444504594e+17  1.8851e+01   2.4966e+01   9.9044e+00   4.9489e+05   1.8186e+03   9.2429e+03   8.5401e+02   3.9578e+00   1.7474e-03   2.0207e+04   4.0740e-03   2.0431e-03   1.6920e-03   3.3892e-04   
1.3641488940e+17  1.9013e+01   2.5745e+01   9.9048e+00   4.9450e+05   1.8200e+03   9.2503e+03   8.5464e+02   3.9595e+00   1.7706e-03   2.0223e+04   4.0783e-03   2.0328e-03   1.6994e-03   3.4607e-04   
1.3855026205e+17  1.9213e+01   2.6709e+01   9.9054e+00   4.9404e+05   1.8217e+03   9.2590e+03   8.5540e+02   3.9614e+00   1.7981e-03   2.0242e+04   4.0838e-03   2.0211e-03   1.7080e-03   3.5473e-04   
1.4078121698e+17  1.9458e+01   2.7875e+01   9.9061e+00   4.9350e+05   1.8237e+03   9.2691e+03   8.5627e+02   3.9635e+00   1.8293e-03   2.0264e+04   4.0910e-03   2.0039e-03   1.7206e-03   3.6655e-04   
1.4309957419e+17  1.9760e+01   2.9288e+01   9.9070e+00   4.9289e+05   1.8260e+03   9.2807e+03   8.5729e+02   3.9660e+00   1.8651e-03   2.0289e+04   4.1002e-03   1.9837e-03   1.7355e-03   3.8109e-04   
1.4543518850e+17  2.0113e+01   3.0941e+01   9.9082e+00   4.9220e+05   1.8285e+03   9.2938e+03   8.5843e+02   3.9687e+00   1.9049e-03   2.0318e+04   4.1118e-03   1.9638e-03   1.7508e-03   3.9718e-04   
1.4814869022e+17  2.0614e+01   3.3223e+01   9.9098e+00   4.9129e+05   1.8319e+03   9.3109e+03   8.5995e+02   3.9722e+00   1.9565e-03   2.0355e+04   4.1290e-03   1.9331e-03   1.7742e-03   4.2170e-04   