! p1 - total abundance of grain mantle molecules, [molecules/H]
! p2 - abundance of hydrocarbon molecules in ice mantles, CnHm, n >=2,  [molecules/H]
! p3 - parameter of H2 formation on grains (reaction *H+*H), rate = a*n_H_tot*n_H, a [cm3 s-1]
! p4 - electron concentration, [cm-3]
! p5 - ion concentration (without PAHs and small grains), [cm-3]
! p6 - total electric charge of grains, [cm-3]
!1             2             3             4             5             6             7             8             9             10            
!time(yrs)     T_n           T_i           T_e           p1            p2            p3            p4            p5            p6            
1.0000000e+00  1.00020e+01   1.00059e+01   1.00059e+01   1.96266e-09   8.88235e-16   1.36482e-21   2.78989e+00   2.78989e+00   -2.21339e-07  
1.0746078e+00  1.00021e+01   1.00062e+01   1.00062e+01   2.10909e-09   1.09624e-15   1.50636e-21   2.78898e+00   2.78898e+00   -2.21339e-07  
1.1547820e+00  1.00023e+01   1.00066e+01   1.00066e+01   2.26643e-09   1.35274e-15   1.67286e-21   2.78800e+00   2.78800e+00   -2.21340e-07  
1.2409378e+00  1.00025e+01   1.00070e+01   1.00070e+01   2.43550e-09   1.66888e-15   1.87108e-21   2.78695e+00   2.78695e+00   -2.21340e-07  
1.3335214e+00  1.00028e+01   1.00074e+01   1.00074e+01   2.61718e-09   2.05831e-15   2.10977e-21   2.78581e+00   2.78581e+00   -2.21341e-07  
1.4330126e+00  1.00030e+01   1.00078e+01   1.00078e+01   2.81240e-09   2.53771e-15   2.40024e-21   2.78459e+00   2.78459e+00   -2.21341e-07  
1.5399265e+00  1.00033e+01   1.00083e+01   1.00083e+01   3.02217e-09   3.12748e-15   2.75687e-21   2.78328e+00   2.78328e+00   -2.21342e-07  
1.6548171e+00  1.00036e+01   1.00088e+01   1.00088e+01   3.24755e-09   3.85250e-15   3.19776e-21   2.78187e+00   2.78187e+00   -2.21343e-07  
1.7782794e+00  1.00039e+01   1.00094e+01   1.00094e+01   3.48971e-09   4.74312e-15   3.74513e-21   2.78035e+00   2.78035e+00   -2.21344e-07  
1.9109530e+00  1.00043e+01   1.00100e+01   1.00100e+01   3.74987e-09   5.83626e-15   4.42557e-21   2.77872e+00   2.77872e+00   -2.21344e-07  
2.0535250e+00  1.00047e+01   1.00106e+01   1.00106e+01   4.02937e-09   7.17681e-15   5.26971e-21   2.77696e+00   2.77696e+00   -2.21345e-07  
2.2067341e+00  1.00052e+01   1.00113e+01   1.00113e+01   4.32962e-09   8.81925e-15   6.31099e-21   2.77507e+00   2.77507e+00   -2.21346e-07  
2.3713737e+00  1.00056e+01   1.00121e+01   1.00121e+01   4.65214e-09   1.08296e-14   7.58352e-21   2.77304e+00   2.77304e+00   -2.21347e-07  
2.5482967e+00  1.00062e+01   1.00129e+01   1.00129e+01   4.99855e-09   1.32877e-14   9.11879e-21   2.77085e+00   2.77085e+00   -2.21349e-07  
2.7384196e+00  1.00068e+01   1.00138e+01   1.00138e+01   5.37060e-09   1.62900e-14   1.09414e-20   2.76849e+00   2.76849e+00   -2.21350e-07  
2.9427272e+00  1.00075e+01   1.00148e+01   1.00148e+01   5.77016e-09   1.99526e-14   1.30650e-20   2.76596e+00   2.76596e+00   -2.21351e-07  
3.1622777e+00  1.00082e+01   1.00158e+01   1.00158e+01   6.19925e-09   2.44153e-14   1.54886e-20   2.76323e+00   2.76323e+00   -2.21353e-07  
3.3982083e+00  1.00090e+01   1.00170e+01   1.00170e+01   6.66001e-09   2.98458e-14   1.81966e-20   2.76030e+00   2.76030e+00   -2.21354e-07  
3.6517413e+00  1.00099e+01   1.00182e+01   1.00182e+01   7.15479e-09   3.64449e-14   2.11580e-20   2.75715e+00   2.75715e+00   -2.21356e-07  
3.9241898e+00  1.00109e+01   1.00196e+01   1.00196e+01   7.68608e-09   4.44525e-14   2.43318e-20   2.75375e+00   2.75375e+00   -2.21358e-07  
4.2169650e+00  1.00121e+01   1.00210e+01   1.00210e+01   8.25656e-09   5.41542e-14   2.76715e-20   2.75010e+00   2.75010e+00   -2.21360e-07  
4.5315836e+00  1.00133e+01   1.00226e+01   1.00226e+01   8.86914e-09   6.58897e-14   3.11307e-20   2.74618e+00   2.74618e+00   -2.21362e-07  
4.8696753e+00  1.00146e+01   1.00243e+01   1.00243e+01   9.52691e-09   8.00614e-14   3.46679e-20   2.74196e+00   2.74196e+00   -2.21364e-07  
5.2329911e+00  1.00161e+01   1.00262e+01   1.00262e+01   1.02332e-08   9.71448e-14   3.82558e-20   2.73742e+00   2.73742e+00   -2.21367e-07  
5.6234133e+00  1.00178e+01   1.00282e+01   1.00282e+01   1.09916e-08   1.17700e-13   4.18783e-20   2.73255e+00   2.73255e+00   -2.21370e-07  
6.0429639e+00  1.00196e+01   1.00304e+01   1.00304e+01   1.18060e-08   1.42384e-13   4.55393e-20   2.72731e+00   2.72731e+00   -2.21373e-07  
6.4938163e+00  1.00216e+01   1.00328e+01   1.00328e+01   1.26804e-08   1.71968e-13   4.92565e-20   2.72168e+00   2.72168e+00   -2.21376e-07  
6.9783058e+00  1.00238e+01   1.00353e+01   1.00353e+01   1.36192e-08   2.07348e-13   5.30649e-20   2.71564e+00   2.71564e+00   -2.21380e-07  
7.4989421e+00  1.00263e+01   1.00381e+01   1.00381e+01   1.46271e-08   2.49568e-13   5.70096e-20   2.70915e+00   2.70915e+00   -2.21384e-07  
8.0584219e+00  1.00289e+01   1.00412e+01   1.00412e+01   1.57091e-08   2.99836e-13   6.11226e-20   2.70219e+00   2.70219e+00   -2.21388e-07  
8.6596432e+00  1.00319e+01   1.00445e+01   1.00445e+01   1.68706e-08   3.59548e-13   6.54503e-20   2.69471e+00   2.69472e+00   -2.21392e-07  
9.3057204e+00  1.00351e+01   1.00480e+01   1.00480e+01   1.81174e-08   4.30306e-13   7.00355e-20   2.68670e+00   2.68670e+00   -2.21397e-07  
1.0000000e+01  1.00387e+01   1.00519e+01   1.00519e+01   1.94554e-08   5.13947e-13   7.49143e-20   2.67812e+00   2.67812e+00   -2.21403e-07  
1.0746078e+01  1.00426e+01   1.00562e+01   1.00562e+01   2.08913e-08   6.12566e-13   8.01297e-20   2.66892e+00   2.66892e+00   -2.21409e-07  
1.1547820e+01  1.00468e+01   1.00607e+01   1.00607e+01   2.24321e-08   7.28547e-13   8.57175e-20   2.65907e+00   2.65907e+00   -2.21415e-07  
1.2409378e+01  1.00515e+01   1.00657e+01   1.00657e+01   2.40852e-08   8.64591e-13   9.17074e-20   2.64853e+00   2.64853e+00   -2.21422e-07  
1.3335214e+01  1.00566e+01   1.00711e+01   1.00711e+01   2.58585e-08   1.02375e-12   9.81554e-20   2.63725e+00   2.63726e+00   -2.21429e-07  
1.4330126e+01  1.00622e+01   1.00769e+01   1.00769e+01   2.77605e-08   1.20946e-12   1.05077e-19   2.62521e+00   2.62521e+00   -2.21438e-07  
1.5399265e+01  1.00683e+01   1.00833e+01   1.00833e+01   2.98001e-08   1.42557e-12   1.12516e-19   2.61234e+00   2.61234e+00   -2.21446e-07  
1.6548171e+01  1.00749e+01   1.00902e+01   1.00902e+01   3.19871e-08   1.67642e-12   1.20511e-19   2.59861e+00   2.59861e+00   -2.21456e-07  
1.7782794e+01  1.00821e+01   1.00976e+01   1.00976e+01   3.43316e-08   1.96683e-12   1.29099e-19   2.58396e+00   2.58396e+00   -2.21467e-07  
1.9109530e+01  1.00900e+01   1.01057e+01   1.01057e+01   3.68443e-08   2.30222e-12   1.38325e-19   2.56835e+00   2.56835e+00   -2.21478e-07  
2.0535250e+01  1.00985e+01   1.01145e+01   1.01145e+01   3.95368e-08   2.68859e-12   1.48239e-19   2.55173e+00   2.55173e+00   -2.21490e-07  
2.2067341e+01  1.01078e+01   1.01240e+01   1.01240e+01   4.24212e-08   3.13269e-12   1.58860e-19   2.53405e+00   2.53405e+00   -2.21503e-07  
2.3713737e+01  1.01178e+01   1.01342e+01   1.01342e+01   4.55104e-08   3.64200e-12   1.70262e-19   2.51526e+00   2.51526e+00   -2.21518e-07  
2.5482967e+01  1.01287e+01   1.01453e+01   1.01453e+01   4.88181e-08   4.22494e-12   1.82484e-19   2.49531e+00   2.49531e+00   -2.21533e-07  
2.7384196e+01  1.01406e+01   1.01573e+01   1.01573e+01   5.23585e-08   4.89088e-12   1.95575e-19   2.47414e+00   2.47414e+00   -2.21550e-07  
2.9427272e+01  1.01533e+01   1.01703e+01   1.01703e+01   5.61469e-08   5.65039e-12   2.09588e-19   2.45170e+00   2.45171e+00   -2.21569e-07  
3.1622777e+01  1.01672e+01   1.01843e+01   1.01843e+01   6.01992e-08   6.51532e-12   2.24574e-19   2.42796e+00   2.42796e+00   -2.21588e-07  
3.3982083e+01  1.01821e+01   1.01995e+01   1.01995e+01   6.45323e-08   7.49909e-12   2.40585e-19   2.40284e+00   2.40284e+00   -2.21610e-07  
3.6517413e+01  1.01983e+01   1.02158e+01   1.02158e+01   6.91637e-08   8.61690e-12   2.57672e-19   2.37632e+00   2.37632e+00   -2.21633e-07  
3.9241898e+01  1.02157e+01   1.02334e+01   1.02334e+01   7.41121e-08   9.88603e-12   2.75888e-19   2.34834e+00   2.34834e+00   -2.21658e-07  
4.2169650e+01  1.02344e+01   1.02524e+01   1.02524e+01   7.93967e-08   1.13262e-11   2.95282e-19   2.31886e+00   2.31886e+00   -2.21685e-07  
4.5315836e+01  1.02547e+01   1.02728e+01   1.02728e+01   8.50380e-08   1.29600e-11   3.15901e-19   2.28784e+00   2.28784e+00   -2.21714e-07  
4.8696753e+01  1.02764e+01   1.02948e+01   1.02948e+01   9.10572e-08   1.48133e-11   3.37791e-19   2.25524e+00   2.25524e+00   -2.21745e-07  
5.2329911e+01  1.02998e+01   1.03184e+01   1.03184e+01   9.74767e-08   1.69160e-11   3.60991e-19   2.22104e+00   2.22104e+00   -2.21779e-07  
5.6234133e+01  1.03250e+01   1.03438e+01   1.03438e+01   1.04320e-07   1.93024e-11   3.85540e-19   2.18520e+00   2.18520e+00   -2.21816e-07  
6.0429639e+01  1.03520e+01   1.03710e+01   1.03710e+01   1.11612e-07   2.20124e-11   4.11468e-19   2.14771e+00   2.14771e+00   -2.21855e-07  
6.4938163e+01  1.03810e+01   1.04003e+01   1.04003e+01   1.19377e-07   2.50918e-11   4.38802e-19   2.10855e+00   2.10855e+00   -2.21897e-07  
6.9783058e+01  1.04121e+01   1.04316e+01   1.04316e+01   1.27645e-07   2.85939e-11   4.67561e-19   2.06771e+00   2.06771e+00   -2.21943e-07  
7.4989421e+01  1.04454e+01   1.04652e+01   1.04652e+01   1.36444e-07   3.25804e-11   4.97756e-19   2.02519e+00   2.02519e+00   -2.21992e-07  
8.0584219e+01  1.04811e+01   1.05012e+01   1.05012e+01   1.45804e-07   3.71225e-11   5.29389e-19   1.98099e+00   1.98099e+00   -2.22044e-07  
8.6596432e+01  1.05192e+01   1.05397e+01   1.05397e+01   1.55761e-07   4.23030e-11   5.62452e-19   1.93513e+00   1.93514e+00   -2.22091e-07  
9.3057204e+01  1.05601e+01   1.05808e+01   1.05808e+01   1.66350e-07   4.82176e-11   5.96922e-19   1.88763e+00   1.88764e+00   -2.22126e-07  
1.0000000e+02  1.06037e+01   1.06248e+01   1.06248e+01   1.77612e-07   5.49772e-11   6.32759e-19   1.83852e+00   1.83852e+00   -2.22163e-07  
1.0746078e+02  1.06502e+01   1.06717e+01   1.06717e+01   1.89592e-07   6.27101e-11   6.69900e-19   1.78783e+00   1.78783e+00   -2.22203e-07  
1.1547820e+02  1.06999e+01   1.07218e+01   1.07218e+01   2.02339e-07   7.15643e-11   7.08257e-19   1.73561e+00   1.73562e+00   -2.22246e-07  
1.2409378e+02  1.07528e+01   1.07751e+01   1.07751e+01   2.15910e-07   8.17109e-11   7.47708e-19   1.68193e+00   1.68193e+00   -2.22292e-07  
1.3335214e+02  1.08091e+01   1.08319e+01   1.08319e+01   2.30370e-07   9.33472e-11   7.88096e-19   1.62685e+00   1.62685e+00   -2.22341e-07  
1.4330126e+02  1.08691e+01   1.08923e+01   1.08923e+01   2.45790e-07   1.06700e-10   8.29219e-19   1.57044e+00   1.57045e+00   -2.22393e-07  
1.5399265e+02  1.09328e+01   1.09565e+01   1.09565e+01   2.62255e-07   1.22028e-10   8.70829e-19   1.51281e+00   1.51281e+00   -2.22449e-07  
1.6548171e+02  1.10004e+01   1.10246e+01   1.10246e+01   2.79861e-07   1.39628e-10   9.12625e-19   1.45404e+00   1.45405e+00   -2.22509e-07  
1.7782794e+02  1.10720e+01   1.10968e+01   1.10968e+01   2.98717e-07   1.59839e-10   9.54254e-19   1.39424e+00   1.39425e+00   -2.22572e-07  
1.9109530e+02  1.11478e+01   1.11732e+01   1.11732e+01   3.18948e-07   1.83039e-10   9.95309e-19   1.33354e+00   1.33355e+00   -2.22640e-07  
2.0535250e+02  1.12279e+01   1.12538e+01   1.12538e+01   3.40694e-07   2.09656e-10   1.03533e-18   1.27205e+00   1.27207e+00   -2.22711e-07  
2.2067341e+02  1.13123e+01   1.13388e+01   1.13388e+01   3.64115e-07   2.40163e-10   1.07381e-18   1.20993e+00   1.20994e+00   -2.22788e-07  
2.3713737e+02  1.14010e+01   1.14281e+01   1.14280e+01   3.89386e-07   2.75078e-10   1.11021e-18   1.14732e+00   1.14734e+00   -2.22868e-07  
2.5482967e+02  1.14940e+01   1.15216e+01   1.15216e+01   4.16705e-07   3.14959e-10   1.14397e-18   1.08439e+00   1.08441e+00   -2.22953e-07  
2.7384196e+02  1.15912e+01   1.16194e+01   1.16194e+01   4.46284e-07   3.60395e-10   1.17454e-18   1.02133e+00   1.02135e+00   -2.23043e-07  
2.9427272e+02  1.16924e+01   1.17212e+01   1.17212e+01   4.78358e-07   4.11992e-10   1.20141e-18   9.58319e-01   9.58342e-01   -2.23137e-07  
3.1622777e+02  1.17974e+01   1.18266e+01   1.18266e+01   5.13176e-07   4.70353e-10   1.22420e-18   8.95590e-01   8.95616e-01   -2.23235e-07  
3.3982083e+02  1.19057e+01   1.19354e+01   1.19354e+01   5.51003e-07   5.36048e-10   1.24271e-18   8.33376e-01   8.33406e-01   -2.23337e-07  
3.6517413e+02  1.20169e+01   1.20470e+01   1.20470e+01   5.92116e-07   6.09595e-10   1.25711e-18   7.71940e-01   7.71972e-01   -2.23443e-07  
3.9241898e+02  1.21304e+01   1.21607e+01   1.21607e+01   6.36799e-07   6.91442e-10   1.26816e-18   7.11563e-01   7.11600e-01   -2.23552e-07  
4.2169650e+02  1.22454e+01   1.22758e+01   1.22758e+01   6.85333e-07   7.82000e-10   1.27782e-18   6.52553e-01   6.52593e-01   -2.23663e-07  
4.5315836e+02  1.23610e+01   1.23914e+01   1.23914e+01   7.37989e-07   8.81781e-10   1.29022e-18   5.95232e-01   5.95276e-01   -2.23776e-07  
4.8696753e+02  1.24762e+01   1.25065e+01   1.25065e+01   7.95002e-07   9.91780e-10   1.31440e-18   5.39936e-01   5.39985e-01   -2.23889e-07  
5.2329911e+02  1.25901e+01   1.26200e+01   1.26200e+01   8.56543e-07   1.11440e-09   1.37205e-18   4.87002e-01   4.87055e-01   -2.24001e-07  
5.6234133e+02  1.27015e+01   1.27309e+01   1.27308e+01   9.22656e-07   1.25568e-09   1.53054e-18   4.36753e-01   4.36809e-01   -2.24112e-07  
6.0429639e+02  1.28094e+01   1.28379e+01   1.28379e+01   9.93297e-07   1.43390e-09   2.14162e-18   3.89478e-01   3.89537e-01   -2.24220e-07  
6.4938163e+02  1.29127e+01   1.29403e+01   1.29402e+01   1.09071e-06   2.44203e-09   3.73574e-18   3.45420e-01   3.45481e-01   -2.24324e-07  
6.9783058e+02  1.30106e+01   1.30371e+01   1.30370e+01   1.19348e-06   3.89222e-09   4.20391e-18   3.04753e-01   3.04815e-01   -2.24423e-07  
7.4989421e+02  1.31025e+01   1.31276e+01   1.31276e+01   1.30271e-06   5.55982e-09   4.47804e-18   2.67570e-01   2.67633e-01   -2.24517e-07  
8.0584219e+02  1.31878e+01   1.32116e+01   1.32115e+01   1.42017e-06   7.43176e-09   4.68566e-18   2.33878e-01   2.33941e-01   -2.24604e-07  
8.6596432e+02  1.32663e+01   1.32887e+01   1.32887e+01   1.54689e-06   9.50998e-09   4.86464e-18   2.03601e-01   2.03662e-01   -2.24666e-07  
9.3057204e+02  1.33380e+01   1.33590e+01   1.33590e+01   1.68368e-06   1.18009e-08   5.02857e-18   1.76578e-01   1.76636e-01   -2.24708e-07  
1.0000000e+03  1.34030e+01   1.34227e+01   1.34227e+01   1.83126e-06   1.43130e-08   5.18290e-18   1.52604e-01   1.52658e-01   -2.24746e-07  
1.0746078e+03  1.34614e+01   1.34801e+01   1.34800e+01   1.99037e-06   1.70558e-08   5.33004e-18   1.31435e-01   1.31485e-01   -2.24779e-07  
1.1547820e+03  1.35138e+01   1.35315e+01   1.35315e+01   2.16178e-06   2.00396e-08   5.47127e-18   1.12807e-01   1.12854e-01   -2.24808e-07  
1.2409378e+03  1.35604e+01   1.35774e+01   1.35774e+01   2.34630e-06   2.32755e-08   5.60750e-18   9.64571e-02   9.65002e-02   -2.24834e-07  
1.3335214e+03  1.36017e+01   1.36183e+01   1.36183e+01   2.54478e-06   2.67753e-08   5.73950e-18   8.21292e-02   8.21688e-02   -2.24855e-07  
1.4330126e+03  1.36382e+01   1.36546e+01   1.36545e+01   2.75813e-06   3.05513e-08   5.86802e-18   6.95893e-02   6.96260e-02   -2.24872e-07  
1.5399265e+03  1.36701e+01   1.36866e+01   1.36867e+01   2.98733e-06   3.46167e-08   5.99378e-18   5.86282e-02   5.86625e-02   -2.24885e-07  
1.6548171e+03  1.36979e+01   1.37150e+01   1.37151e+01   3.23340e-06   3.89851e-08   6.11749e-18   4.90631e-02   4.90957e-02   -2.24894e-07  
1.7782794e+03  1.37219e+01   1.37400e+01   1.37403e+01   3.49745e-06   4.36711e-08   6.23985e-18   4.07368e-02   4.07684e-02   -2.24897e-07  
1.9109530e+03  1.37424e+01   1.37622e+01   1.37627e+01   3.78064e-06   4.86893e-08   6.36154e-18   3.35157e-02   3.35469e-02   -2.24895e-07  
2.0535250e+03  1.37598e+01   1.37819e+01   1.37829e+01   4.08420e-06   5.40550e-08   6.48325e-18   2.72864e-02   2.73177e-02   -2.24884e-07  
2.2067341e+03  1.37743e+01   1.37997e+01   1.38016e+01   4.40944e-06   5.97839e-08   6.60565e-18   2.19518e-02   2.19836e-02   -2.24864e-07  
2.3713737e+03  1.37862e+01   1.38162e+01   1.38196e+01   4.75772e-06   6.58915e-08   6.72943e-18   1.74278e-02   1.74603e-02   -2.24830e-07  
2.5482967e+03  1.37958e+01   1.38321e+01   1.38381e+01   5.13053e-06   7.23935e-08   6.85529e-18   1.36388e-02   1.36719e-02   -2.24777e-07  
2.7384196e+03  1.38034e+01   1.38482e+01   1.38586e+01   5.52938e-06   7.93055e-08   6.98393e-18   1.05141e-02   1.05475e-02   -2.24697e-07  
2.9427272e+03  1.38091e+01   1.38656e+01   1.38837e+01   5.95591e-06   8.66426e-08   7.11604e-18   7.98424e-03   8.01729e-03   -2.24579e-07  
3.1622777e+03  1.38132e+01   1.38858e+01   1.39167e+01   6.41183e-06   9.44193e-08   7.25234e-18   5.97882e-03   6.01083e-03   -2.24405e-07  
3.3982083e+03  1.38160e+01   1.39105e+01   1.39625e+01   6.89892e-06   1.02649e-07   7.39349e-18   4.42599e-03   4.45623e-03   -2.24152e-07  
3.6517413e+03  1.38176e+01   1.39422e+01   1.40276e+01   7.41908e-06   1.11344e-07   7.54015e-18   3.25374e-03   3.28165e-03   -2.23789e-07  
3.9241898e+03  1.38182e+01   1.39833e+01   1.41198e+01   7.97429e-06   1.20516e-07   7.69290e-18   2.39246e-03   2.41775e-03   -2.23284e-07  
4.2169650e+03  1.38180e+01   1.40362e+01   1.42463e+01   8.56663e-06   1.30174e-07   7.85229e-18   1.77760e-03   1.80033e-03   -2.22608e-07  
4.5315836e+03  1.38171e+01   1.41012e+01   1.44092e+01   9.19829e-06   1.40324e-07   8.01877e-18   1.35159e-03   1.37214e-03   -2.21761e-07  
4.8696753e+03  1.38157e+01   1.41753e+01   1.46011e+01   9.87153e-06   1.50971e-07   8.19272e-18   1.06477e-03   1.08367e-03   -2.20787e-07  
5.2329911e+03  1.38139e+01   1.42523e+01   1.48045e+01   1.05887e-05   1.62117e-07   8.37439e-18   8.75765e-04   8.93578e-04   -2.19768e-07  
5.6234133e+03  1.38116e+01   1.43256e+01   1.50004e+01   1.13524e-05   1.73758e-07   8.56390e-18   7.51756e-04   7.68946e-04   -2.18788e-07  
6.0429639e+03  1.38091e+01   1.43916e+01   1.51777e+01   1.21650e-05   1.85889e-07   8.76123e-18   6.68455e-04   6.85326e-04   -2.17894e-07  
6.4938163e+03  1.38062e+01   1.44507e+01   1.53360e+01   1.30293e-05   1.98498e-07   8.96616e-18   6.09402e-04   6.26123e-04   -2.17089e-07  
6.9783058e+03  1.38030e+01   1.45048e+01   1.54810e+01   1.39480e-05   2.11569e-07   9.17829e-18   5.64498e-04   5.81147e-04   -2.16353e-07  
7.4989421e+03  1.37994e+01   1.45558e+01   1.56187e+01   1.49240e-05   2.25082e-07   9.39700e-18   5.28143e-04   5.44760e-04   -2.15667e-07  
8.0584219e+03  1.37953e+01   1.46048e+01   1.57530e+01   1.59602e-05   2.39008e-07   9.62142e-18   4.97481e-04   5.14091e-04   -2.15021e-07  
8.6596432e+03  1.37907e+01   1.46519e+01   1.58856e+01   1.70596e-05   2.53317e-07   9.85039e-18   4.71093e-04   4.87718e-04   -2.14412e-07  
9.3057204e+03  1.37855e+01   1.46967e+01   1.60165e+01   1.82256e-05   2.67971e-07   1.00824e-17   4.48201e-04   4.64864e-04   -2.13843e-07  
1.0000000e+04  1.37795e+01   1.47388e+01   1.61454e+01   1.94612e-05   2.82930e-07   1.03157e-17   4.28287e-04   4.45011e-04   -2.13315e-07  
1.0746078e+04  1.37727e+01   1.47777e+01   1.62715e+01   2.07700e-05   2.98153e-07   1.05480e-17   4.10932e-04   4.27740e-04   -2.12831e-07  
1.1547820e+04  1.37649e+01   1.48131e+01   1.63945e+01   2.21554e-05   3.13599e-07   1.07769e-17   3.95773e-04   4.12689e-04   -2.12391e-07  
1.2409378e+04  1.37560e+01   1.48446e+01   1.65139e+01   2.36212e-05   3.29229e-07   1.09992e-17   3.82486e-04   3.99532e-04   -2.11991e-07  
1.3335214e+04  1.37457e+01   1.48720e+01   1.66296e+01   2.51712e-05   3.45014e-07   1.12120e-17   3.70784e-04   3.87984e-04   -2.11628e-07  
1.4330126e+04  1.37339e+01   1.48953e+01   1.67416e+01   2.68094e-05   3.60937e-07   1.14118e-17   3.60416e-04   3.77796e-04   -2.11317e-07  
1.5399265e+04  1.37204e+01   1.49143e+01   1.68499e+01   2.85401e-05   3.76993e-07   1.15952e-17   3.51170e-04   3.68755e-04   -2.11051e-07  
1.6548171e+04  1.37050e+01   1.49289e+01   1.69547e+01   3.03677e-05   3.93201e-07   1.17592e-17   3.42868e-04   3.60685e-04   -2.10807e-07  
1.7782794e+04  1.36874e+01   1.49391e+01   1.70562e+01   3.22969e-05   4.09602e-07   1.19009e-17   3.35361e-04   3.53440e-04   -2.10583e-07  
1.9109530e+04  1.36673e+01   1.49446e+01   1.71543e+01   3.43326e-05   4.26262e-07   1.20184e-17   3.28532e-04   3.46905e-04   -2.10374e-07  
2.0535250e+04  1.36444e+01   1.49454e+01   1.72490e+01   3.64796e-05   4.43271e-07   1.21104e-17   3.22284e-04   3.40985e-04   -2.10177e-07  
2.2067341e+04  1.36185e+01   1.49410e+01   1.73403e+01   3.87430e-05   4.60742e-07   1.21766e-17   3.16541e-04   3.35608e-04   -2.09989e-07  
2.3713737e+04  1.35892e+01   1.49313e+01   1.74279e+01   4.11278e-05   4.78811e-07   1.22173e-17   3.11243e-04   3.30716e-04   -2.09808e-07  
2.5482967e+04  1.35562e+01   1.49158e+01   1.75116e+01   4.36389e-05   4.97626e-07   1.22339e-17   3.06340e-04   3.26265e-04   -2.09631e-07  
2.7384196e+04  1.35191e+01   1.48943e+01   1.75911e+01   4.62810e-05   5.17347e-07   1.22281e-17   3.01793e-04   3.22218e-04   -2.09458e-07  
2.9427272e+04  1.34777e+01   1.48664e+01   1.76659e+01   4.90584e-05   5.38139e-07   1.22022e-17   2.97569e-04   3.18549e-04   -2.09286e-07  
3.1622777e+04  1.34315e+01   1.48317e+01   1.77355e+01   5.19751e-05   5.60165e-07   1.21586e-17   2.93640e-04   3.15234e-04   -2.09115e-07  
3.3982083e+04  1.33803e+01   1.47897e+01   1.77994e+01   5.50344e-05   5.83587e-07   1.20998e-17   2.89984e-04   3.12257e-04   -2.08942e-07  
3.6517413e+04  1.33238e+01   1.47402e+01   1.78569e+01   5.82392e-05   6.08554e-07   1.20283e-17   2.86580e-04   3.09604e-04   -2.08767e-07  
3.9241898e+04  1.32616e+01   1.46828e+01   1.79075e+01   6.15915e-05   6.35204e-07   1.19465e-17   2.83411e-04   3.07265e-04   -2.08589e-07  
4.2169650e+04  1.31935e+01   1.46172e+01   1.79505e+01   6.50924e-05   6.63657e-07   1.18572e-17   2.80462e-04   3.05235e-04   -2.08407e-07  
4.5315836e+04  1.31195e+01   1.45431e+01   1.79851e+01   6.87423e-05   6.94009e-07   1.17627e-17   2.77722e-04   3.03509e-04   -2.08220e-07  
4.8696753e+04  1.30393e+01   1.44604e+01   1.80104e+01   7.25404e-05   7.26331e-07   1.16662e-17   2.75180e-04   3.02088e-04   -2.08026e-07  
5.2329911e+04  1.29531e+01   1.43689e+01   1.80254e+01   7.64849e-05   7.60662e-07   1.15706e-17   2.72828e-04   3.00973e-04   -2.07826e-07  
5.6234133e+04  1.28608e+01   1.42686e+01   1.80290e+01   8.05727e-05   7.97000e-07   1.14797e-17   2.70660e-04   3.00168e-04   -2.07618e-07  
6.0429639e+04  1.27628e+01   1.41598e+01   1.80198e+01   8.47994e-05   8.35303e-07   1.13980e-17   2.68674e-04   2.99680e-04   -2.07403e-07  
6.4938163e+04  1.26593e+01   1.40426e+01   1.79959e+01   8.91590e-05   8.75476e-07   1.13309e-17   2.66868e-04   2.99515e-04   -2.07178e-07  
6.9783058e+04  1.25510e+01   1.39175e+01   1.79547e+01   9.36439e-05   9.17374e-07   1.12850e-17   2.65245e-04   2.99680e-04   -2.06945e-07  
7.4989421e+04  1.24385e+01   1.37851e+01   1.78929e+01   9.82448e-05   9.60790e-07   1.12683e-17   2.63809e-04   3.00181e-04   -2.06701e-07  
8.0584219e+04  1.23225e+01   1.36459e+01   1.78056e+01   1.02950e-04   1.00546e-06   1.12899e-17   2.62569e-04   3.01018e-04   -2.06446e-07  
8.6596432e+04  1.22041e+01   1.35009e+01   1.76861e+01   1.07746e-04   1.05107e-06   1.13606e-17   2.61537e-04   3.02184e-04   -2.06180e-07  
9.3057204e+04  1.20845e+01   1.33513e+01   1.75257e+01   1.12617e-04   1.09724e-06   1.14915e-17   2.60733e-04   3.03660e-04   -2.05900e-07  
1.0000000e+05  1.19649e+01   1.31982e+01   1.73132e+01   1.17544e-04   1.14356e-06   1.16937e-17   2.60176e-04   3.05398e-04   -2.05576e-07  
1.0746078e+05  1.18471e+01   1.30437e+01   1.70350e+01   1.22505e-04   1.18961e-06   1.19769e-17   2.59897e-04   3.07321e-04   -2.05176e-07  
1.1547820e+05  1.17329e+01   1.28895e+01   1.66760e+01   1.27478e-04   1.23494e-06   1.23484e-17   2.59981e-04   3.09354e-04   -2.04756e-07  
1.2409378e+05  1.16244e+01   1.27385e+01   1.62232e+01   1.32435e-04   1.27914e-06   1.28117e-17   2.60528e-04   3.11358e-04   -2.04474e-07  
1.3335214e+05  1.15239e+01   1.25938e+01   1.56705e+01   1.37351e-04   1.32187e-06   1.33653e-17   2.61712e-04   3.13154e-04   -2.04206e-07  
1.4330126e+05  1.14340e+01   1.24597e+01   1.50263e+01   1.42198e-04   1.36288e-06   1.40023e-17   2.63803e-04   3.14498e-04   -2.03965e-07  
1.5399265e+05  1.13573e+01   1.23414e+01   1.43214e+01   1.46947e-04   1.40209e-06   1.47105e-17   2.67205e-04   3.15072e-04   -2.03785e-07  
1.6548171e+05  1.12970e+01   1.22454e+01   1.36143e+01   1.51575e-04   1.43958e-06   1.54723e-17   2.72429e-04   3.14547e-04   -2.03727e-07  
1.7782794e+05  1.12571e+01   1.21787e+01   1.29912e+01   1.56058e-04   1.47562e-06   1.62665e-17   2.79760e-04   3.12946e-04   -2.03971e-07  
1.9109530e+05  1.12419e+01   1.21459e+01   1.25434e+01   1.60380e-04   1.51066e-06   1.70588e-17   2.88394e-04   3.11255e-04   -2.04444e-07  
2.0535250e+05  1.12514e+01   1.21451e+01   1.23031e+01   1.64551e-04   1.54513e-06   1.77014e-17   2.96071e-04   3.10842e-04   -2.04801e-07  
2.2067341e+05  1.12777e+01   1.21662e+01   1.22091e+01   1.68622e-04   1.57928e-06   1.80988e-17   3.01208e-04   3.11660e-04   -2.04932e-07  
2.3713737e+05  1.13103e+01   1.21973e+01   1.21793e+01   1.72605e-04   1.61307e-06   1.84674e-17   3.04451e-04   3.12866e-04   -2.04902e-07  
2.5482967e+05  1.13440e+01   1.22308e+01   1.21714e+01   1.76483e-04   1.64635e-06   1.88375e-17   3.06959e-04   3.14213e-04   -2.04789e-07  
2.7384196e+05  1.13769e+01   1.22633e+01   1.21726e+01   1.80233e-04   1.67896e-06   1.92006e-17   3.09327e-04   3.15789e-04   -2.04621e-07  
2.9427272e+05  1.14086e+01   1.22939e+01   1.21798e+01   1.83835e-04   1.71083e-06   1.95498e-17   3.11813e-04   3.17693e-04   -2.04405e-07  
3.1622777e+05  1.14396e+01   1.23226e+01   1.21920e+01   1.87268e-04   1.74196e-06   1.98814e-17   3.14601e-04   3.20038e-04   -2.04140e-07  
3.3982083e+05  1.14703e+01   1.23494e+01   1.22086e+01   1.90511e-04   1.77244e-06   2.01939e-17   3.17895e-04   3.22981e-04   -2.03824e-07  
3.6517413e+05  1.15016e+01   1.23746e+01   1.22293e+01   1.93548e-04   1.80243e-06   2.04880e-17   3.21937e-04   3.26734e-04   -2.03460e-07  
3.9241898e+05  1.15339e+01   1.23986e+01   1.22535e+01   1.96362e-04   1.83214e-06   2.07649e-17   3.27010e-04   3.31551e-04   -2.03050e-07  
4.2169650e+05  1.15680e+01   1.24217e+01   1.22807e+01   1.98939e-04   1.86181e-06   2.10262e-17   3.33409e-04   3.37700e-04   -2.02602e-07  
4.5315836e+05  1.16045e+01   1.24447e+01   1.23107e+01   2.01267e-04   1.89173e-06   2.12732e-17   3.41398e-04   3.45420e-04   -2.02123e-07  
4.8696753e+05  1.16438e+01   1.24683e+01   1.23434e+01   2.03338e-04   1.92215e-06   2.15058e-17   3.51143e-04   3.54860e-04   -2.01625e-07  
5.2329911e+05  1.16863e+01   1.24938e+01   1.23792e+01   2.05149e-04   1.95334e-06   2.17225e-17   3.62667e-04   3.66032e-04   -2.01115e-07  
5.6234133e+05  1.17329e+01   1.25230e+01   1.24192e+01   2.06700e-04   1.98552e-06   2.19215e-17   3.75825e-04   3.78794e-04   -2.00601e-07  
6.0429639e+05  1.17845e+01   1.25576e+01   1.24644e+01   2.08000e-04   2.01891e-06   2.21014e-17   3.90329e-04   3.92868e-04   -2.00092e-07  
6.4938163e+05  1.18424e+01   1.25995e+01   1.25165e+01   2.09061e-04   2.05366e-06   2.22621e-17   4.05778e-04   4.07875e-04   -1.99600e-07  
6.9783058e+05  1.19086e+01   1.26512e+01   1.25775e+01   2.09903e-04   2.08992e-06   2.24057e-17   4.21684e-04   4.23351e-04   -1.99142e-07  
7.4989421e+05  1.19846e+01   1.27142e+01   1.26487e+01   2.10546e-04   2.12778e-06   2.25351e-17   4.37478e-04   4.38754e-04   -1.98736e-07  
8.0584219e+05  1.20715e+01   1.27897e+01   1.27312e+01   2.11015e-04   2.16726e-06   2.26541e-17   4.52563e-04   4.53504e-04   -1.98397e-07  
8.6596432e+05  1.21702e+01   1.28787e+01   1.28259e+01   2.11335e-04   2.20838e-06   2.27668e-17   4.66387e-04   4.67064e-04   -1.98138e-07  
9.3057204e+05  1.22812e+01   1.29815e+01   1.29332e+01   2.11530e-04   2.25109e-06   2.28773e-17   4.78537e-04   4.79024e-04   -1.97963e-07  
1.0000000e+06  1.24050e+01   1.30985e+01   1.30535e+01   2.11623e-04   2.29536e-06   2.29886e-17   4.88819e-04   4.89182e-04   -1.97875e-07  
1.0746078e+06  1.25410e+01   1.32289e+01   1.31862e+01   2.11634e-04   2.34118e-06   2.31022e-17   4.97274e-04   4.97567e-04   -1.97869e-07  
1.1547820e+06  1.26862e+01   1.33694e+01   1.33282e+01   2.11582e-04   2.38857e-06   2.32172e-17   5.03968e-04   5.04227e-04   -1.97847e-07  
1.2409378e+06  1.28338e+01   1.35128e+01   1.34726e+01   2.11480e-04   2.43758e-06   2.33300e-17   5.09299e-04   5.09542e-04   -1.97882e-07  
1.3335214e+06  1.29733e+01   1.36487e+01   1.36090e+01   2.11338e-04   2.48827e-06   2.34340e-17   5.13551e-04   5.13787e-04   -1.97946e-07  
1.4330126e+06  1.30933e+01   1.37656e+01   1.37263e+01   2.11163e-04   2.54064e-06   2.35223e-17   5.16899e-04   5.17133e-04   -1.98017e-07  
1.5399265e+06  1.31870e+01   1.38567e+01   1.38176e+01   2.10962e-04   2.59467e-06   2.35911e-17   5.19462e-04   5.19696e-04   -1.98080e-07  
1.6548171e+06  1.32542e+01   1.39219e+01   1.38829e+01   2.10736e-04   2.65028e-06   2.36410e-17   5.21360e-04   5.21593e-04   -1.98128e-07  
1.7782794e+06  1.33002e+01   1.39664e+01   1.39275e+01   2.10486e-04   2.70737e-06   2.36760e-17   5.22743e-04   5.22976e-04   -1.98161e-07  
1.9109530e+06  1.33320e+01   1.39971e+01   1.39583e+01   2.10214e-04   2.76577e-06   2.37012e-17   5.23771e-04   5.24004e-04   -1.98184e-07  
2.0535250e+06  1.33558e+01   1.40200e+01   1.39813e+01   2.09918e-04   2.82530e-06   2.37208e-17   5.24586e-04   5.24819e-04   -1.98199e-07  
2.2067341e+06  1.33761e+01   1.40395e+01   1.40009e+01   2.09598e-04   2.88575e-06   2.37380e-17   5.25298e-04   5.25531e-04   -1.98212e-07  
2.3713737e+06  1.33956e+01   1.40583e+01   1.40198e+01   2.09252e-04   2.94688e-06   2.37546e-17   5.25979e-04   5.26212e-04   -1.98224e-07  
2.5482967e+06  1.34158e+01   1.40778e+01   1.40394e+01   2.08880e-04   3.00841e-06   2.37717e-17   5.26674e-04   5.26907e-04   -1.98237e-07  
2.7384196e+06  1.34379e+01   1.40991e+01   1.40608e+01   2.08479e-04   3.07004e-06   2.37897e-17   5.27411e-04   5.27644e-04   -1.98251e-07  
2.9427272e+06  1.34658e+01   1.41261e+01   1.40879e+01   2.08327e-04   3.13144e-06   2.36110e-17   5.28225e-04   5.28458e-04   -1.98268e-07  
3.1622777e+06  1.35040e+01   1.41630e+01   1.41248e+01   2.08721e-04   3.19226e-06   2.36383e-17   5.29396e-04   5.29628e-04   -1.98297e-07  
3.3982083e+06  1.35200e+01   1.41781e+01   1.41400e+01   2.09137e-04   3.25215e-06   2.36519e-17   5.30216e-04   5.30449e-04   -1.98309e-07  
3.6517413e+06  1.35252e+01   1.41826e+01   1.41447e+01   2.09577e-04   3.31073e-06   2.36582e-17   5.30840e-04   5.31072e-04   -1.98310e-07  
3.9241898e+06  1.35274e+01   1.41842e+01   1.41463e+01   2.10047e-04   3.36763e-06   2.36611e-17   5.31414e-04   5.31646e-04   -1.98309e-07  
4.2169650e+06  1.35291e+01   1.41852e+01   1.41475e+01   2.10559e-04   3.42247e-06   2.36576e-17   5.31987e-04   5.32219e-04   -1.98308e-07  
4.5315836e+06  1.35317e+01   1.41873e+01   1.41497e+01   2.11219e-04   3.47488e-06   2.35365e-17   5.32448e-04   5.32681e-04   -1.98307e-07  
4.8696753e+06  1.27255e+01   1.33298e+01   1.33002e+01   2.13265e-04   3.52809e-06   2.23982e-17   5.71416e-04   5.71678e-04   -1.97944e-07  
5.2329911e+06  1.25548e+01   1.31504e+01   1.31217e+01   2.15119e-04   3.60134e-06   2.22660e-17   5.77227e-04   5.77710e-04   -1.97892e-07  
5.6234133e+06  1.25321e+01   1.31278e+01   1.30992e+01   2.17086e-04   3.68632e-06   2.22481e-17   5.76265e-04   5.76862e-04   -1.97860e-07  
6.0429639e+06  1.25273e+01   1.31233e+01   1.30949e+01   2.19191e-04   3.77407e-06   2.22473e-17   5.75683e-04   5.76309e-04   -1.97830e-07  
6.4938163e+06  1.25260e+01   1.31223e+01   1.30940e+01   2.21441e-04   3.86284e-06   2.22502e-17   5.75371e-04   5.76008e-04   -1.97800e-07  
6.9783058e+06  1.25255e+01   1.31220e+01   1.30939e+01   2.23841e-04   3.95256e-06   2.22538e-17   5.75153e-04   5.75797e-04   -1.97771e-07  
7.4989421e+06  1.25254e+01   1.31221e+01   1.30942e+01   2.26400e-04   4.04357e-06   2.22574e-17   5.74977e-04   5.75629e-04   -1.97742e-07  
8.0584219e+06  1.25256e+01   1.31224e+01   1.30947e+01   2.29126e-04   4.13637e-06   2.22608e-17   5.74838e-04   5.75497e-04   -1.97714e-07  
8.6596432e+06  1.25260e+01   1.31229e+01   1.30954e+01   2.32031e-04   4.23159e-06   2.22640e-17   5.74737e-04   5.75404e-04   -1.97688e-07  
9.3057204e+06  1.25267e+01   1.31237e+01   1.30963e+01   2.35121e-04   4.32997e-06   2.22670e-17   5.74681e-04   5.75357e-04   -1.97662e-07  
1.0000000e+07  1.25278e+01   1.31248e+01   1.30976e+01   2.38407e-04   4.43236e-06   2.22699e-17   5.74675e-04   5.75360e-04   -1.97639e-07  
1.0746078e+07  1.25292e+01   1.31263e+01   1.30992e+01   2.41898e-04   4.53969e-06   2.22726e-17   5.74725e-04   5.75420e-04   -1.97617e-07  
1.1547820e+07  1.25311e+01   1.31282e+01   1.31012e+01   2.45602e-04   4.65299e-06   2.22752e-17   5.74838e-04   5.75543e-04   -1.97596e-07  
1.2409378e+07  1.25335e+01   1.31305e+01   1.31037e+01   2.49526e-04   4.77334e-06   2.22777e-17   5.75020e-04   5.75734e-04   -1.97577e-07  
1.3335214e+07  1.25364e+01   1.31333e+01   1.31066e+01   2.53679e-04   4.90189e-06   2.22802e-17   5.75277e-04   5.76001e-04   -1.97561e-07  
1.4330126e+07  1.25400e+01   1.31367e+01   1.31102e+01   2.58065e-04   5.03981e-06   2.22827e-17   5.75616e-04   5.76349e-04   -1.97545e-07  
1.5399265e+07  1.25443e+01   1.31407e+01   1.31144e+01   2.62690e-04   5.18830e-06   2.22853e-17   5.76042e-04   5.76784e-04   -1.97532e-07  
1.6548171e+07  1.25495e+01   1.31456e+01   1.31194e+01   2.67556e-04   5.34857e-06   2.22882e-17   5.76565e-04   5.77313e-04   -1.97520e-07  
1.7782794e+07  1.25555e+01   1.31513e+01   1.31252e+01   2.72664e-04   5.52180e-06   2.22914e-17   5.77187e-04   5.77942e-04   -1.97510e-07  
1.9109530e+07  1.25625e+01   1.31579e+01   1.31319e+01   2.78012e-04   5.70915e-06   2.22949e-17   5.77916e-04   5.78675e-04   -1.97500e-07  
2.0535250e+07  1.25705e+01   1.31654e+01   1.31396e+01   2.83595e-04   5.91171e-06   2.22988e-17   5.78757e-04   5.79520e-04   -1.97492e-07  
2.2067341e+07  1.25798e+01   1.31742e+01   1.31485e+01   2.89406e-04   6.13054e-06   2.23034e-17   5.79720e-04   5.80483e-04   -1.97484e-07  
2.3713737e+07  1.25905e+01   1.31842e+01   1.31587e+01   2.95433e-04   6.36657e-06   2.23088e-17   5.80809e-04   5.81570e-04   -1.97476e-07  
2.5482967e+07  1.26027e+01   1.31958e+01   1.31705e+01   3.01661e-04   6.62064e-06   2.23151e-17   5.82033e-04   5.82788e-04   -1.97469e-07  
2.7384196e+07  1.26165e+01   1.32089e+01   1.31837e+01   3.08069e-04   6.89345e-06   2.23224e-17   5.83394e-04   5.84141e-04   -1.97463e-07  
2.9427272e+07  1.26321e+01   1.32237e+01   1.31987e+01   3.14635e-04   7.18550e-06   2.23308e-17   5.84899e-04   5.85634e-04   -1.97456e-07  
3.1622777e+07  1.26500e+01   1.32406e+01   1.32159e+01   3.21328e-04   7.49714e-06   2.23408e-17   5.86555e-04   5.87274e-04   -1.97450e-07  
3.3982083e+07  1.26697e+01   1.32594e+01   1.32348e+01   3.28115e-04   7.82846e-06   2.23519e-17   5.88334e-04   5.89035e-04   -1.97434e-07  
3.6517413e+07  1.26920e+01   1.32806e+01   1.32563e+01   3.34960e-04   8.17932e-06   2.23648e-17   5.90237e-04   5.90917e-04   -1.97409e-07  
3.9241898e+07  1.27165e+01   1.33039e+01   1.32798e+01   3.41821e-04   8.54931e-06   2.23791e-17   5.92270e-04   5.92926e-04   -1.97391e-07  
4.2169650e+07  1.27438e+01   1.33300e+01   1.33062e+01   3.48652e-04   8.93782e-06   2.23953e-17   5.94433e-04   5.95064e-04   -1.97372e-07  
4.5315836e+07  1.27734e+01   1.33583e+01   1.33348e+01   3.55409e-04   9.34397e-06   2.24129e-17   5.96704e-04   5.97308e-04   -1.97353e-07  
4.8696753e+07  1.28060e+01   1.33895e+01   1.33663e+01   3.62042e-04   9.76672e-06   2.24325e-17   5.99076e-04   5.99653e-04   -1.97335e-07  
5.2329911e+07  1.28411e+01   1.34233e+01   1.34003e+01   3.68505e-04   1.02049e-05   2.24537e-17   6.01522e-04   6.02071e-04   -1.97318e-07  
5.6234133e+07  1.28785e+01   1.34592e+01   1.34365e+01   3.74752e-04   1.06573e-05   2.24761e-17   6.04013e-04   6.04535e-04   -1.97301e-07  
6.0429639e+07  1.29181e+01   1.34974e+01   1.34748e+01   3.80741e-04   1.11226e-05   2.24998e-17   6.06524e-04   6.07021e-04   -1.97286e-07  
6.4938163e+07  1.29594e+01   1.35372e+01   1.35149e+01   3.86435e-04   1.15997e-05   2.25243e-17   6.09022e-04   6.09495e-04   -1.97274e-07  
6.9783058e+07  1.30019e+01   1.35782e+01   1.35561e+01   3.91803e-04   1.20878e-05   2.25493e-17   6.11473e-04   6.11925e-04   -1.97263e-07  
7.4989421e+07  1.30448e+01   1.36196e+01   1.35977e+01   3.96820e-04   1.25863e-05   2.25742e-17   6.13845e-04   6.14278e-04   -1.97254e-07  
8.0584219e+07  1.30873e+01   1.36608e+01   1.36390e+01   4.01472e-04   1.30946e-05   2.25985e-17   6.16107e-04   6.16522e-04   -1.97248e-07  
8.6596432e+07  1.31287e+01   1.37008e+01   1.36792e+01   4.05752e-04   1.36130e-05   2.26218e-17   6.18229e-04   6.18630e-04   -1.97244e-07  
9.3057204e+07  1.31681e+01   1.37390e+01   1.37176e+01   4.09660e-04   1.41416e-05   2.26434e-17   6.20193e-04   6.20580e-04   -1.97241e-07  
1.0000000e+08  1.32049e+01   1.37746e+01   1.37533e+01   4.13207e-04   1.46812e-05   2.26631e-17   6.21982e-04   6.22359e-04   -1.97240e-07  
