# The contrubition of interstellar infrared, optical, UV, CR induced UV radiation fields to dust heating, standard conditions
# v_ext      total(erg/s) ir(fraction) vis          uv           fuv          cr           | 
0.000e+00    3.451e-13    9.038e-02    5.124e-02    3.484e-02    8.235e-01    1.734e-05    | 
1.000e-01    3.017e-13    1.004e-01    5.337e-02    3.512e-02    8.111e-01    1.984e-05    | 
1.080e-01    2.985e-13    1.012e-01    5.354e-02    3.513e-02    8.101e-01    2.005e-05    | 
1.166e-01    2.951e-13    1.022e-01    5.372e-02    3.515e-02    8.089e-01    2.028e-05    | 
1.259e-01    2.914e-13    1.032e-01    5.392e-02    3.518e-02    8.077e-01    2.054e-05    | 
1.359e-01    2.876e-13    1.042e-01    5.413e-02    3.520e-02    8.064e-01    2.081e-05    | 
1.468e-01    2.835e-13    1.054e-01    5.437e-02    3.522e-02    8.050e-01    2.111e-05    | 
1.585e-01    2.791e-13    1.067e-01    5.461e-02    3.525e-02    8.034e-01    2.145e-05    | 
1.711e-01    2.744e-13    1.081e-01    5.488e-02    3.527e-02    8.017e-01    2.181e-05    | 
1.848e-01    2.695e-13    1.097e-01    5.517e-02    3.530e-02    7.998e-01    2.221e-05    | 
1.995e-01    2.643e-13    1.113e-01    5.549e-02    3.533e-02    7.978e-01    2.264e-05    | 
2.154e-01    2.589e-13    1.132e-01    5.583e-02    3.535e-02    7.956e-01    2.312e-05    | 
2.326e-01    2.531e-13    1.152e-01    5.619e-02    3.538e-02    7.932e-01    2.365e-05    | 
2.512e-01    2.470e-13    1.174e-01    5.658e-02    3.541e-02    7.906e-01    2.423e-05    | 
2.712e-01    2.406e-13    1.198e-01    5.701e-02    3.544e-02    7.877e-01    2.487e-05    | 
2.929e-01    2.339e-13    1.225e-01    5.746e-02    3.547e-02    7.845e-01    2.559e-05    | 
3.162e-01    2.269e-13    1.254e-01    5.795e-02    3.550e-02    7.811e-01    2.637e-05    | 
3.415e-01    2.197e-13    1.287e-01    5.848e-02    3.552e-02    7.773e-01    2.725e-05    | 
3.687e-01    2.121e-13    1.323e-01    5.905e-02    3.554e-02    7.731e-01    2.822e-05    | 
3.981e-01    2.042e-13    1.362e-01    5.966e-02    3.556e-02    7.685e-01    2.930e-05    | 
4.299e-01    1.961e-13    1.406e-01    6.032e-02    3.557e-02    7.635e-01    3.052e-05    | 
4.642e-01    1.878e-13    1.455e-01    6.102e-02    3.557e-02    7.579e-01    3.187e-05    | 
5.012e-01    1.792e-13    1.509e-01    6.177e-02    3.552e-02    7.518e-01    3.340e-05    | 
5.412e-01    1.705e-13    1.569e-01    6.257e-02    3.551e-02    7.450e-01    3.511e-05    | 
5.843e-01    1.616e-13    1.636e-01    6.342e-02    3.547e-02    7.374e-01    3.704e-05    | 
6.310e-01    1.526e-13    1.711e-01    6.432e-02    3.542e-02    7.291e-01    3.923e-05    | 
6.813e-01    1.435e-13    1.795e-01    6.527e-02    3.534e-02    7.198e-01    4.172e-05    | 
7.356e-01    1.344e-13    1.889e-01    6.627e-02    3.523e-02    7.095e-01    4.454e-05    | 
7.943e-01    1.253e-13    1.995e-01    6.732e-02    3.509e-02    6.980e-01    4.777e-05    | 
8.577e-01    1.163e-13    2.114e-01    6.840e-02    3.490e-02    6.852e-01    5.146e-05    | 
9.261e-01    1.074e-13    2.249e-01    6.950e-02    3.465e-02    6.709e-01    5.570e-05    | 
1.000e+00    9.879e-14    2.400e-01    7.062e-02    3.434e-02    6.549e-01    6.059e-05    | 
1.080e+00    9.038e-14    2.571e-01    7.172e-02    3.394e-02    6.371e-01    6.622e-05    | 
1.166e+00    8.229e-14    2.765e-01    7.278e-02    3.345e-02    6.172e-01    7.273e-05    | 
1.259e+00    7.456e-14    2.983e-01    7.375e-02    3.284e-02    5.950e-01    8.028e-05    | 
1.359e+00    6.723e-14    3.229e-01    7.460e-02    3.209e-02    5.703e-01    8.902e-05    | 
1.468e+00    6.036e-14    3.506e-01    7.525e-02    3.119e-02    5.429e-01    9.915e-05    | 
1.585e+00    5.398e-14    3.815e-01    7.563e-02    3.011e-02    5.126e-01    1.109e-04    | 
1.711e+00    4.810e-14    4.160e-01    7.565e-02    2.882e-02    4.793e-01    1.244e-04    | 
1.848e+00    4.276e-14    4.542e-01    7.518e-02    2.732e-02    4.431e-01    1.400e-04    | 
1.995e+00    3.794e-14    4.958e-01    7.415e-02    2.560e-02    4.042e-01    1.577e-04    | 
2.154e+00    3.365e-14    5.406e-01    7.243e-02    2.365e-02    3.631e-01    1.779e-04    | 
2.326e+00    2.986e-14    5.881e-01    6.993e-02    2.149e-02    3.202e-01    2.005e-04    | 
2.512e+00    2.655e-14    6.373e-01    6.659e-02    1.916e-02    2.766e-01    2.254e-04    | 
2.712e+00    2.369e-14    6.872e-01    6.240e-02    1.672e-02    2.333e-01    2.526e-04    | 
2.929e+00    2.124e-14    7.362e-01    5.742e-02    1.424e-02    1.917e-01    2.818e-04    | 
3.162e+00    1.915e-14    7.830e-01    5.178e-02    1.180e-02    1.530e-01    3.125e-04    | 
3.415e+00    1.739e-14    8.260e-01    4.568e-02    9.490e-03    1.183e-01    3.443e-04    | 
3.687e+00    1.589e-14    8.643e-01    3.936e-02    7.403e-03    8.846e-02    3.767e-04    | 
3.981e+00    1.462e-14    8.970e-01    3.310e-02    5.586e-03    6.381e-02    4.094e-04    | 
4.299e+00    1.353e-14    9.239e-01    2.714e-02    4.071e-03    4.433e-02    4.422e-04    | 
4.642e+00    1.260e-14    9.453e-01    2.169e-02    2.861e-03    2.953e-02    4.750e-04    | 
5.012e+00    1.179e-14    9.616e-01    1.689e-02    1.933e-03    1.894e-02    5.078e-04    | 
5.412e+00    1.107e-14    9.736e-01    1.280e-02    1.257e-03    1.164e-02    5.408e-04    | 
5.843e+00    1.042e-14    9.822e-01    9.438e-03    7.850e-04    6.836e-03    5.744e-04    | 
6.310e+00    9.833e-15    9.881e-01    6.766e-03    4.692e-04    3.831e-03    6.087e-04    | 
6.813e+00    9.291e-15    9.921e-01    4.710e-03    2.679e-04    2.042e-03    6.442e-04    | 
7.356e+00    8.788e-15    9.947e-01    3.179e-03    1.456e-04    1.032e-03    6.811e-04    | 
7.943e+00    8.316e-15    9.964e-01    2.077e-03    7.512e-05    4.924e-04    7.197e-04    | 
8.577e+00    7.872e-15    9.974e-01    1.311e-03    3.665e-05    2.210e-04    7.603e-04    | 
9.261e+00    7.453e-15    9.980e-01    7.981e-04    1.684e-05    9.283e-05    8.030e-04    | 
1.000e+01    7.056e-15    9.983e-01    4.672e-04    7.251e-06    3.632e-05    8.482e-04    | 
1.080e+01    6.679e-15    9.985e-01    2.623e-04    2.913e-06    1.317e-05    8.961e-04    | 
1.166e+01    6.321e-15    9.986e-01    1.408e-04    1.086e-06    4.393e-06    9.469e-04    | 
1.259e+01    5.980e-15    9.986e-01    7.208e-05    3.738e-07    1.341e-06    1.001e-03    | 
1.359e+01    5.655e-15    9.985e-01    3.503e-05    1.180e-07    3.719e-07    1.058e-03    | 
1.468e+01    5.344e-15    9.985e-01    1.611e-05    3.391e-08    9.297e-08    1.120e-03    | 
1.585e+01    5.048e-15    9.984e-01    6.978e-06    8.818e-09    2.078e-08    1.186e-03    | 
1.711e+01    4.765e-15    9.983e-01    2.834e-06    2.058e-09    4.117e-09    1.256e-03    | 
1.848e+01    4.494e-15    9.982e-01    1.074e-06    4.276e-10    7.159e-10    1.332e-03    | 
1.995e+01    4.234e-15    9.981e-01    3.777e-07    7.834e-11    1.082e-10    1.413e-03    | 
2.154e+01    3.986e-15    9.980e-01    1.225e-07    1.254e-11    1.404e-11    1.502e-03    | 
2.326e+01    3.747e-15    9.979e-01    3.642e-08    1.734e-12    1.547e-12    1.597e-03    | 
2.512e+01    3.519e-15    9.977e-01    9.852e-09    2.050e-13    1.428e-13    1.701e-03    | 
2.712e+01    3.300e-15    9.976e-01    2.406e-09    2.044e-14    1.089e-14    1.814e-03    | 
2.929e+01    3.089e-15    9.974e-01    5.266e-10    1.698e-15    6.757e-16    1.937e-03    | 
3.162e+01    2.888e-15    9.972e-01    1.024e-10    1.158e-16    3.355e-17    2.072e-03    | 
3.415e+01    2.696e-15    9.970e-01    1.751e-11    6.382e-18    1.310e-18    2.220e-03    | 
3.687e+01    2.512e-15    9.968e-01    2.607e-12    2.795e-19    3.946e-20    2.383e-03    | 
3.981e+01    2.336e-15    9.966e-01    3.343e-13    9.549e-21    8.975e-22    2.562e-03    | 
4.299e+01    2.168e-15    9.963e-01    3.646e-14    2.496e-22    1.508e-23    2.760e-03    | 
4.642e+01    2.009e-15    9.960e-01    3.343e-15    4.884e-24    1.826e-25    2.979e-03    | 
5.012e+01    1.859e-15    9.957e-01    2.535e-16    6.994e-26    1.553e-27    3.220e-03    | 
5.412e+01    1.716e-15    9.953e-01    1.568e-17    7.139e-28    9.017e-30    3.488e-03    | 
5.843e+01    1.620e-15    9.950e-01    7.593e-19    4.947e-30    3.383e-32    3.696e-03    | 
6.310e+01    1.494e-15    9.946e-01    2.961e-20    2.363e-32    8.307e-35    4.007e-03    | 
6.813e+01    1.336e-15    9.940e-01    9.182e-22    7.592e-35    1.297e-37    4.478e-03    | 
7.356e+01    1.226e-15    9.934e-01    2.100e-23    1.501e-37    1.172e-40    4.882e-03    | 
7.943e+01    1.124e-15    9.928e-01    3.553e-25    1.806e-40    6.038e-44    5.327e-03    | 
8.577e+01    1.029e-15    9.922e-01    4.343e-27    1.271e-43    1.695e-47    5.819e-03    | 
