! temp(K)   0           1           2           3           4           5           6           7           8           9           10          
1.000e+01   7.711e-14   3.106e-13   5.927e-14   4.452e-13   8.304e-14   7.924e-15   8.240e-26   8.838e-15   5.656e-15   1.095e-11   1.341e-10   
1.100e+01   8.483e-14   3.020e-13   6.519e-14   4.342e-13   9.133e-14   8.714e-15   9.064e-26   9.718e-15   6.222e-15   1.130e-11   1.341e-10   
1.210e+01   9.333e-14   2.943e-13   7.170e-14   4.244e-13   1.005e-13   9.581e-15   9.970e-26   1.068e-14   6.844e-15   1.168e-11   1.341e-10   
1.331e+01   1.027e-13   2.877e-13   7.885e-14   4.158e-13   1.105e-13   1.053e-14   1.097e-25   1.175e-14   7.529e-15   1.210e-11   1.341e-10   
1.464e+01   1.130e-13   2.823e-13   8.671e-14   4.086e-13   1.215e-13   1.158e-14   1.206e-25   1.291e-14   8.282e-15   1.256e-11   1.341e-10   
1.611e+01   1.243e-13   2.778e-13   9.536e-14   4.025e-13   1.336e-13   1.273e-14   1.327e-25   1.419e-14   9.110e-15   1.307e-11   1.341e-10   
1.772e+01   1.368e-13   2.742e-13   1.049e-13   3.976e-13   1.469e-13   1.399e-14   1.460e-25   1.559e-14   1.002e-14   1.363e-11   1.341e-10   
1.949e+01   1.505e-13   2.718e-13   1.153e-13   3.940e-13   1.616e-13   1.537e-14   1.606e-25   1.713e-14   1.102e-14   1.424e-11   1.341e-10   
2.144e+01   1.657e-13   2.703e-13   1.267e-13   3.917e-13   1.777e-13   1.688e-14   1.766e-25   1.882e-14   1.212e-14   1.470e-11   1.358e-10   
2.358e+01   1.823e-13   2.700e-13   1.393e-13   3.908e-13   1.953e-13   1.854e-14   1.943e-25   2.066e-14   1.334e-14   1.511e-11   1.384e-10   
2.594e+01   2.007e-13   2.709e-13   1.531e-13   3.914e-13   2.147e-13   2.035e-14   2.137e-25   2.268e-14   1.467e-14   1.557e-11   1.413e-10   
2.853e+01   2.210e-13   2.729e-13   1.683e-13   3.935e-13   2.360e-13   2.233e-14   2.351e-25   2.488e-14   1.614e-14   1.607e-11   1.444e-10   
3.138e+01   2.434e-13   2.761e-13   1.849e-13   3.972e-13   2.594e-13   2.449e-14   2.586e-25   2.728e-14   1.775e-14   1.652e-11   1.472e-10   
3.452e+01   2.680e-13   2.807e-13   2.031e-13   4.026e-13   2.851e-13   2.684e-14   2.845e-25   2.989e-14   1.953e-14   1.691e-11   1.496e-10   
3.797e+01   2.953e-13   2.866e-13   2.231e-13   4.099e-13   3.132e-13   2.939e-14   3.129e-25   3.272e-14   2.148e-14   1.734e-11   1.521e-10   
4.177e+01   3.255e-13   2.941e-13   2.449e-13   4.192e-13   3.439e-13   3.216e-14   3.442e-25   3.578e-14   2.363e-14   1.776e-11   1.545e-10   
4.595e+01   3.588e-13   3.031e-13   2.687e-13   4.307e-13   3.776e-13   3.514e-14   3.786e-25   3.908e-14   2.599e-14   1.816e-11   1.566e-10   
5.054e+01   3.958e-13   3.140e-13   2.947e-13   4.445e-13   4.144e-13   3.834e-14   4.165e-25   4.262e-14   2.859e-14   1.859e-11   1.588e-10   
5.560e+01   4.368e-13   3.268e-13   3.229e-13   4.609e-13   4.546e-13   4.177e-14   4.581e-25   4.638e-14   3.145e-14   1.899e-11   1.606e-10   
6.116e+01   4.825e-13   3.417e-13   3.537e-13   4.802e-13   4.983e-13   4.540e-14   5.040e-25   5.037e-14   3.459e-14   1.942e-11   1.625e-10   
6.727e+01   5.333e-13   3.590e-13   3.869e-13   5.027e-13   5.459e-13   4.921e-14   5.543e-25   5.453e-14   3.805e-14   1.986e-11   1.641e-10   
7.400e+01   5.900e-13   3.790e-13   4.228e-13   5.287e-13   5.975e-13   5.316e-14   6.098e-25   5.882e-14   4.186e-14   2.030e-11   1.656e-10   
8.140e+01   6.536e-13   4.018e-13   4.614e-13   5.585e-13   6.532e-13   5.719e-14   6.708e-25   6.315e-14   4.604e-14   2.076e-11   1.670e-10   
8.954e+01   7.250e-13   4.278e-13   5.026e-13   5.927e-13   7.132e-13   6.119e-14   7.378e-25   6.740e-14   5.065e-14   2.123e-11   1.683e-10   
9.850e+01   8.056e-13   4.575e-13   5.462e-13   6.318e-13   7.774e-13   6.503e-14   8.116e-25   7.140e-14   5.571e-14   2.173e-11   1.695e-10   
1.083e+02   8.969e-13   4.911e-13   5.921e-13   6.762e-13   8.457e-13   6.851e-14   1.678e-19   7.490e-14   6.129e-14   2.221e-11   1.705e-10   
1.192e+02   1.001e-12   5.292e-13   6.401e-13   7.268e-13   9.183e-13   7.151e-14   3.856e-19   7.776e-14   6.741e-14   2.274e-11   1.715e-10   
1.311e+02   1.118e-12   5.723e-13   6.903e-13   7.842e-13   9.951e-13   7.394e-14   6.251e-19   7.988e-14   7.416e-14   2.332e-11   1.722e-10   
1.442e+02   1.252e-12   6.209e-13   7.426e-13   8.493e-13   1.077e-12   7.577e-14   8.886e-19   8.121e-14   8.157e-14   2.395e-11   1.729e-10   
1.586e+02   1.405e-12   6.757e-13   7.973e-13   9.231e-13   1.163e-12   7.700e-14   1.178e-18   8.175e-14   8.973e-14   2.465e-11   1.733e-10   
1.745e+02   1.578e-12   7.375e-13   8.548e-13   1.007e-12   1.256e-12   7.776e-14   1.497e-18   8.168e-14   9.870e-14   2.542e-11   1.736e-10   
1.919e+02   1.776e-12   8.070e-13   9.157e-13   1.101e-12   1.355e-12   7.831e-14   1.848e-18   8.132e-14   1.086e-13   2.626e-11   1.737e-10   
2.111e+02   2.001e-12   8.851e-13   9.812e-13   1.208e-12   1.462e-12   7.917e-14   3.409e-17   8.131e-14   1.194e-13   2.714e-11   1.737e-10   
2.323e+02   2.258e-12   9.729e-13   1.053e-12   1.328e-12   1.581e-12   8.075e-14   9.489e-17   8.213e-14   1.314e-13   2.806e-11   1.734e-10   
2.555e+02   2.551e-12   1.071e-12   1.135e-12   1.464e-12   1.713e-12   8.330e-14   1.618e-16   8.396e-14   1.445e-13   2.907e-11   1.729e-10   
2.810e+02   2.883e-12   1.182e-12   1.230e-12   1.618e-12   1.865e-12   8.713e-14   2.354e-16   8.696e-14   1.590e-13   3.019e-11   1.722e-10   
3.091e+02   3.260e-12   1.306e-12   1.346e-12   1.792e-12   2.045e-12   9.265e-14   6.076e-16   9.132e-14   1.749e-13   3.142e-11   1.714e-10   
3.400e+02   3.688e-12   1.445e-12   1.489e-12   1.987e-12   2.259e-12   1.007e-13   1.683e-15   9.793e-14   1.923e-13   3.279e-11   1.703e-10   
3.740e+02   4.174e-12   1.601e-12   1.664e-12   2.207e-12   2.514e-12   1.134e-13   2.867e-15   1.095e-13   2.116e-13   3.429e-11   1.690e-10   
4.114e+02   4.725e-12   1.776e-12   1.873e-12   2.455e-12   2.813e-12   1.336e-13   5.502e-15   1.303e-13   2.327e-13   3.593e-11   1.676e-10   
4.526e+02   5.352e-12   1.972e-12   2.120e-12   2.733e-12   3.159e-12   1.656e-13   1.173e-14   1.671e-13   2.560e-13   3.770e-11   1.660e-10   
4.979e+02   6.065e-12   2.190e-12   2.406e-12   3.046e-12   3.555e-12   2.147e-13   1.857e-14   2.296e-13   2.816e-13   3.965e-11   1.642e-10   
5.476e+02   6.876e-12   2.434e-12   2.731e-12   3.396e-12   4.001e-12   2.881e-13   3.781e-14   3.320e-13   5.372e-13   4.186e-11   1.622e-10   
6.024e+02   7.796e-12   2.706e-12   3.098e-12   3.787e-12   4.501e-12   3.947e-13   6.048e-14   4.949e-13   8.296e-13   4.430e-11   1.601e-10   
6.626e+02   8.835e-12   3.009e-12   3.513e-12   4.223e-12   5.061e-12   5.451e-13   1.077e-13   7.457e-13   1.151e-12   4.712e-11   1.578e-10   
7.289e+02   1.000e-11   3.345e-12   3.981e-12   4.709e-12   5.685e-12   7.511e-13   1.743e-13   1.116e-12   1.505e-12   5.027e-11   1.554e-10   
8.018e+02   1.130e-11   3.717e-12   4.510e-12   5.249e-12   6.378e-12   1.025e-12   2.694e-13   1.645e-12   1.894e-12   5.383e-11   1.528e-10   
8.820e+02   1.274e-11   4.128e-12   5.104e-12   5.846e-12   7.143e-12   1.381e-12   4.209e-13   2.377e-12   2.322e-12   5.796e-11   1.500e-10   
9.702e+02   1.430e-11   4.580e-12   5.770e-12   6.505e-12   7.981e-12   1.831e-12   6.332e-13   3.357e-12   2.793e-12   6.270e-11   1.471e-10   
1.067e+03   1.598e-11   5.077e-12   6.513e-12   7.230e-12   8.892e-12   2.385e-12   9.247e-13   4.628e-12   3.624e-12   6.818e-11   1.441e-10   
1.174e+03   1.778e-11   5.621e-12   7.346e-12   8.026e-12   9.889e-12   3.054e-12   1.311e-12   6.230e-12   4.690e-12   7.459e-11   1.409e-10   
1.291e+03   1.972e-11   6.214e-12   8.289e-12   8.897e-12   1.100e-11   3.843e-12   1.821e-12   8.196e-12   5.863e-12   8.205e-11   1.375e-10   
1.420e+03   2.184e-11   6.858e-12   9.367e-12   9.847e-12   1.228e-11   4.757e-12   2.472e-12   1.055e-11   7.153e-12   9.088e-11   1.340e-10   
1.562e+03   2.420e-11   7.557e-12   1.062e-11   1.088e-11   1.378e-11   5.798e-12   3.279e-12   1.329e-11   8.586e-12   1.013e-10   1.304e-10   
1.719e+03   2.683e-11   8.310e-12   1.206e-11   1.200e-11   1.555e-11   6.962e-12   4.254e-12   1.644e-11   1.018e-11   1.134e-10   1.266e-10   
1.891e+03   2.971e-11   9.121e-12   1.369e-11   1.320e-11   1.754e-11   8.248e-12   5.415e-12   1.996e-11   1.194e-11   1.279e-10   1.226e-10   
2.080e+03   3.274e-11   9.990e-12   1.548e-11   1.450e-11   1.967e-11   9.647e-12   6.771e-12   2.384e-11   1.373e-11   1.449e-10   1.185e-10   
2.288e+03   3.588e-11   1.092e-11   1.740e-11   1.590e-11   2.186e-11   1.115e-11   8.326e-12   2.804e-11   1.549e-11   1.650e-10   1.142e-10   
2.516e+03   3.914e-11   1.190e-11   1.947e-11   1.739e-11   2.413e-11   1.276e-11   1.006e-11   3.251e-11   1.740e-11   1.886e-10   1.098e-10   
2.768e+03   4.252e-11   1.295e-11   2.170e-11   1.897e-11   2.653e-11   1.445e-11   1.198e-11   3.720e-11   1.907e-11   2.164e-10   1.053e-10   
3.045e+03   4.609e-11   1.405e-11   2.412e-11   2.064e-11   2.915e-11   1.623e-11   1.406e-11   4.207e-11   2.085e-11   2.488e-10   1.014e-10   
3.349e+03   4.988e-11   1.519e-11   2.676e-11   2.239e-11   3.209e-11   1.807e-11   1.635e-11   4.706e-11   2.247e-11   2.866e-10   1.014e-10   
3.684e+03   5.385e-11   1.636e-11   2.961e-11   2.420e-11   3.536e-11   1.997e-11   1.869e-11   5.212e-11   2.407e-11   3.305e-10   1.014e-10   
4.053e+03   5.793e-11   1.756e-11   3.272e-11   2.605e-11   3.897e-11   2.194e-11   2.117e-11   5.721e-11   2.565e-11   3.811e-10   1.014e-10   
4.458e+03   6.197e-11   1.876e-11   3.607e-11   2.792e-11   4.288e-11   2.394e-11   2.375e-11   6.227e-11   2.719e-11   4.392e-10   1.014e-10   
4.904e+03   6.580e-11   1.994e-11   3.970e-11   2.976e-11   4.703e-11   2.599e-11   2.642e-11   6.728e-11   2.874e-11   5.052e-10   1.014e-10   
5.394e+03   6.945e-11   2.106e-11   4.364e-11   3.153e-11   5.146e-11   2.640e-11   2.907e-11   7.221e-11   3.037e-11   5.796e-10   1.014e-10   
5.933e+03   7.308e-11   2.210e-11   4.792e-11   3.317e-11   5.622e-11   2.640e-11   3.177e-11   7.702e-11   3.211e-11   6.635e-10   1.014e-10   
6.527e+03   7.352e-11   2.302e-11   4.845e-11   3.463e-11   5.681e-11   2.640e-11   3.453e-11   7.758e-11   3.402e-11   7.564e-10   1.014e-10   
7.180e+03   7.352e-11   2.378e-11   4.845e-11   3.586e-11   5.681e-11   2.640e-11   3.722e-11   7.758e-11   3.619e-11   8.590e-10   1.014e-10   
7.897e+03   7.352e-11   2.436e-11   4.845e-11   3.681e-11   5.681e-11   2.640e-11   3.989e-11   7.758e-11   3.869e-11   9.712e-10   1.014e-10   
8.687e+03   7.352e-11   2.474e-11   4.845e-11   3.746e-11   5.681e-11   2.640e-11   4.256e-11   7.758e-11   4.164e-11   1.092e-09   1.014e-10   
9.556e+03   7.352e-11   2.488e-11   4.845e-11   3.773e-11   5.681e-11   2.640e-11   4.517e-11   7.758e-11   4.517e-11   1.222e-09   1.014e-10   
