Total area (cm2 per H): 9.6786e-22
Dust mass (g per H): 2.2583e-26
Grain concentration (particles per H): 1.2323e-11
Nb of components: 1
nb   name    radius (cm)    grain mass(g)  conc(per H)    area(per H)    
0    Sil     5.0000e-06     1.8326e-15     1.2323e-11     9.6786e-22     

Energy (cm-1) - extinction normalized by H nuclei concentration [cm2], last column - total extinction:
1.000e+00   6.678e-29   6.678e-29   
1.259e+00   1.058e-28   1.058e-28   
1.585e+00   1.677e-28   1.677e-28   
1.995e+00   2.658e-28   2.658e-28   
2.512e+00   4.213e-28   4.213e-28   
3.162e+00   6.678e-28   6.678e-28   
3.981e+00   1.058e-27   1.058e-27   
5.012e+00   1.677e-27   1.677e-27   
6.310e+00   2.658e-27   2.658e-27   
7.943e+00   4.213e-27   4.213e-27   
1.000e+01   6.678e-27   6.678e-27   
1.259e+01   1.058e-26   1.058e-26   
1.585e+01   1.679e-26   1.679e-26   
1.995e+01   2.663e-26   2.663e-26   
2.512e+01   4.225e-26   4.225e-26   
3.162e+01   6.704e-26   6.704e-26   
3.981e+01   1.067e-25   1.067e-25   
5.012e+01   1.698e-25   1.698e-25   
6.310e+01   2.713e-25   2.713e-25   
7.943e+01   4.348e-25   4.348e-25   
1.000e+02   7.014e-25   7.014e-25   
1.259e+02   1.138e-24   1.138e-24   
1.585e+02   1.863e-24   1.863e-24   
1.995e+02   3.047e-24   3.047e-24   
2.512e+02   4.929e-24   4.929e-24   
3.162e+02   7.801e-24   7.801e-24   
3.981e+02   1.275e-23   1.275e-23   
5.012e+02   2.135e-23   2.135e-23   
6.310e+02   1.865e-23   1.865e-23   
7.943e+02   2.239e-23   2.239e-23   
1.000e+03   6.233e-23   6.233e-23   
1.259e+03   1.568e-23   1.568e-23   
1.585e+03   5.356e-24   5.356e-24   
1.995e+03   5.209e-24   5.209e-24   
2.512e+03   5.935e-24   5.935e-24   
3.162e+03   6.829e-24   6.829e-24   
3.981e+03   7.967e-24   7.967e-24   
5.012e+03   9.587e-24   9.587e-24   
6.310e+03   1.196e-23   1.196e-23   
7.943e+03   1.551e-23   1.551e-23   
1.000e+04   2.144e-23   2.144e-23   
1.259e+04   3.201e-23   3.201e-23   
1.585e+04   5.302e-23   5.302e-23   
1.995e+04   9.929e-23   9.929e-23   
2.512e+04   2.072e-22   2.072e-22   
3.162e+04   4.613e-22   4.613e-22   
3.981e+04   1.046e-21   1.046e-21   
5.012e+04   3.139e-21   3.139e-21   
6.310e+04   3.608e-21   3.608e-21   
7.943e+04   2.807e-21   2.807e-21   
1.000e+05   2.637e-21   2.637e-21   
1.259e+05   2.496e-21   2.496e-21   
1.585e+05   2.206e-21   2.206e-21   
1.995e+05   1.802e-21   1.802e-21   

Temperature (K) - integrated emissivity (energy emitted by one grain, erg/s):
1.000e+00   1.116e-20   
1.047e+00   1.471e-20   
1.096e+00   1.940e-20   
1.148e+00   2.557e-20   
1.202e+00   3.371e-20   
1.259e+00   4.444e-20   
1.318e+00   5.858e-20   
1.380e+00   7.722e-20   
1.445e+00   1.018e-19   
1.514e+00   1.342e-19   
1.585e+00   1.769e-19   
1.660e+00   2.332e-19   
1.738e+00   3.075e-19   
1.820e+00   4.053e-19   
1.905e+00   5.343e-19   
1.995e+00   7.044e-19   
2.089e+00   9.287e-19   
2.188e+00   1.224e-18   
2.291e+00   1.614e-18   
2.399e+00   2.128e-18   
2.512e+00   2.805e-18   
2.630e+00   3.698e-18   
2.754e+00   4.875e-18   
2.884e+00   6.428e-18   
3.020e+00   8.474e-18   
3.162e+00   1.117e-17   
3.311e+00   1.473e-17   
3.467e+00   1.942e-17   
3.631e+00   2.560e-17   
3.802e+00   3.376e-17   
3.981e+00   4.450e-17   
4.169e+00   5.868e-17   
4.365e+00   7.737e-17   
4.571e+00   1.020e-16   
4.786e+00   1.345e-16   
5.012e+00   1.773e-16   
5.248e+00   2.339e-16   
5.495e+00   3.084e-16   
5.754e+00   4.066e-16   
6.026e+00   5.362e-16   
6.310e+00   7.071e-16   
6.607e+00   9.326e-16   
6.918e+00   1.230e-15   
7.244e+00   1.622e-15   
7.586e+00   2.139e-15   
7.943e+00   2.822e-15   
8.318e+00   3.723e-15   
8.710e+00   4.911e-15   
9.120e+00   6.478e-15   
9.550e+00   8.547e-15   
1.000e+01   1.128e-14   
1.047e+01   1.488e-14   
1.096e+01   1.964e-14   
1.148e+01   2.592e-14   
1.202e+01   3.421e-14   
1.259e+01   4.516e-14   
1.318e+01   5.963e-14   
1.380e+01   7.874e-14   
1.445e+01   1.040e-13   
1.514e+01   1.373e-13   
1.585e+01   1.814e-13   
1.660e+01   2.397e-13   
1.738e+01   3.168e-13   
1.820e+01   4.187e-13   
1.905e+01   5.534e-13   
1.995e+01   7.317e-13   
2.089e+01   9.677e-13   
2.188e+01   1.280e-12   
2.291e+01   1.693e-12   
2.399e+01   2.240e-12   
2.512e+01   2.965e-12   
2.630e+01   3.925e-12   
2.754e+01   5.195e-12   
2.884e+01   6.878e-12   
3.020e+01   9.107e-12   
3.162e+01   1.206e-11   
3.311e+01   1.597e-11   
3.467e+01   2.115e-11   
3.631e+01   2.802e-11   
3.802e+01   3.710e-11   
3.981e+01   4.914e-11   
4.169e+01   6.508e-11   
4.365e+01   8.618e-11   
4.571e+01   1.141e-10   
4.786e+01   1.511e-10   
5.012e+01   2.000e-10   
5.248e+01   2.647e-10   
5.495e+01   3.502e-10   
5.754e+01   4.633e-10   
6.026e+01   6.127e-10   
6.310e+01   8.097e-10   
6.607e+01   1.069e-09   
6.918e+01   1.411e-09   
7.244e+01   1.861e-09   
7.586e+01   2.450e-09   
7.943e+01   3.221e-09   
8.318e+01   4.229e-09   
8.710e+01   5.541e-09   
9.120e+01   7.246e-09   
9.550e+01   9.457e-09   
1.000e+02   1.231e-08   
1.047e+02   1.600e-08   
1.096e+02   2.074e-08   
1.148e+02   2.684e-08   
1.202e+02   3.466e-08   
1.259e+02   4.466e-08   
1.318e+02   5.747e-08   
1.380e+02   7.380e-08   
1.445e+02   9.465e-08   
1.514e+02   1.212e-07   
1.585e+02   1.548e-07   
1.660e+02   1.975e-07   
1.738e+02   2.515e-07   
1.820e+02   3.194e-07   
1.905e+02   4.048e-07   
1.995e+02   5.114e-07   
2.089e+02   6.441e-07   
2.188e+02   8.084e-07   
2.291e+02   1.011e-06   
2.399e+02   1.259e-06   
2.512e+02   1.561e-06   
2.630e+02   1.927e-06   
2.754e+02   2.367e-06   
2.884e+02   2.894e-06   
3.020e+02   3.522e-06   
3.162e+02   4.265e-06   
3.311e+02   5.141e-06   
3.467e+02   6.167e-06   
3.631e+02   7.364e-06   
3.802e+02   8.755e-06   
3.981e+02   1.037e-05   
4.169e+02   1.222e-05   
4.365e+02   1.436e-05   
4.571e+02   1.681e-05   
4.786e+02   1.961e-05   
5.012e+02   2.282e-05   
5.248e+02   2.648e-05   
5.495e+02   3.067e-05   
5.754e+02   3.545e-05   
6.026e+02   4.091e-05   
6.310e+02   4.718e-05   
6.607e+02   5.436e-05   
6.918e+02   6.263e-05   
7.244e+02   7.218e-05   
7.586e+02   8.324e-05   
7.943e+02   9.610e-05   
8.318e+02   1.111e-04   
8.710e+02   1.287e-04   
9.120e+02   1.495e-04   
9.550e+02   1.740e-04   
1.000e+03   2.032e-04   
1.047e+03   2.380e-04   
1.096e+03   2.799e-04   

Photoelectric rates on grains, rate of electron emission by one grain (s-1), electron energy in erg
Data: charge z; for IS UV field: rate, energy; for IS VIS field; for CR induced field;
Sil
-100    1.237e-03   5.855e-12      1.287e-07   5.884e-12      2.519e-08   6.585e-12   
-98     1.233e-03   5.771e-12      1.253e-07   5.800e-12      2.514e-08   6.500e-12   
-96     1.229e-03   5.688e-12      1.215e-07   5.712e-12      2.508e-08   6.416e-12   
-94     1.224e-03   5.604e-12      1.182e-07   5.629e-12      2.503e-08   6.332e-12   
-92     1.220e-03   5.520e-12      1.148e-07   5.546e-12      2.498e-08   6.248e-12   
-90     1.215e-03   5.437e-12      1.113e-07   5.458e-12      2.492e-08   6.164e-12   
-88     1.211e-03   5.353e-12      1.080e-07   5.375e-12      2.487e-08   6.079e-12   
-86     1.206e-03   5.270e-12      1.046e-07   5.287e-12      2.482e-08   5.995e-12   
-84     1.202e-03   5.186e-12      1.014e-07   5.203e-12      2.476e-08   5.911e-12   
-82     1.198e-03   5.102e-12      9.804e-08   5.115e-12      2.471e-08   5.827e-12   
-80     1.193e-03   5.019e-12      9.496e-08   5.032e-12      2.466e-08   5.742e-12   
-78     1.189e-03   4.935e-12      9.192e-08   4.949e-12      2.460e-08   5.658e-12   
-76     1.185e-03   4.852e-12      8.871e-08   4.861e-12      2.455e-08   5.574e-12   
-74     1.180e-03   4.768e-12      8.576e-08   4.777e-12      2.450e-08   5.490e-12   
-72     1.176e-03   4.684e-12      8.264e-08   4.689e-12      2.445e-08   5.405e-12   
-70     1.172e-03   4.601e-12      7.977e-08   4.606e-12      2.439e-08   5.321e-12   
-68     1.167e-03   4.517e-12      7.675e-08   4.518e-12      2.434e-08   5.237e-12   
-66     1.163e-03   4.434e-12      7.396e-08   4.434e-12      2.429e-08   5.153e-12   
-64     1.159e-03   4.350e-12      7.121e-08   4.351e-12      2.424e-08   5.068e-12   
-62     1.155e-03   4.266e-12      6.831e-08   4.263e-12      2.419e-08   4.984e-12   
-60     1.151e-03   4.183e-12      6.564e-08   4.180e-12      2.414e-08   4.900e-12   
-58     1.146e-03   4.099e-12      6.283e-08   4.091e-12      2.408e-08   4.816e-12   
-56     1.142e-03   4.016e-12      6.023e-08   4.008e-12      2.403e-08   4.731e-12   
-54     1.138e-03   3.932e-12      5.752e-08   3.920e-12      2.398e-08   4.647e-12   
-52     1.134e-03   3.848e-12      5.499e-08   3.836e-12      2.393e-08   4.563e-12   
-50     1.130e-03   3.765e-12      5.250e-08   3.753e-12      2.388e-08   4.478e-12   
-48     1.126e-03   3.681e-12      4.991e-08   3.665e-12      2.383e-08   4.394e-12   
-46     1.122e-03   3.598e-12      4.749e-08   3.581e-12      2.378e-08   4.310e-12   
-44     1.117e-03   3.514e-12      4.498e-08   3.493e-12      2.373e-08   4.226e-12   
-42     1.113e-03   3.430e-12      4.263e-08   3.410e-12      2.368e-08   4.141e-12   
-40     1.109e-03   3.347e-12      4.020e-08   3.321e-12      2.362e-08   4.057e-12   
-38     1.105e-03   3.263e-12      3.791e-08   3.238e-12      2.357e-08   3.973e-12   
-36     1.101e-03   3.180e-12      3.566e-08   3.154e-12      2.352e-08   3.888e-12   
-34     1.097e-03   3.096e-12      3.335e-08   3.066e-12      2.347e-08   3.804e-12   
-32     1.093e-03   3.012e-12      3.116e-08   2.982e-12      2.342e-08   3.720e-12   
-30     1.089e-03   2.929e-12      2.892e-08   2.894e-12      2.337e-08   3.635e-12   
-29     1.087e-03   2.887e-12      2.786e-08   2.852e-12      2.335e-08   3.593e-12   
-28     1.085e-03   2.845e-12      2.680e-08   2.811e-12      2.332e-08   3.551e-12   
-27     1.083e-03   2.803e-12      2.575e-08   2.769e-12      2.330e-08   3.509e-12   
-26     1.081e-03   2.761e-12      2.464e-08   2.722e-12      2.327e-08   3.467e-12   
-25     1.079e-03   2.720e-12      2.361e-08   2.680e-12      2.325e-08   3.424e-12   
-24     1.077e-03   2.678e-12      2.258e-08   2.639e-12      2.323e-08   3.382e-12   
-23     1.075e-03   2.636e-12      2.156e-08   2.597e-12      2.320e-08   3.340e-12   
-22     1.073e-03   2.594e-12      2.055e-08   2.555e-12      2.318e-08   3.298e-12   
-21     1.071e-03   2.552e-12      1.949e-08   2.508e-12      2.315e-08   3.256e-12   
-20     1.069e-03   2.510e-12      1.850e-08   2.467e-12      2.313e-08   3.214e-12   
-19     1.068e-03   2.469e-12      1.751e-08   2.425e-12      2.310e-08   3.171e-12   
-18     1.066e-03   2.427e-12      1.653e-08   2.383e-12      2.308e-08   3.129e-12   
-17     1.064e-03   2.385e-12      1.551e-08   2.336e-12      2.305e-08   3.087e-12   
-16     1.062e-03   2.343e-12      1.454e-08   2.295e-12      2.303e-08   3.045e-12   
-15     1.060e-03   2.301e-12      1.359e-08   2.253e-12      2.300e-08   3.003e-12   
-14     1.058e-03   2.260e-12      1.264e-08   2.211e-12      2.298e-08   2.960e-12   
-13     1.056e-03   2.218e-12      1.169e-08   2.170e-12      2.295e-08   2.918e-12   
-12     1.054e-03   2.176e-12      1.072e-08   2.123e-12      2.293e-08   2.876e-12   
-11     1.052e-03   2.134e-12      9.792e-09   2.081e-12      2.291e-08   2.834e-12   
-10     1.050e-03   2.092e-12      8.870e-09   2.039e-12      2.288e-08   2.792e-12   
-9      1.048e-03   2.050e-12      7.955e-09   1.997e-12      2.286e-08   2.750e-12   
-8      1.046e-03   2.009e-12      7.046e-09   1.956e-12      2.283e-08   2.707e-12   
-7      1.044e-03   1.967e-12      6.124e-09   1.909e-12      2.281e-08   2.665e-12   
-6      1.042e-03   1.925e-12      5.230e-09   1.867e-12      2.278e-08   2.623e-12   
-5      1.041e-03   1.883e-12      4.343e-09   1.825e-12      2.276e-08   2.581e-12   
-4      1.039e-03   1.841e-12      3.462e-09   1.784e-12      2.274e-08   2.539e-12   
-3      1.037e-03   1.799e-12      2.579e-09   1.737e-12      2.271e-08   2.496e-12   
-2      1.035e-03   1.758e-12      1.713e-09   1.695e-12      2.269e-08   2.454e-12   
-1      1.033e-03   1.716e-12      8.536e-10   1.653e-12      2.266e-08   2.412e-12   
0       1.027e-03   1.680e-12      0.000e+00   0.000e+00      2.259e-08   2.373e-12   
1       1.014e-03   1.654e-12      0.000e+00   0.000e+00      2.245e-08   2.342e-12   
2       9.987e-04   1.633e-12      0.000e+00   0.000e+00      2.226e-08   2.315e-12   
3       9.808e-04   1.616e-12      0.000e+00   0.000e+00      2.205e-08   2.292e-12   
4       9.616e-04   1.602e-12      0.000e+00   0.000e+00      2.181e-08   2.270e-12   
5       9.416e-04   1.590e-12      0.000e+00   0.000e+00      2.155e-08   2.251e-12   
6       9.210e-04   1.578e-12      0.000e+00   0.000e+00      2.129e-08   2.232e-12   
7       9.001e-04   1.568e-12      0.000e+00   0.000e+00      2.101e-08   2.215e-12   
8       8.791e-04   1.559e-12      0.000e+00   0.000e+00      2.073e-08   2.198e-12   
9       8.581e-04   1.550e-12      0.000e+00   0.000e+00      2.045e-08   2.182e-12   
10      8.373e-04   1.542e-12      0.000e+00   0.000e+00      2.016e-08   2.167e-12   
11      8.166e-04   1.535e-12      0.000e+00   0.000e+00      1.987e-08   2.152e-12   
12      7.962e-04   1.527e-12      0.000e+00   0.000e+00      1.958e-08   2.138e-12   
13      7.761e-04   1.520e-12      0.000e+00   0.000e+00      1.929e-08   2.124e-12   
14      7.564e-04   1.513e-12      0.000e+00   0.000e+00      1.900e-08   2.110e-12   
15      7.369e-04   1.506e-12      0.000e+00   0.000e+00      1.871e-08   2.096e-12   
16      7.178e-04   1.499e-12      0.000e+00   0.000e+00      1.842e-08   2.082e-12   
17      6.991e-04   1.492e-12      0.000e+00   0.000e+00      1.813e-08   2.069e-12   
18      6.808e-04   1.485e-12      0.000e+00   0.000e+00      1.784e-08   2.056e-12   
19      6.629e-04   1.479e-12      0.000e+00   0.000e+00      1.756e-08   2.043e-12   
20      6.454e-04   1.472e-12      0.000e+00   0.000e+00      1.727e-08   2.030e-12   
21      6.282e-04   1.466e-12      0.000e+00   0.000e+00      1.699e-08   2.017e-12   
22      6.114e-04   1.459e-12      0.000e+00   0.000e+00      1.671e-08   2.004e-12   
23      5.951e-04   1.452e-12      0.000e+00   0.000e+00      1.644e-08   1.991e-12   
24      5.790e-04   1.446e-12      0.000e+00   0.000e+00      1.616e-08   1.978e-12   
25      5.634e-04   1.439e-12      0.000e+00   0.000e+00      1.589e-08   1.966e-12   
26      5.481e-04   1.432e-12      0.000e+00   0.000e+00      1.562e-08   1.953e-12   
27      5.332e-04   1.426e-12      0.000e+00   0.000e+00      1.535e-08   1.941e-12   
28      5.186e-04   1.419e-12      0.000e+00   0.000e+00      1.509e-08   1.928e-12   
29      5.043e-04   1.412e-12      0.000e+00   0.000e+00      1.482e-08   1.916e-12   
30      4.904e-04   1.406e-12      0.000e+00   0.000e+00      1.456e-08   1.903e-12   
32      4.636e-04   1.392e-12      0.000e+00   0.000e+00      1.405e-08   1.878e-12   
34      4.380e-04   1.378e-12      0.000e+00   0.000e+00      1.355e-08   1.854e-12   
36      4.137e-04   1.365e-12      0.000e+00   0.000e+00      1.306e-08   1.829e-12   
38      3.904e-04   1.351e-12      0.000e+00   0.000e+00      1.258e-08   1.805e-12   
40      3.683e-04   1.337e-12      0.000e+00   0.000e+00      1.211e-08   1.781e-12   
42      3.473e-04   1.323e-12      0.000e+00   0.000e+00      1.165e-08   1.757e-12   
44      3.273e-04   1.308e-12      0.000e+00   0.000e+00      1.121e-08   1.733e-12   
46      3.082e-04   1.294e-12      0.000e+00   0.000e+00      1.077e-08   1.709e-12   
48      2.901e-04   1.280e-12      0.000e+00   0.000e+00      1.034e-08   1.685e-12   
50      2.729e-04   1.265e-12      0.000e+00   0.000e+00      9.929e-09   1.661e-12   
52      2.565e-04   1.251e-12      0.000e+00   0.000e+00      9.525e-09   1.637e-12   
54      2.409e-04   1.236e-12      0.000e+00   0.000e+00      9.130e-09   1.614e-12   
56      2.262e-04   1.222e-12      0.000e+00   0.000e+00      8.747e-09   1.590e-12   
58      2.122e-04   1.207e-12      0.000e+00   0.000e+00      8.374e-09   1.567e-12   
60      1.989e-04   1.193e-12      0.000e+00   0.000e+00      8.011e-09   1.543e-12   
62      1.863e-04   1.178e-12      0.000e+00   0.000e+00      7.658e-09   1.520e-12   
64      1.743e-04   1.163e-12      0.000e+00   0.000e+00      7.316e-09   1.497e-12   
66      1.630e-04   1.148e-12      0.000e+00   0.000e+00      6.983e-09   1.473e-12   
68      1.523e-04   1.133e-12      0.000e+00   0.000e+00      6.661e-09   1.450e-12   
70      1.422e-04   1.118e-12      0.000e+00   0.000e+00      6.348e-09   1.427e-12   
72      1.327e-04   1.103e-12      0.000e+00   0.000e+00      6.045e-09   1.404e-12   
74      1.236e-04   1.088e-12      0.000e+00   0.000e+00      5.752e-09   1.381e-12   
76      1.151e-04   1.073e-12      0.000e+00   0.000e+00      5.469e-09   1.358e-12   
78      1.071e-04   1.058e-12      0.000e+00   0.000e+00      5.194e-09   1.335e-12   
80      9.950e-05   1.043e-12      0.000e+00   0.000e+00      4.929e-09   1.312e-12   
82      9.237e-05   1.027e-12      0.000e+00   0.000e+00      4.674e-09   1.288e-12   
84      8.566e-05   1.012e-12      0.000e+00   0.000e+00      4.427e-09   1.265e-12   
86      7.935e-05   9.963e-13      0.000e+00   0.000e+00      4.189e-09   1.242e-12   
88      7.343e-05   9.807e-13      0.000e+00   0.000e+00      3.959e-09   1.219e-12   
90      6.786e-05   9.651e-13      0.000e+00   0.000e+00      3.738e-09   1.196e-12   
92      6.265e-05   9.494e-13      0.000e+00   0.000e+00      3.526e-09   1.173e-12   
94      5.776e-05   9.335e-13      0.000e+00   0.000e+00      3.322e-09   1.151e-12   
96      5.318e-05   9.177e-13      0.000e+00   0.000e+00      3.125e-09   1.128e-12   
98      4.890e-05   9.017e-13      0.000e+00   0.000e+00      2.937e-09   1.105e-12   
100     4.490e-05   8.856e-13      0.000e+00   0.000e+00      2.757e-09   1.082e-12   
