! three parameters are given: shock speed (cm/s), turbulent velocity (cm/s), number of specimen levels: 
2.5000e+06   2.0000e+04   41
!depth(cm)        gas_temp(K)  el_temp      dust_temp(K) gasvel(cm/s) concHe(cm-3) conc_pH2     conc_oH2     conc_H       conc_e       conc_H_nucl  conc_mol     1            2            3            4            5            6            7            8            9            10           11           12           13           14           15           16           17           18           19           20           21           22           23           24           25           26           27           28           29           30           31           32           33           34           35           36           37           38           39           40           41           
7.2036494897e+13  1.7005e+01   1.9826e+01   9.2621e+00   2.5000e+06   1.8000e+03   4.9963e+03   4.9963e+03   4.2611e+00   1.7953e-03   2.0000e+04   1.8663e-01   2.8826e-02   6.2446e-02   5.4269e-02   2.8581e-02   9.9372e-03   2.2936e-03   2.6755e-04   7.1908e-06   1.2299e-07   2.4359e-09   4.0647e-11   5.1231e-13   4.5248e-15   3.0909e-17   1.4439e-19   4.3887e-22   1.0688e-24   1.9155e-27   2.4771e-30   2.9441e-33   2.4600e-36   1.2955e-39   4.9059e-43   1.3297e-46   2.6023e-50   3.6288e-54   3.8282e-58   3.0493e-62   1.6782e-66   6.5628e-71   1.9214e-75   4.1581e-80   6.4571e-85   7.3617e-90   6.1401e-95   3.7327e-100  0.0000e+00   0.0000e+00   0.0000e+00   0.0000e+00   0.0000e+00   
1.8699758942e+14  1.7005e+01   1.9843e+01   9.2621e+00   2.5000e+06   1.8000e+03   4.9963e+03   4.9963e+03   4.2611e+00   1.7975e-03   2.0000e+04   1.8663e-01   2.8825e-02   6.2445e-02   5.4268e-02   2.8581e-02   9.9371e-03   2.2936e-03   2.6755e-04   7.1908e-06   1.2299e-07   2.4359e-09   4.0648e-11   5.1232e-13   4.5250e-15   3.0911e-17   1.4439e-19   4.3890e-22   1.0689e-24   1.9157e-27   2.4773e-30   2.9444e-33   2.4603e-36   1.2957e-39   4.9066e-43   1.3299e-46   2.6028e-50   3.6294e-54   3.8289e-58   3.0500e-62   1.6786e-66   6.5645e-71   1.9219e-75   4.1593e-80   6.4590e-85   7.3641e-90   6.1422e-95   3.7341e-100  0.0000e+00   0.0000e+00   0.0000e+00   0.0000e+00   0.0000e+00   
3.6901643496e+14  1.7005e+01   1.9842e+01   9.2621e+00   2.5000e+06   1.8000e+03   4.9963e+03   4.9963e+03   4.2611e+00   1.8005e-03   2.0000e+04   1.8662e-01   2.8825e-02   6.2444e-02   5.4267e-02   2.8581e-02   9.9371e-03   2.2936e-03   2.6755e-04   7.1909e-06   1.2299e-07   2.4360e-09   4.0649e-11   5.1234e-13   4.5252e-15   3.0913e-17   1.4440e-19   4.3894e-22   1.0690e-24   1.9159e-27   2.4777e-30   2.9449e-33   2.4607e-36   1.2960e-39   4.9077e-43   1.3303e-46   2.6035e-50   3.6305e-54   3.8302e-58   3.0510e-62   1.6792e-66   6.5671e-71   1.9227e-75   4.1612e-80   6.4622e-85   7.3679e-90   6.1456e-95   3.7363e-100  0.0000e+00   0.0000e+00   0.0000e+00   0.0000e+00   0.0000e+00   
7.4106544430e+14  1.7005e+01   1.9840e+01   9.2621e+00   2.5000e+06   1.8000e+03   4.9963e+03   4.9963e+03   4.2611e+00   1.8055e-03   2.0000e+04   1.8662e-01   2.8824e-02   6.2443e-02   5.4266e-02   2.8580e-02   9.9370e-03   2.2936e-03   2.6755e-04   7.1911e-06   1.2300e-07   2.4362e-09   4.0653e-11   5.1240e-13   4.5258e-15   3.0918e-17   1.4443e-19   4.3903e-22   1.0693e-24   1.9164e-27   2.4785e-30   2.9460e-33   2.4617e-36   1.2965e-39   4.9100e-43   1.3310e-46   2.6049e-50   3.6327e-54   3.8327e-58   3.0532e-62   1.6805e-66   6.5726e-71   1.9244e-75   4.1652e-80   6.4688e-85   7.3759e-90   6.1527e-95   3.7408e-100  0.0000e+00   0.0000e+00   0.0000e+00   0.0000e+00   0.0000e+00   
1.5667791034e+15  1.7005e+01   1.9840e+01   9.2621e+00   2.5000e+06   1.8000e+03   4.9964e+03   4.9963e+03   4.2611e+00   1.8128e-03   2.0000e+04   1.8661e-01   2.8822e-02   6.2439e-02   5.4263e-02   2.8579e-02   9.9368e-03   2.2936e-03   2.6756e-04   7.1917e-06   1.2301e-07   2.4365e-09   4.0661e-11   5.1252e-13   4.5272e-15   3.0929e-17   1.4449e-19   4.3925e-22   1.0699e-24   1.9177e-27   2.4803e-30   2.9484e-33   2.4639e-36   1.2978e-39   4.9154e-43   1.3326e-46   2.6084e-50   3.6379e-54   3.8387e-58   3.0583e-62   1.6835e-66   6.5751e-71   0.0000e+00   0.0000e+00   0.0000e+00   0.0000e+00   0.0000e+00   6.7796e-84   1.3935e-89   1.5514e-94   0.0000e+00   0.0000e+00   0.0000e+00   
3.3438932549e+15  1.7006e+01   1.9848e+01   9.2621e+00   2.5000e+06   1.8000e+03   4.9964e+03   4.9962e+03   4.2611e+00   1.8204e-03   2.0000e+04   1.8659e-01   2.8819e-02   6.2432e-02   5.4258e-02   2.8578e-02   9.9366e-03   2.2936e-03   2.6759e-04   7.1933e-06   1.2305e-07   2.4374e-09   4.0679e-11   5.1282e-13   4.5304e-15   3.0954e-17   1.4463e-19   4.3975e-22   1.0713e-24   1.9205e-27   2.4844e-30   2.9539e-33   2.4690e-36   1.3008e-39   4.9278e-43   1.3362e-46   2.6162e-50   3.6498e-54   3.8522e-58   3.0700e-62   1.6904e-66   6.6143e-71   1.9375e-75   4.1954e-80   6.5355e-85   1.4235e-88   3.3498e-90   0.0000e+00   0.0000e+00   0.0000e+00   0.0000e+00   0.0000e+00   0.0000e+00   
6.9200363917e+15  1.7007e+01   1.9881e+01   9.2621e+00   2.5000e+06   1.8000e+03   4.9965e+03   4.9961e+03   4.2611e+00   1.8267e-03   2.0000e+04   1.8656e-01   2.8812e-02   6.2418e-02   5.4249e-02   2.8574e-02   9.9364e-03   2.2939e-03   2.6766e-04   7.1973e-06   1.2313e-07   2.4395e-09   4.0723e-11   5.1350e-13   4.5377e-15   3.1013e-17   1.4496e-19   4.4088e-22   1.0745e-24   1.9269e-27   2.4938e-30   2.9663e-33   2.4806e-36   1.3075e-39   4.9557e-43   1.3445e-46   2.6339e-50   3.6765e-54   3.8828e-58   3.0962e-62   1.7060e-66   6.6796e-71   1.9580e-75   4.2427e-80   6.5972e-85   7.5317e-90   6.2920e-95   3.8284e-100  0.0000e+00   0.0000e+00   0.0000e+00   0.0000e+00   0.0000e+00   
1.1307890514e+16  1.7009e+01   2.0073e+01   9.2622e+00   2.5000e+06   1.8000e+03   4.9967e+03   4.9960e+03   4.2611e+00   1.8341e-03   2.0000e+04   1.8652e-01   2.8801e-02   6.2398e-02   5.4237e-02   2.8572e-02   9.9375e-03   2.2947e-03   2.6787e-04   7.2074e-06   1.2333e-07   2.4442e-09   4.0821e-11   5.1500e-13   4.5536e-15   3.1142e-17   1.4566e-19   4.4332e-22   1.0812e-24   1.9407e-27   2.5137e-30   2.9927e-33   2.5050e-36   1.3217e-39   5.0147e-43   1.3620e-46   2.6712e-50   3.7330e-54   3.9473e-58   3.1517e-62   1.7389e-66   6.8176e-71   2.0013e-75   4.3429e-80   6.7633e-85   7.7333e-90   6.4695e-95   3.9452e-100  0.0000e+00   0.0000e+00   0.0000e+00   0.0000e+00   0.0000e+00   