! three parameters are given: shock speed (cm/s), turbulent velocity (cm/s), number of specimen levels: 
2.5000e+06   2.0000e+04   3
!depth(cm)        gas_temp(K)  el_temp      dust_temp(K) gasvel(cm/s) concHe(cm-3) conc_pH2     conc_oH2     conc_H       conc_e       conc_H_nucl  conc_mol     1            2            3            
7.2036494897e+13  1.7005e+01   1.9826e+01   9.2621e+00   2.5000e+06   1.8000e+03   4.9963e+03   4.9963e+03   4.2611e+00   1.7953e-03   2.0000e+04   6.5072e-03   3.5387e-03   2.5613e-03   4.0717e-04   
1.8699758942e+14  1.7005e+01   1.9843e+01   9.2621e+00   2.5000e+06   1.8000e+03   4.9963e+03   4.9963e+03   4.2611e+00   1.7975e-03   2.0000e+04   6.5071e-03   3.5387e-03   2.5613e-03   4.0716e-04   
3.6901643496e+14  1.7005e+01   1.9842e+01   9.2621e+00   2.5000e+06   1.8000e+03   4.9963e+03   4.9963e+03   4.2611e+00   1.8005e-03   2.0000e+04   6.5071e-03   3.5386e-03   2.5613e-03   4.0716e-04   
7.4106544430e+14  1.7005e+01   1.9840e+01   9.2621e+00   2.5000e+06   1.8000e+03   4.9963e+03   4.9963e+03   4.2611e+00   1.8055e-03   2.0000e+04   6.5069e-03   3.5385e-03   2.5612e-03   4.0716e-04   
1.5667791034e+15  1.7005e+01   1.9840e+01   9.2621e+00   2.5000e+06   1.8000e+03   4.9964e+03   4.9963e+03   4.2611e+00   1.8128e-03   2.0000e+04   6.5064e-03   3.5382e-03   2.5611e-03   4.0715e-04   
3.3438932549e+15  1.7006e+01   1.9848e+01   9.2621e+00   2.5000e+06   1.8000e+03   4.9964e+03   4.9962e+03   4.2611e+00   1.8204e-03   2.0000e+04   6.5055e-03   3.5377e-03   2.5608e-03   4.0713e-04   
6.9200363917e+15  1.7007e+01   1.9881e+01   9.2621e+00   2.5000e+06   1.8000e+03   4.9965e+03   4.9961e+03   4.2611e+00   1.8267e-03   2.0000e+04   6.5038e-03   3.5365e-03   2.5602e-03   4.0710e-04   
1.1307890514e+16  1.7009e+01   2.0073e+01   9.2622e+00   2.5000e+06   1.8000e+03   4.9967e+03   4.9960e+03   4.2611e+00   1.8341e-03   2.0000e+04   6.5016e-03   3.5349e-03   2.5595e-03   4.0714e-04   