! three parameters are given: shock speed (cm/s), turbulent velocity (cm/s), number of specimen levels: 
2.5000e+06   2.0000e+04   2
!depth(cm)        gas_temp(K)  el_temp      dust_temp(K) gasvel(cm/s) concHe(cm-3) conc_pH2     conc_oH2     conc_H       conc_e       conc_H_nucl  conc_mol     1            2            
7.2036494897e+13  1.7005e+01   1.9826e+01   9.2621e+00   2.5000e+06   1.8000e+03   4.9963e+03   4.9963e+03   4.2611e+00   1.7953e-03   2.0000e+04   5.3232e-04   5.2881e-04   3.5072e-06   
1.8699758942e+14  1.7005e+01   1.9843e+01   9.2621e+00   2.5000e+06   1.8000e+03   4.9963e+03   4.9963e+03   4.2611e+00   1.7975e-03   2.0000e+04   5.3241e-04   5.2890e-04   3.5078e-06   
3.6901643496e+14  1.7005e+01   1.9842e+01   9.2621e+00   2.5000e+06   1.8000e+03   4.9963e+03   4.9963e+03   4.2611e+00   1.8005e-03   2.0000e+04   5.3254e-04   5.2904e-04   3.5088e-06   
7.4106544430e+14  1.7005e+01   1.9840e+01   9.2621e+00   2.5000e+06   1.8000e+03   4.9963e+03   4.9963e+03   4.2611e+00   1.8055e-03   2.0000e+04   5.3283e-04   5.2932e-04   3.5108e-06   
1.5667791034e+15  1.7005e+01   1.9840e+01   9.2621e+00   2.5000e+06   1.8000e+03   4.9964e+03   4.9963e+03   4.2611e+00   1.8128e-03   2.0000e+04   5.3346e-04   5.2995e-04   3.5106e-06   
3.3438932549e+15  1.7006e+01   1.9848e+01   9.2621e+00   2.5000e+06   1.8000e+03   4.9964e+03   4.9962e+03   4.2611e+00   1.8204e-03   2.0000e+04   5.3478e-04   5.3127e-04   3.5154e-06   
6.9200363917e+15  1.7007e+01   1.9881e+01   9.2621e+00   2.5000e+06   1.8000e+03   4.9965e+03   4.9961e+03   4.2611e+00   1.8267e-03   2.0000e+04   5.3733e-04   5.3381e-04   3.5247e-06   
1.1307890514e+16  1.7009e+01   2.0073e+01   9.2622e+00   2.5000e+06   1.8000e+03   4.9967e+03   4.9960e+03   4.2611e+00   1.8341e-03   2.0000e+04   5.4105e-04   5.3751e-04   3.5375e-06   