Total area (cm2 per H): 4.8393e-022
Dust mass (g per H): 2.2583e-026
Grain concentration (particles per H): 1.5404e-012
Nb of components: 1
nb   name    radius (cm)    grain mass(g)  conc(per H)    area(per H)    
0    Sil     1.0000e-005    1.4661e-014    1.5404e-012    4.8393e-022    

Energy (cm-1) - extinction normalized by H nuclei concentration [cm2], last column - total extinction:
1.000e+000  6.678e-029  6.678e-029  
1.259e+000  1.058e-028  1.058e-028  
1.585e+000  1.677e-028  1.677e-028  
1.995e+000  2.659e-028  2.659e-028  
2.512e+000  4.214e-028  4.214e-028  
3.162e+000  6.678e-028  6.678e-028  
3.981e+000  1.058e-027  1.058e-027  
5.012e+000  1.677e-027  1.677e-027  
6.310e+000  2.659e-027  2.659e-027  
7.943e+000  4.214e-027  4.214e-027  
1.000e+001  6.678e-027  6.678e-027  
1.259e+001  1.059e-026  1.059e-026  
1.585e+001  1.679e-026  1.679e-026  
1.995e+001  2.663e-026  2.663e-026  
2.512e+001  4.225e-026  4.225e-026  
3.162e+001  6.704e-026  6.704e-026  
3.981e+001  1.067e-025  1.067e-025  
5.012e+001  1.697e-025  1.697e-025  
6.310e+001  2.712e-025  2.712e-025  
7.943e+001  4.348e-025  4.348e-025  
1.000e+002  7.012e-025  7.012e-025  
1.259e+002  1.139e-024  1.139e-024  
1.585e+002  1.863e-024  1.863e-024  
1.995e+002  3.048e-024  3.048e-024  
2.512e+002  4.931e-024  4.931e-024  
3.162e+002  7.807e-024  7.807e-024  
3.981e+002  1.276e-023  1.276e-023  
5.012e+002  2.136e-023  2.136e-023  
6.310e+002  1.867e-023  1.867e-023  
7.943e+002  2.244e-023  2.244e-023  
1.000e+003  6.244e-023  6.244e-023  
1.259e+003  1.570e-023  1.570e-023  
1.585e+003  5.387e-024  5.387e-024  
1.995e+003  5.282e-024  5.282e-024  
2.512e+003  6.096e-024  6.096e-024  
3.162e+003  7.202e-024  7.202e-024  
3.981e+003  8.828e-024  8.828e-024  
5.012e+003  1.161e-023  1.161e-023  
6.310e+003  1.680e-023  1.680e-023  
7.943e+003  2.725e-023  2.725e-023  
1.000e+004  5.018e-023  5.018e-023  
1.259e+004  1.019e-022  1.019e-022  
1.585e+004  2.153e-022  2.153e-022  
1.995e+004  4.359e-022  4.359e-022  
2.512e+004  9.233e-022  9.233e-022  
3.162e+004  1.417e-021  1.417e-021  
3.981e+004  2.125e-021  2.125e-021  
5.012e+004  1.732e-021  1.732e-021  
6.310e+004  1.277e-021  1.277e-021  
7.943e+004  1.258e-021  1.258e-021  
1.000e+005  1.224e-021  1.224e-021  
1.259e+005  1.179e-021  1.179e-021  
1.585e+005  1.093e-021  1.093e-021  
1.995e+005  9.878e-022  9.878e-022  

Temperature (K) - integrated emissivity (energy emitted by one grain, erg/s):
1.000e+000  8.930e-020  
1.047e+000  1.177e-019  
1.096e+000  1.552e-019  
1.148e+000  2.046e-019  
1.202e+000  2.697e-019  
1.259e+000  3.555e-019  
1.318e+000  4.687e-019  
1.380e+000  6.178e-019  
1.445e+000  8.145e-019  
1.514e+000  1.074e-018  
1.585e+000  1.415e-018  
1.660e+000  1.866e-018  
1.738e+000  2.460e-018  
1.820e+000  3.243e-018  
1.905e+000  4.275e-018  
1.995e+000  5.636e-018  
2.089e+000  7.430e-018  
2.188e+000  9.794e-018  
2.291e+000  1.291e-017  
2.399e+000  1.702e-017  
2.512e+000  2.244e-017  
2.630e+000  2.959e-017  
2.754e+000  3.900e-017  
2.884e+000  5.142e-017  
3.020e+000  6.780e-017  
3.162e+000  8.938e-017  
3.311e+000  1.178e-016  
3.467e+000  1.554e-016  
3.631e+000  2.048e-016  
3.802e+000  2.701e-016  
3.981e+000  3.561e-016  
4.169e+000  4.695e-016  
4.365e+000  6.190e-016  
4.571e+000  8.161e-016  
4.786e+000  1.076e-015  
5.012e+000  1.419e-015  
5.248e+000  1.871e-015  
5.495e+000  2.467e-015  
5.754e+000  3.253e-015  
6.026e+000  4.290e-015  
6.310e+000  5.657e-015  
6.607e+000  7.461e-015  
6.918e+000  9.839e-015  
7.244e+000  1.298e-014  
7.586e+000  1.712e-014  
7.943e+000  2.258e-014  
8.318e+000  2.978e-014  
8.710e+000  3.929e-014  
9.120e+000  5.183e-014  
9.550e+000  6.838e-014  
1.000e+001  9.022e-014  
1.047e+001  1.191e-013  
1.096e+001  1.571e-013  
1.148e+001  2.074e-013  
1.202e+001  2.737e-013  
1.259e+001  3.613e-013  
1.318e+001  4.771e-013  
1.380e+001  6.299e-013  
1.445e+001  8.319e-013  
1.514e+001  1.099e-012  
1.585e+001  1.451e-012  
1.660e+001  1.918e-012  
1.738e+001  2.534e-012  
1.820e+001  3.350e-012  
1.905e+001  4.428e-012  
1.995e+001  5.854e-012  
2.089e+001  7.742e-012  
2.188e+001  1.024e-011  
2.291e+001  1.355e-011  
2.399e+001  1.792e-011  
2.512e+001  2.372e-011  
2.630e+001  3.140e-011  
2.754e+001  4.157e-011  
2.884e+001  5.503e-011  
3.020e+001  7.287e-011  
3.162e+001  9.650e-011  
3.311e+001  1.278e-010  
3.467e+001  1.693e-010  
3.631e+001  2.242e-010  
3.802e+001  2.969e-010  
3.981e+001  3.932e-010  
4.169e+001  5.208e-010  
4.365e+001  6.896e-010  
4.571e+001  9.132e-010  
4.786e+001  1.209e-009  
5.012e+001  1.600e-009  
5.248e+001  2.119e-009  
5.495e+001  2.803e-009  
5.754e+001  3.708e-009  
6.026e+001  4.903e-009  
6.310e+001  6.481e-009  
6.607e+001  8.560e-009  
6.918e+001  1.130e-008  
7.244e+001  1.489e-008  
7.586e+001  1.961e-008  
7.943e+001  2.579e-008  
8.318e+001  3.385e-008  
8.710e+001  4.435e-008  
9.120e+001  5.801e-008  
9.550e+001  7.570e-008  
1.000e+002  9.858e-008  
1.047e+002  1.281e-007  
1.096e+002  1.661e-007  
1.148e+002  2.149e-007  
1.202e+002  2.775e-007  
1.259e+002  3.576e-007  
1.318e+002  4.602e-007  
1.380e+002  5.910e-007  
1.445e+002  7.580e-007  
1.514e+002  9.703e-007  
1.585e+002  1.240e-006  
1.660e+002  1.582e-006  
1.738e+002  2.014e-006  
1.820e+002  2.558e-006  
1.905e+002  3.243e-006  
1.995e+002  4.097e-006  
2.089e+002  5.160e-006  
2.188e+002  6.476e-006  
2.291e+002  8.098e-006  
2.399e+002  1.008e-005  
2.512e+002  1.250e-005  
2.630e+002  1.544e-005  
2.754e+002  1.892e-005  
2.884e+002  2.319e-005  
3.020e+002  2.822e-005  
3.162e+002  3.418e-005  
3.311e+002  4.120e-005  
3.467e+002  4.942e-005  
3.631e+002  5.901e-005  
3.802e+002  7.017e-005  
3.981e+002  8.308e-005  
4.169e+002  9.797e-005  
4.365e+002  1.151e-004  
4.571e+002  1.347e-004  
4.786e+002  1.573e-004  
5.012e+002  1.830e-004  
5.248e+002  2.124e-004  
5.495e+002  2.460e-004  
5.754e+002  2.844e-004  
6.026e+002  3.284e-004  
6.310e+002  3.788e-004  
6.607e+002  4.367e-004  
6.918e+002  5.035e-004  
7.244e+002  5.806e-004  
7.586e+002  6.700e-004  
7.943e+002  7.742e-004  
8.318e+002  8.960e-004  
8.710e+002  1.039e-003  
9.120e+002  1.209e-003  
9.550e+002  1.410e-003  
1.000e+003  1.649e-003  
1.047e+003  1.936e-003  
1.096e+003  2.282e-003  

Photoelectric rates on grains, rate of electron emission by one grain (s-1), electron energy in erg
Data: charge z; for IS UV field: rate, energy; for IS VIS field; for CR induced field;
Sil
-100    2.865e-003  3.946e-012     9.614e-008  3.832e-012     6.441e-008  4.657e-012  
-98     2.862e-003  3.902e-012     9.401e-008  3.789e-012     6.438e-008  4.613e-012  
-96     2.860e-003  3.859e-012     9.188e-008  3.745e-012     6.434e-008  4.569e-012  
-94     2.857e-003  3.815e-012     8.977e-008  3.702e-012     6.430e-008  4.525e-012  
-92     2.854e-003  3.772e-012     8.767e-008  3.658e-012     6.426e-008  4.482e-012  
-90     2.851e-003  3.728e-012     8.532e-008  3.610e-012     6.423e-008  4.438e-012  
-88     2.848e-003  3.685e-012     8.324e-008  3.566e-012     6.419e-008  4.394e-012  
-86     2.845e-003  3.641e-012     8.117e-008  3.523e-012     6.415e-008  4.350e-012  
-84     2.842e-003  3.598e-012     7.911e-008  3.480e-012     6.411e-008  4.306e-012  
-82     2.839e-003  3.554e-012     7.705e-008  3.436e-012     6.408e-008  4.262e-012  
-80     2.836e-003  3.510e-012     7.501e-008  3.393e-012     6.404e-008  4.219e-012  
-78     2.834e-003  3.467e-012     7.297e-008  3.349e-012     6.400e-008  4.175e-012  
-76     2.831e-003  3.423e-012     7.094e-008  3.306e-012     6.397e-008  4.131e-012  
-74     2.828e-003  3.380e-012     6.872e-008  3.258e-012     6.393e-008  4.087e-012  
-72     2.825e-003  3.336e-012     6.671e-008  3.214e-012     6.389e-008  4.043e-012  
-70     2.822e-003  3.293e-012     6.472e-008  3.171e-012     6.385e-008  4.000e-012  
-68     2.819e-003  3.249e-012     6.273e-008  3.127e-012     6.382e-008  3.956e-012  
-66     2.816e-003  3.205e-012     6.075e-008  3.084e-012     6.378e-008  3.912e-012  
-64     2.814e-003  3.162e-012     5.878e-008  3.041e-012     6.374e-008  3.868e-012  
-62     2.811e-003  3.118e-012     5.681e-008  2.997e-012     6.371e-008  3.824e-012  
-60     2.808e-003  3.075e-012     5.470e-008  2.949e-012     6.367e-008  3.781e-012  
-58     2.805e-003  3.031e-012     5.276e-008  2.905e-012     6.363e-008  3.737e-012  
-56     2.802e-003  2.988e-012     5.082e-008  2.862e-012     6.359e-008  3.693e-012  
-54     2.799e-003  2.944e-012     4.890e-008  2.818e-012     6.356e-008  3.649e-012  
-52     2.796e-003  2.900e-012     4.699e-008  2.775e-012     6.352e-008  3.605e-012  
-50     2.794e-003  2.857e-012     4.508e-008  2.732e-012     6.348e-008  3.562e-012  
-48     2.791e-003  2.813e-012     4.318e-008  2.688e-012     6.345e-008  3.518e-012  
-46     2.788e-003  2.770e-012     4.116e-008  2.640e-012     6.341e-008  3.474e-012  
-44     2.785e-003  2.726e-012     3.929e-008  2.596e-012     6.337e-008  3.430e-012  
-42     2.782e-003  2.683e-012     3.742e-008  2.553e-012     6.334e-008  3.386e-012  
-40     2.779e-003  2.639e-012     3.556e-008  2.509e-012     6.330e-008  3.342e-012  
-38     2.777e-003  2.595e-012     3.370e-008  2.466e-012     6.326e-008  3.299e-012  
-36     2.774e-003  2.552e-012     3.186e-008  2.423e-012     6.322e-008  3.255e-012  
-34     2.771e-003  2.508e-012     3.002e-008  2.379e-012     6.319e-008  3.211e-012  
-32     2.768e-003  2.465e-012     2.820e-008  2.336e-012     6.315e-008  3.167e-012  
-30     2.765e-003  2.421e-012     2.629e-008  2.287e-012     6.311e-008  3.123e-012  
-29     2.764e-003  2.399e-012     2.539e-008  2.266e-012     6.310e-008  3.102e-012  
-28     2.763e-003  2.378e-012     2.449e-008  2.244e-012     6.308e-008  3.080e-012  
-27     2.761e-003  2.356e-012     2.359e-008  2.222e-012     6.306e-008  3.058e-012  
-26     2.760e-003  2.334e-012     2.269e-008  2.200e-012     6.304e-008  3.036e-012  
-25     2.758e-003  2.312e-012     2.179e-008  2.179e-012     6.302e-008  3.014e-012  
-24     2.757e-003  2.290e-012     2.090e-008  2.157e-012     6.300e-008  2.992e-012  
-23     2.756e-003  2.269e-012     2.000e-008  2.135e-012     6.299e-008  2.970e-012  
-22     2.754e-003  2.247e-012     1.911e-008  2.114e-012     6.297e-008  2.948e-012  
-21     2.753e-003  2.225e-012     1.822e-008  2.092e-012     6.295e-008  2.926e-012  
-20     2.751e-003  2.203e-012     1.734e-008  2.070e-012     6.293e-008  2.904e-012  
-19     2.750e-003  2.182e-012     1.645e-008  2.048e-012     6.291e-008  2.882e-012  
-18     2.749e-003  2.160e-012     1.557e-008  2.027e-012     6.289e-008  2.861e-012  
-17     2.747e-003  2.138e-012     1.469e-008  2.005e-012     6.288e-008  2.839e-012  
-16     2.746e-003  2.116e-012     1.376e-008  1.978e-012     6.286e-008  2.817e-012  
-15     2.744e-003  2.094e-012     1.289e-008  1.956e-012     6.284e-008  2.795e-012  
-14     2.743e-003  2.073e-012     1.202e-008  1.935e-012     6.282e-008  2.773e-012  
-13     2.742e-003  2.051e-012     1.115e-008  1.913e-012     6.280e-008  2.751e-012  
-12     2.740e-003  2.029e-012     1.028e-008  1.891e-012     6.278e-008  2.729e-012  
-11     2.739e-003  2.007e-012     9.411e-009  1.870e-012     6.277e-008  2.707e-012  
-10     2.737e-003  1.985e-012     8.546e-009  1.848e-012     6.275e-008  2.685e-012  
-9      2.736e-003  1.964e-012     7.683e-009  1.826e-012     6.273e-008  2.663e-012  
-8      2.735e-003  1.942e-012     6.821e-009  1.805e-012     6.271e-008  2.641e-012  
-7      2.733e-003  1.920e-012     5.962e-009  1.783e-012     6.269e-008  2.620e-012  
-6      2.732e-003  1.898e-012     5.105e-009  1.761e-012     6.267e-008  2.598e-012  
-5      2.730e-003  1.876e-012     4.249e-009  1.739e-012     6.266e-008  2.576e-012  
-4      2.729e-003  1.855e-012     3.396e-009  1.718e-012     6.264e-008  2.554e-012  
-3      2.728e-003  1.833e-012     2.544e-009  1.696e-012     6.262e-008  2.532e-012  
-2      2.726e-003  1.811e-012     1.694e-009  1.674e-012     6.260e-008  2.510e-012  
-1      2.725e-003  1.789e-012     8.434e-010  1.647e-012     6.258e-008  2.488e-012  
0       2.721e-003  1.769e-012     0.000e+000  0.000e+000     6.253e-008  2.467e-012  
1       2.711e-003  1.752e-012     0.000e+000  0.000e+000     6.242e-008  2.448e-012  
2       2.698e-003  1.738e-012     0.000e+000  0.000e+000     6.227e-008  2.431e-012  
3       2.683e-003  1.724e-012     0.000e+000  0.000e+000     6.209e-008  2.415e-012  
4       2.665e-003  1.713e-012     0.000e+000  0.000e+000     6.188e-008  2.400e-012  
5       2.646e-003  1.702e-012     0.000e+000  0.000e+000     6.164e-008  2.386e-012  
6       2.626e-003  1.692e-012     0.000e+000  0.000e+000     6.139e-008  2.373e-012  
7       2.604e-003  1.682e-012     0.000e+000  0.000e+000     6.112e-008  2.360e-012  
8       2.582e-003  1.674e-012     0.000e+000  0.000e+000     6.084e-008  2.348e-012  
9       2.559e-003  1.666e-012     0.000e+000  0.000e+000     6.055e-008  2.336e-012  
10      2.536e-003  1.658e-012     0.000e+000  0.000e+000     6.024e-008  2.325e-012  
11      2.512e-003  1.651e-012     0.000e+000  0.000e+000     5.993e-008  2.314e-012  
12      2.487e-003  1.644e-012     0.000e+000  0.000e+000     5.961e-008  2.303e-012  
13      2.462e-003  1.637e-012     0.000e+000  0.000e+000     5.928e-008  2.293e-012  
14      2.437e-003  1.631e-012     0.000e+000  0.000e+000     5.894e-008  2.283e-012  
15      2.412e-003  1.624e-012     0.000e+000  0.000e+000     5.860e-008  2.273e-012  
16      2.387e-003  1.618e-012     0.000e+000  0.000e+000     5.825e-008  2.264e-012  
17      2.361e-003  1.613e-012     0.000e+000  0.000e+000     5.790e-008  2.254e-012  
18      2.336e-003  1.607e-012     0.000e+000  0.000e+000     5.754e-008  2.245e-012  
19      2.310e-003  1.602e-012     0.000e+000  0.000e+000     5.718e-008  2.236e-012  
20      2.284e-003  1.597e-012     0.000e+000  0.000e+000     5.682e-008  2.227e-012  
21      2.259e-003  1.592e-012     0.000e+000  0.000e+000     5.645e-008  2.218e-012  
22      2.233e-003  1.587e-012     0.000e+000  0.000e+000     5.609e-008  2.210e-012  
23      2.208e-003  1.582e-012     0.000e+000  0.000e+000     5.572e-008  2.201e-012  
24      2.182e-003  1.577e-012     0.000e+000  0.000e+000     5.534e-008  2.193e-012  
25      2.157e-003  1.572e-012     0.000e+000  0.000e+000     5.497e-008  2.185e-012  
26      2.132e-003  1.568e-012     0.000e+000  0.000e+000     5.459e-008  2.177e-012  
27      2.106e-003  1.563e-012     0.000e+000  0.000e+000     5.422e-008  2.169e-012  
28      2.082e-003  1.559e-012     0.000e+000  0.000e+000     5.384e-008  2.161e-012  
29      2.057e-003  1.554e-012     0.000e+000  0.000e+000     5.346e-008  2.153e-012  
30      2.032e-003  1.550e-012     0.000e+000  0.000e+000     5.308e-008  2.145e-012  
32      1.983e-003  1.541e-012     0.000e+000  0.000e+000     5.232e-008  2.130e-012  
34      1.935e-003  1.533e-012     0.000e+000  0.000e+000     5.156e-008  2.115e-012  
36      1.887e-003  1.524e-012     0.000e+000  0.000e+000     5.080e-008  2.100e-012  
38      1.841e-003  1.516e-012     0.000e+000  0.000e+000     5.004e-008  2.085e-012  
40      1.795e-003  1.508e-012     0.000e+000  0.000e+000     4.929e-008  2.071e-012  
42      1.750e-003  1.500e-012     0.000e+000  0.000e+000     4.853e-008  2.056e-012  
44      1.705e-003  1.493e-012     0.000e+000  0.000e+000     4.778e-008  2.042e-012  
46      1.662e-003  1.485e-012     0.000e+000  0.000e+000     4.703e-008  2.028e-012  
48      1.619e-003  1.477e-012     0.000e+000  0.000e+000     4.629e-008  2.014e-012  
50      1.578e-003  1.470e-012     0.000e+000  0.000e+000     4.555e-008  2.000e-012  
52      1.537e-003  1.462e-012     0.000e+000  0.000e+000     4.481e-008  1.987e-012  
54      1.497e-003  1.454e-012     0.000e+000  0.000e+000     4.408e-008  1.973e-012  
56      1.457e-003  1.447e-012     0.000e+000  0.000e+000     4.335e-008  1.960e-012  
58      1.419e-003  1.439e-012     0.000e+000  0.000e+000     4.263e-008  1.947e-012  
60      1.381e-003  1.432e-012     0.000e+000  0.000e+000     4.191e-008  1.933e-012  
62      1.344e-003  1.424e-012     0.000e+000  0.000e+000     4.120e-008  1.920e-012  
64      1.308e-003  1.417e-012     0.000e+000  0.000e+000     4.049e-008  1.907e-012  
66      1.273e-003  1.409e-012     0.000e+000  0.000e+000     3.980e-008  1.894e-012  
68      1.238e-003  1.402e-012     0.000e+000  0.000e+000     3.910e-008  1.881e-012  
70      1.205e-003  1.394e-012     0.000e+000  0.000e+000     3.842e-008  1.868e-012  
72      1.172e-003  1.387e-012     0.000e+000  0.000e+000     3.773e-008  1.855e-012  
74      1.139e-003  1.379e-012     0.000e+000  0.000e+000     3.706e-008  1.842e-012  
76      1.108e-003  1.372e-012     0.000e+000  0.000e+000     3.639e-008  1.830e-012  
78      1.077e-003  1.364e-012     0.000e+000  0.000e+000     3.573e-008  1.817e-012  
80      1.047e-003  1.357e-012     0.000e+000  0.000e+000     3.507e-008  1.804e-012  
82      1.017e-003  1.349e-012     0.000e+000  0.000e+000     3.443e-008  1.792e-012  
84      9.884e-004  1.342e-012     0.000e+000  0.000e+000     3.378e-008  1.779e-012  
86      9.602e-004  1.334e-012     0.000e+000  0.000e+000     3.315e-008  1.767e-012  
88      9.327e-004  1.327e-012     0.000e+000  0.000e+000     3.252e-008  1.754e-012  
90      9.059e-004  1.319e-012     0.000e+000  0.000e+000     3.190e-008  1.742e-012  
92      8.797e-004  1.312e-012     0.000e+000  0.000e+000     3.129e-008  1.729e-012  
94      8.541e-004  1.304e-012     0.000e+000  0.000e+000     3.068e-008  1.717e-012  
96      8.291e-004  1.297e-012     0.000e+000  0.000e+000     3.008e-008  1.705e-012  
98      8.046e-004  1.289e-012     0.000e+000  0.000e+000     2.948e-008  1.692e-012  
100     7.808e-004  1.282e-012     0.000e+000  0.000e+000     2.890e-008  1.680e-012  
