! 0       C2H5OH + HCO+ -> CO + C2H5OH2+
! 1       C2H5OH + C+ -> C2H3 + H3CO+
! 2       C2H5OH + C+ -> C + C2H5OH+
! 3       C2H5OH + H3O+ -> H2O + C2H5OH2+
! 4       C2H5OH + GRAIN -> *C2H5OH + GRAIN
! 5       C2H5OH + H3+ -> CH4 + H2O + CH3+
! 6       C2H5OH + CRPhoton -> C2H5 + OH
! 7       C2H5OH + H2 -> C2H4 + H2O + H2
! 8       C2H5OH + He+ -> OH + He + C2H5+
! 9       C2H5OH + H+ -> H + C2H5OH+
! 10      C2H5OH + CRPhoton -> C2H5OH+ + e-
!            tot_rate   0          1          2          3          4          5          6          7          8          9          10         
1.34508e+014 5.46e-021  2.44e-001  1.91e-001  1.91e-001  1.31e-001  6.98e-003  5.87e-002  3.17e-002  0.00e+000  4.66e-002  3.28e-002  4.55e-003  
8.00271e+015 5.45e-021  2.44e-001  1.91e-001  1.91e-001  1.31e-001  6.99e-003  5.87e-002  3.17e-002  0.00e+000  4.66e-002  3.28e-002  4.55e-003  
7.87466e+016 3.91e-021  2.04e-001  1.86e-001  1.86e-001  1.17e-001  2.20e-002  7.03e-002  4.30e-002  0.00e+000  5.09e-002  4.07e-002  6.16e-003  
1.06312e+017 1.58e-021  1.71e-001  1.03e-001  1.66e-001  7.55e-002  1.83e-001  5.56e-002  1.04e-001  0.00e+000  2.66e-002  4.25e-002  1.48e-002  
1.09855e+017 1.25e-021  1.62e-001  8.62e-002  2.20e-001  6.67e-002  1.55e-001  4.63e-002  1.30e-001  0.00e+000  2.11e-002  4.41e-002  1.87e-002  
1.10673e+017 1.18e-021  1.60e-001  8.19e-002  2.38e-001  6.48e-002  1.41e-001  4.38e-002  1.38e-001  0.00e+000  1.99e-002  4.58e-002  1.99e-002  
1.11398e+017 1.10e-021  1.58e-001  7.68e-002  2.51e-001  6.37e-002  1.28e-001  4.17e-002  1.48e-001  0.00e+000  1.90e-002  4.76e-002  2.12e-002  
1.12221e+017 9.68e-022  1.66e-001  6.26e-002  2.36e-001  6.57e-002  1.19e-001  4.18e-002  1.68e-001  0.00e+000  1.89e-002  5.23e-002  2.42e-002  
1.12812e+017 7.88e-022  1.93e-001  3.72e-002  1.55e-001  7.47e-002  1.24e-001  4.64e-002  2.07e-001  0.00e+000  2.09e-002  6.23e-002  2.97e-002  
1.13349e+017 6.34e-022  2.27e-001  9.34e-003  4.32e-002  8.61e-002  1.31e-001  5.24e-002  2.57e-001  0.00e+000  2.37e-002  7.52e-002  3.69e-002  
1.13938e+017 5.67e-022  2.41e-001  6.47e-004  3.35e-003  8.85e-002  1.22e-001  5.25e-002  2.87e-001  0.00e+000  2.38e-002  8.11e-002  4.12e-002  
1.14626e+017 5.26e-022  2.41e-001  2.05e-004  1.22e-003  8.70e-002  1.04e-001  4.98e-002  3.10e-001  0.00e+000  2.24e-002  8.36e-002  4.44e-002  
1.15112e+017 5.02e-022  2.41e-001  1.25e-004  8.19e-004  8.61e-002  9.28e-002  4.76e-002  3.25e-001  0.00e+000  2.15e-002  8.47e-002  4.66e-002  
1.15530e+017 4.82e-022  2.39e-001  8.75e-005  6.22e-004  8.57e-002  8.38e-002  4.60e-002  3.38e-001  0.00e+000  2.07e-002  8.55e-002  4.85e-002  
1.16007e+017 4.62e-022  2.36e-001  7.25e-005  5.72e-004  8.51e-002  7.43e-002  4.37e-002  3.53e-001  0.00e+000  1.98e-002  8.62e-002  5.07e-002  
1.16507e+017 4.43e-022  2.33e-001  6.91e-005  6.03e-004  8.50e-002  6.58e-002  4.13e-002  3.68e-001  0.00e+000  1.87e-002  8.63e-002  5.29e-002  
1.17040e+017 4.35e-022  2.46e-001  6.38e-005  6.22e-004  8.29e-002  5.67e-002  3.79e-002  3.77e-001  0.00e+000  1.71e-002  8.38e-002  5.37e-002  
1.17511e+017 4.33e-022  2.59e-001  5.93e-005  6.35e-004  8.56e-002  4.99e-002  3.46e-002  3.79e-001  0.00e+000  1.57e-002  8.06e-002  5.42e-002  
1.17806e+017 4.33e-022  2.66e-001  5.66e-005  6.43e-004  8.90e-002  4.60e-002  3.26e-002  3.79e-001  0.00e+000  1.49e-002  7.79e-002  5.43e-002  
1.18134e+017 4.34e-022  2.76e-001  5.55e-005  6.50e-004  9.26e-002  4.24e-002  3.02e-002  3.78e-001  0.00e+000  1.38e-002  7.44e-002  5.44e-002  
1.18488e+017 4.35e-022  2.85e-001  5.63e-005  6.59e-004  9.65e-002  3.93e-002  2.78e-002  3.79e-001  0.00e+000  1.27e-002  7.03e-002  5.42e-002  
1.18867e+017 4.38e-022  2.95e-001  5.69e-005  6.65e-004  1.01e-001  3.66e-002  2.49e-002  3.79e-001  3.25e-061  1.16e-002  6.49e-002  5.44e-002  
1.19273e+017 4.40e-022  3.07e-001  5.72e-005  6.70e-004  1.05e-001  3.43e-002  2.21e-002  3.79e-001  8.27e-047  1.03e-002  5.81e-002  5.45e-002  
1.19721e+017 4.47e-022  3.20e-001  5.66e-005  6.62e-004  1.09e-001  3.24e-002  1.91e-002  3.80e-001  8.05e-034  8.92e-003  4.94e-002  5.46e-002  
1.20205e+017 4.59e-022  3.29e-001  5.47e-005  6.41e-004  1.14e-001  3.14e-002  1.64e-002  3.84e-001  6.36e-023  7.65e-003  3.90e-002  5.51e-002  
1.20720e+017 4.82e-022  3.36e-001  5.22e-005  6.09e-004  1.19e-001  3.07e-002  1.42e-002  3.88e-001  1.77e-014  6.96e-003  2.82e-002  5.55e-002  
1.21274e+017 5.26e-022  3.33e-001  4.98e-005  5.84e-004  1.27e-001  3.06e-002  1.31e-002  3.94e-001  3.44e-008  6.62e-003  1.84e-002  5.63e-002  
1.21854e+017 6.07e-022  3.18e-001  4.85e-005  5.67e-004  1.42e-001  3.13e-002  1.26e-002  3.99e-001  7.10e-004  6.43e-003  1.13e-002  5.73e-002  
1.22444e+017 1.06e-021  2.09e-001  3.43e-005  4.02e-004  1.23e-001  2.35e-002  8.77e-003  2.95e-001  2.74e-001  4.56e-003  5.22e-003  4.22e-002  
1.22701e+017 4.11e-022  0.00e+000  0.00e+000  0.00e+000  0.00e+000  1.00e+000  0.00e+000  0.00e+000  0.00e+000  0.00e+000  0.00e+000  0.00e+000  
