! 0       H + OCN -> OH + CN
! 1       H + OCN -> NH + CO
! 2       H + OCN -> HCN + O
! 3       O + OCN -> CO + NO
! 4       OCN + H3+ -> H2 + HOCN+
! 5       OCN + H3+ -> H2 + HNCO+
! 6       O + OCN -> O2 + CN
! 7       O2 + OCN -> NO2 + CO
! 8       OCN + C+ -> CN + CO+
! 9       OCN + GRAIN -> *OCN + GRAIN
!            tot_rate   0          1          2          3          4          5          6          7          8          9          
1.34508e+014 1.36e-015  8.66e-001  2.30e-020  0.00e+000  1.14e-001  9.02e-003  9.02e-003  0.00e+000  5.72e-032  1.41e-003  1.03e-004  
8.00271e+015 1.37e-015  8.67e-001  2.29e-020  0.00e+000  1.13e-001  8.96e-003  8.96e-003  0.00e+000  5.67e-032  1.40e-003  1.02e-004  
7.87466e+016 1.36e-015  8.68e-001  2.46e-020  0.00e+000  1.13e-001  7.95e-003  7.95e-003  0.00e+000  6.32e-032  1.48e-003  2.30e-004  
1.06312e+017 1.31e-015  8.77e-001  8.61e-019  0.00e+000  1.14e-001  2.78e-003  2.78e-003  0.00e+000  1.30e-029  1.82e-003  7.93e-004  
1.09855e+017 1.28e-015  8.76e-001  1.33e-016  0.00e+000  1.15e-001  2.92e-003  2.92e-003  0.00e+000  2.50e-026  1.93e-003  5.34e-004  
1.10673e+017 1.25e-015  8.77e-001  1.07e-015  0.00e+000  1.14e-001  2.91e-003  2.91e-003  0.00e+000  5.72e-025  1.94e-003  4.54e-004  
1.11398e+017 1.21e-015  8.76e-001  1.05e-014  0.00e+000  1.15e-001  2.94e-003  2.94e-003  0.00e+000  1.76e-023  1.93e-003  3.90e-004  
1.12221e+017 1.16e-015  8.77e-001  2.42e-013  1.70e-074  1.14e-001  2.94e-003  2.94e-003  0.00e+000  1.96e-021  1.58e-003  3.15e-004  
1.12812e+017 1.11e-015  8.78e-001  3.34e-012  5.45e-068  1.14e-001  2.96e-003  2.96e-003  1.11e-077  1.00e-019  8.51e-004  2.68e-004  
1.13349e+017 1.07e-015  8.79e-001  4.53e-011  1.61e-061  1.14e-001  2.98e-003  2.98e-003  4.79e-070  5.05e-018  1.91e-004  2.29e-004  
1.13938e+017 1.02e-015  8.78e-001  9.56e-010  6.00e-054  1.15e-001  2.99e-003  2.99e-003  3.96e-061  4.91e-016  1.32e-005  1.89e-004  
1.14626e+017 9.56e-016  8.79e-001  3.76e-008  7.96e-045  1.14e-001  3.02e-003  3.02e-003  2.04e-050  1.21e-013  4.48e-006  1.52e-004  
1.15112e+017 9.12e-016  8.79e-001  4.87e-007  1.94e-038  1.14e-001  3.04e-003  3.04e-003  6.06e-043  5.68e-012  2.86e-006  1.28e-004  
1.15530e+017 8.74e-016  8.78e-001  4.07e-006  3.87e-033  1.14e-001  3.05e-003  3.05e-003  9.04e-037  1.37e-010  2.09e-006  1.11e-004  
1.16007e+017 8.31e-016  8.78e-001  3.89e-005  1.67e-027  1.14e-001  3.08e-003  3.08e-003  3.08e-030  4.07e-009  1.83e-006  9.42e-005  
1.16507e+017 7.88e-016  8.78e-001  3.20e-004  3.25e-022  1.14e-001  3.10e-003  3.10e-003  3.72e-024  9.62e-008  1.85e-006  7.98e-005  
1.17040e+017 7.45e-016  8.76e-001  2.13e-003  2.00e-017  1.14e-001  3.10e-003  3.10e-003  1.04e-018  1.66e-006  1.87e-006  6.72e-005  
1.17511e+017 7.10e-016  8.71e-001  8.11e-003  5.00e-014  1.13e-001  3.07e-003  3.07e-003  6.62e-015  1.24e-005  1.89e-006  5.84e-005  
1.17806e+017 6.93e-016  8.64e-001  1.59e-002  2.70e-012  1.13e-001  3.03e-003  3.03e-003  5.40e-013  3.41e-005  1.89e-006  5.35e-005  
1.18134e+017 6.77e-016  8.53e-001  2.93e-002  1.05e-010  1.11e-001  2.94e-003  2.94e-003  2.93e-011  8.56e-005  1.89e-006  4.86e-005  
1.18488e+017 6.64e-016  8.35e-001  4.96e-002  2.70e-009  1.09e-001  2.80e-003  2.80e-003  9.43e-010  1.91e-004  1.87e-006  4.39e-005  
1.18867e+017 6.54e-016  8.10e-001  7.81e-002  4.84e-008  1.05e-001  2.61e-003  2.61e-003  1.94e-008  3.84e-004  1.83e-006  3.96e-005  
1.19273e+017 6.49e-016  7.76e-001  1.16e-001  6.73e-007  1.01e-001  2.34e-003  2.34e-003  2.87e-007  7.15e-004  1.76e-006  3.54e-005  
1.19721e+017 6.49e-016  7.34e-001  1.65e-001  7.75e-006  9.54e-002  2.02e-003  2.02e-003  3.17e-006  1.24e-003  1.63e-006  3.14e-005  
1.20205e+017 6.47e-016  6.86e-001  2.19e-001  6.60e-005  8.93e-002  1.71e-003  1.71e-003  2.35e-005  1.17e-003  1.46e-006  2.81e-005  
1.20720e+017 6.43e-016  6.39e-001  2.72e-001  3.83e-004  8.32e-002  1.45e-003  1.45e-003  1.09e-004  1.09e-003  1.28e-006  2.54e-005  
1.21274e+017 6.28e-016  5.98e-001  3.18e-001  1.58e-003  7.72e-002  1.27e-003  1.27e-003  3.34e-004  1.02e-003  1.12e-006  2.32e-005  
1.21854e+017 6.07e-016  5.65e-001  3.56e-001  4.64e-003  7.02e-002  1.12e-003  1.12e-003  6.90e-004  9.59e-004  1.00e-006  2.17e-005  
1.22444e+017 5.97e-016  5.44e-001  3.83e-001  1.01e-002  5.79e-002  9.88e-004  9.88e-004  9.59e-004  9.01e-004  8.98e-007  2.08e-005  
1.22701e+017 3.67e-015  4.20e-001  3.74e-001  1.64e-001  3.90e-002  0.00e+000  0.00e+000  1.86e-003  6.82e-004  0.00e+000  4.23e-005  
