! 0       CH3CO + CH4 -> CH3CHO + CH3
! 1       CH3CO + H2 -> CO + CH3 + H2
! 2       CH3CO + O -> CO2 + CH3
! 3       CH3CO + H -> CH2CO + H2
! 4       CH3CO + H -> HCO + CH3
! 5       CH3CO + O -> CH2CO + OH
! 6       CH3CO + OH -> CH3 + CO + OH
! 7       CH3CO + HCO+ -> CO + CH3CHO+
! 8       CH3CO + OH -> CH2CO + H2O
! 9       CH3CO + H3O+ -> H2O + CH3CHO+
!            tot_rate   0          1          2          3          4          5          6          7          8          9          
1.34508e+014 8.71e-021  0.00e+000  0.00e+000  4.29e-001  2.39e-001  1.29e-001  1.42e-001  4.63e-004  1.34e-002  1.85e-004  6.58e-003  
8.00271e+015 8.70e-021  0.00e+000  0.00e+000  4.29e-001  2.39e-001  1.29e-001  1.43e-001  4.63e-004  1.34e-002  1.85e-004  6.59e-003  
7.87466e+016 8.84e-021  0.00e+000  0.00e+000  4.36e-001  2.43e-001  1.30e-001  1.45e-001  4.73e-004  8.45e-003  1.89e-004  4.42e-003  
1.06312e+017 1.09e-020  0.00e+000  0.00e+000  4.49e-001  2.51e-001  1.35e-001  1.50e-001  4.88e-004  3.47e-003  1.95e-004  1.24e-003  
1.09855e+017 1.12e-020  0.00e+000  0.00e+000  4.49e-001  2.51e-001  1.35e-001  1.50e-001  4.88e-004  4.19e-003  1.95e-004  1.40e-003  
1.10673e+017 1.12e-020  0.00e+000  0.00e+000  4.49e-001  2.52e-001  1.35e-001  1.49e-001  4.88e-004  4.39e-003  1.95e-004  1.44e-003  
1.11398e+017 1.12e-020  0.00e+000  0.00e+000  4.50e-001  2.52e-001  1.35e-001  1.50e-001  4.87e-004  4.59e-003  1.94e-004  1.49e-003  
1.12221e+017 1.12e-020  0.00e+000  0.00e+000  4.49e-001  2.52e-001  1.35e-001  1.50e-001  4.86e-004  4.85e-003  1.95e-004  1.56e-003  
1.12812e+017 1.11e-020  0.00e+000  0.00e+000  4.50e-001  2.52e-001  1.36e-001  1.50e-001  4.86e-004  5.10e-003  1.94e-004  1.61e-003  
1.13349e+017 1.10e-020  0.00e+000  0.00e+000  4.51e-001  2.52e-001  1.36e-001  1.50e-001  4.86e-004  5.38e-003  1.95e-004  1.65e-003  
1.13938e+017 1.09e-020  0.00e+000  0.00e+000  4.51e-001  2.52e-001  1.36e-001  1.50e-001  4.86e-004  5.70e-003  1.95e-004  1.70e-003  
1.14626e+017 1.08e-020  0.00e+000  0.00e+000  4.50e-001  2.52e-001  1.35e-001  1.50e-001  4.84e-004  6.08e-003  1.94e-004  1.77e-003  
1.15112e+017 1.07e-020  0.00e+000  0.00e+000  4.50e-001  2.53e-001  1.36e-001  1.50e-001  4.84e-004  6.36e-003  1.94e-004  1.84e-003  
1.15530e+017 1.06e-020  0.00e+000  4.18e-070  4.50e-001  2.52e-001  1.36e-001  1.50e-001  4.82e-004  6.60e-003  1.93e-004  1.91e-003  
1.16007e+017 1.05e-020  0.00e+000  1.21e-056  4.50e-001  2.52e-001  1.35e-001  1.49e-001  4.82e-004  6.91e-003  1.93e-004  2.02e-003  
1.16507e+017 1.04e-020  0.00e+000  4.67e-044  4.50e-001  2.52e-001  1.35e-001  1.50e-001  4.79e-004  7.24e-003  1.92e-004  2.14e-003  
1.17040e+017 1.03e-020  3.34e-065  1.04e-032  4.49e-001  2.52e-001  1.36e-001  1.49e-001  4.78e-004  7.62e-003  1.92e-004  2.29e-003  
1.17511e+017 1.02e-020  2.05e-052  1.04e-024  4.49e-001  2.52e-001  1.36e-001  1.49e-001  4.78e-004  7.97e-003  1.91e-004  2.42e-003  
1.17806e+017 1.02e-020  7.31e-046  1.19e-020  4.49e-001  2.52e-001  1.35e-001  1.50e-001  4.77e-004  8.20e-003  1.91e-004  2.51e-003  
1.18134e+017 1.02e-020  8.23e-040  6.25e-017  4.49e-001  2.51e-001  1.36e-001  1.49e-001  4.76e-004  8.47e-003  1.91e-004  2.60e-003  
1.18488e+017 1.02e-020  2.02e-034  1.19e-013  4.49e-001  2.51e-001  1.35e-001  1.50e-001  4.76e-004  8.74e-003  1.91e-004  2.71e-003  
1.18867e+017 1.04e-020  1.31e-029  9.49e-011  4.49e-001  2.51e-001  1.35e-001  1.50e-001  4.75e-004  9.05e-003  1.90e-004  2.82e-003  
1.19273e+017 1.11e-020  3.30e-025  4.09e-008  4.49e-001  2.51e-001  1.35e-001  1.49e-001  4.76e-004  9.41e-003  1.90e-004  2.93e-003  
1.19721e+017 1.29e-020  4.00e-021  1.10e-005  4.49e-001  2.52e-001  1.35e-001  1.49e-001  4.74e-004  9.68e-003  1.90e-004  3.02e-003  
1.20205e+017 1.78e-020  1.44e-017  1.39e-003  4.48e-001  2.51e-001  1.35e-001  1.49e-001  4.71e-004  9.88e-003  1.89e-004  3.11e-003  
1.20720e+017 3.17e-020  1.08e-014  6.56e-002  4.19e-001  2.35e-001  1.26e-001  1.39e-001  4.60e-004  9.27e-003  1.84e-004  3.01e-003  
1.21274e+017 1.40e-019  9.96e-013  6.08e-001  1.76e-001  9.89e-002  5.32e-002  5.83e-002  3.20e-004  3.82e-003  1.28e-004  1.33e-003  
1.21854e+017 1.30e-018  9.47e-012  9.39e-001  2.67e-002  1.57e-002  8.39e-003  8.85e-003  1.56e-004  5.61e-004  6.23e-005  2.30e-004  
1.22444e+017 2.91e-018  3.82e-011  9.87e-001  5.09e-003  3.51e-003  1.88e-003  1.70e-003  8.26e-005  1.08e-004  3.31e-005  5.81e-005  
1.22701e+017 3.58e-018  9.74e-001  0.00e+000  1.03e-002  8.09e-003  4.32e-003  3.43e-003  2.30e-004  0.00e+000  9.21e-005  0.00e+000  
