! 0       H + CO2 -> CO + OH
! 1       O + CO2 -> O2 + CO
! 2       CO2 + GRAIN -> *CO2 + GRAIN
! 3       CO2 + H3+ -> H2 + HCO2+
! 4       CO2 + CRPhoton -> CO + O
! 5       CO2 + N2H+ -> N2 + HCO2+
! 6       CO2 + He+ -> O + He + CO+
! 7       CO2 + H+ -> O + HCO+
! 8       N + CO2 -> NO + CO
! 9       CO2 + C+ -> CO + CO+
!            tot_rate   0          1          2          3          4          5          6          7          8          9          
1.34508e+014 4.99e-016  0.00e+000  0.00e+000  9.80e-002  2.26e-001  9.84e-002  1.20e-002  3.89e-002  1.11e-001  2.36e-067  4.01e-001  
8.00271e+015 4.99e-016  0.00e+000  0.00e+000  9.80e-002  2.26e-001  9.84e-002  1.20e-002  3.89e-002  1.11e-001  2.36e-067  4.01e-001  
7.87466e+016 5.82e-016  0.00e+000  0.00e+000  1.92e-001  2.08e-001  8.43e-002  1.15e-002  3.35e-002  9.93e-002  2.52e-067  3.59e-001  
1.06312e+017 9.74e-016  0.00e+000  0.00e+000  3.91e-001  1.68e-001  5.03e-002  1.45e-002  1.90e-002  8.95e-002  1.94e-062  2.61e-001  
1.09855e+017 8.72e-016  0.00e+000  0.00e+000  2.95e-001  1.96e-001  5.62e-002  1.85e-002  2.11e-002  9.78e-002  3.95e-055  3.08e-001  
1.10673e+017 8.39e-016  0.00e+000  0.00e+000  2.62e-001  2.05e-001  5.84e-002  1.98e-002  2.19e-002  9.94e-002  4.22e-052  3.25e-001  
1.11398e+017 8.03e-016  0.00e+000  0.00e+000  2.34e-001  2.15e-001  6.10e-002  2.13e-002  2.30e-002  1.01e-001  8.56e-049  3.36e-001  
1.12221e+017 7.19e-016  0.00e+000  0.00e+000  2.13e-001  2.42e-001  6.81e-002  2.46e-002  2.59e-002  1.09e-001  3.25e-044  3.09e-001  
1.12812e+017 5.91e-016  0.00e+000  0.00e+000  2.18e-001  2.95e-001  8.29e-002  3.08e-002  3.15e-002  1.29e-001  2.40e-040  2.01e-001  
1.13349e+017 4.79e-016  0.00e+000  0.00e+000  2.30e-001  3.65e-001  1.03e-001  3.93e-002  3.90e-002  1.54e-001  1.70e-036  5.55e-002  
1.13938e+017 4.36e-016  0.00e+000  0.00e+000  2.10e-001  4.06e-001  1.13e-001  4.45e-002  4.33e-002  1.64e-001  4.68e-032  4.24e-003  
1.14626e+017 4.17e-016  0.00e+000  0.00e+000  1.76e-001  4.29e-001  1.18e-001  4.89e-002  4.58e-002  1.64e-001  9.59e-027  1.51e-003  
1.15112e+017 4.08e-016  0.00e+000  0.00e+000  1.54e-001  4.44e-001  1.22e-001  5.20e-002  4.73e-002  1.63e-001  4.93e-023  9.94e-004  
1.15530e+017 4.03e-016  0.00e+000  0.00e+000  1.36e-001  4.57e-001  1.24e-001  5.49e-002  4.87e-002  1.62e-001  5.81e-020  7.40e-004  
1.16007e+017 4.01e-016  0.00e+000  0.00e+000  1.18e-001  4.69e-001  1.27e-001  5.82e-002  4.99e-002  1.59e-001  1.06e-016  6.64e-004  
1.16507e+017 4.07e-016  0.00e+000  0.00e+000  1.02e-001  4.81e-001  1.29e-001  6.19e-002  5.13e-002  1.56e-001  1.18e-013  6.83e-004  
1.17040e+017 4.35e-016  1.68e-066  0.00e+000  8.75e-002  4.92e-001  1.31e-001  6.59e-002  5.26e-002  1.51e-001  6.64e-011  7.05e-004  
1.17511e+017 4.99e-016  1.29e-051  0.00e+000  7.77e-002  4.99e-001  1.34e-001  6.97e-002  5.35e-002  1.47e-001  5.79e-009  7.27e-004  
1.17806e+017 5.74e-016  4.62e-044  0.00e+000  7.27e-002  5.02e-001  1.35e-001  7.23e-002  5.40e-002  1.43e-001  5.60e-008  7.44e-004  
1.18134e+017 7.04e-016  3.82e-037  6.34e-080  6.82e-002  5.04e-001  1.38e-001  7.53e-002  5.44e-002  1.40e-001  4.50e-007  7.66e-004  
1.18488e+017 9.23e-016  4.92e-031  1.32e-067  6.47e-002  5.05e-001  1.41e-001  7.88e-002  5.48e-002  1.35e-001  2.87e-006  7.96e-004  
1.18867e+017 1.30e-015  1.27e-025  1.07e-056  6.23e-002  5.02e-001  1.47e-001  8.33e-002  5.49e-002  1.30e-001  1.50e-005  8.33e-004  
1.19273e+017 1.92e-015  1.06e-020  8.63e-047  6.14e-002  4.98e-001  1.54e-001  8.79e-002  5.46e-002  1.22e-001  6.86e-005  8.84e-004  
1.19721e+017 2.99e-015  3.77e-016  1.22e-037  6.24e-002  4.91e-001  1.66e-001  9.25e-002  5.41e-002  1.11e-001  2.85e-004  9.35e-004  
1.20205e+017 4.77e-015  3.35e-012  1.05e-029  6.54e-002  4.84e-001  1.82e-001  9.56e-002  5.35e-002  9.54e-002  1.01e-003  9.83e-004  
1.20720e+017 7.55e-015  5.37e-009  2.78e-023  6.92e-002  4.84e-001  1.99e-001  9.44e-002  5.33e-002  7.43e-002  2.84e-003  1.01e-003  
1.21274e+017 1.16e-014  1.82e-006  3.26e-018  7.36e-002  4.90e-001  2.14e-001  8.90e-002  5.39e-002  5.14e-002  4.29e-003  1.03e-003  
1.21854e+017 1.65e-014  1.37e-004  1.78e-014  7.88e-002  4.94e-001  2.28e-001  8.13e-002  5.50e-002  3.32e-002  4.59e-003  1.04e-003  
1.22444e+017 2.05e-014  2.78e-003  6.09e-012  8.47e-002  4.92e-001  2.40e-001  7.25e-002  5.60e-002  2.20e-002  4.87e-003  1.06e-003  
1.22701e+017 3.29e-010  1.00e+000  1.91e-004  7.35e-005  0.00e+000  0.00e+000  0.00e+000  0.00e+000  0.00e+000  1.51e-006  0.00e+000  
