! 0       CH3OH + H -> CH3O + H2
! 1       CH3OH + H -> CH2OH + H2
! 2       CH3OH + OH -> CH2OH + H2O
! 3       CH3OH + O -> OH + CH3O
! 4       CH3OH + O -> OH + CH2OH
! 5       CH3OH + OH -> CH3O + H2O
! 6       CH3OH + GRAIN -> *CH3OH + GRAIN
! 7       CH3OH + HCO+ -> CO + CH3OH2+
! 8       CH3OH + H3O+ -> H2O + CH3OH2+
! 9       CH3OH + CRPhoton -> OH + CH3
! 10      CH3OH + CRPhoton -> H2CO + H2
! 11      CH3OH + CRPhoton -> CH3OH+ + e-
! 12      CH3OH + H3+ -> H2O + H2 + CH3+
! 13      CH3OH + CH3+ -> CH4 + H3CO+
! 14      CH3OH + H3+ -> H2 + CH3OH2+
! 15      CH + CH3OH -> CH3CHO + H
! 16      CH3OH + H+ -> H2 + H3CO+
! 17      CH3OH + C+ -> HCO + CH3+
! 18      CH3OH + C+ -> CH + H3CO+
!            tot_rate   0          1          2          3          4          5          6          7          8          9          10         11         12         13         14         15         16         17         18         
1.34508e+014 3.18e-017  0.00e+000  0.00e+000  2.55e-004  0.00e+000  0.00e+000  4.50e-005  7.81e-003  2.82e-001  1.10e-001  8.91e-003  8.91e-003  2.68e-003  1.36e-001  2.49e-003  3.07e-002  1.52e-003  3.91e-002  2.48e-001  6.20e-002  
8.00271e+015 3.18e-017  0.00e+000  0.00e+000  2.56e-004  0.00e+000  0.00e+000  4.50e-005  7.81e-003  2.82e-001  1.10e-001  8.91e-003  8.91e-003  2.68e-003  1.36e-001  2.49e-003  3.07e-002  1.52e-003  3.91e-002  2.48e-001  6.20e-002  
7.87466e+016 2.42e-017  0.00e+000  0.00e+000  3.39e-004  0.00e+000  0.00e+000  5.96e-005  2.08e-002  2.40e-001  9.85e-002  1.18e-002  1.18e-002  3.54e-003  1.59e-001  2.44e-003  3.60e-002  2.01e-003  4.76e-002  2.41e-001  6.04e-002  
1.06312e+017 9.59e-018  0.00e+000  0.00e+000  8.77e-004  0.00e+000  0.00e+000  1.54e-004  1.78e-001  2.21e-001  6.96e-002  3.06e-002  3.06e-002  9.17e-003  1.36e-001  1.12e-003  3.08e-002  5.03e-003  5.33e-002  1.45e-001  3.62e-002  
1.09855e+017 6.86e-018  2.84e-071  2.84e-071  1.23e-003  0.00e+000  0.00e+000  2.16e-004  1.69e-001  2.35e-001  6.88e-002  4.29e-002  4.29e-002  1.29e-002  1.27e-001  7.72e-004  2.87e-002  6.88e-003  4.70e-002  1.36e-001  3.40e-002  
1.10673e+017 6.21e-018  3.22e-067  3.22e-067  1.36e-003  1.18e-077  1.18e-077  2.38e-004  1.60e-001  2.40e-001  6.95e-002  4.75e-002  4.75e-002  1.42e-002  1.24e-001  1.14e-003  2.82e-002  7.57e-003  4.49e-002  1.34e-001  3.35e-002  
1.11398e+017 5.65e-018  8.56e-063  8.56e-063  1.49e-003  1.77e-072  1.77e-072  2.62e-004  1.50e-001  2.46e-001  7.04e-002  5.22e-002  5.22e-002  1.56e-002  1.22e-001  4.55e-003  2.76e-002  8.33e-003  4.26e-002  1.30e-001  3.25e-002  
1.12221e+017 5.04e-018  1.07e-056  1.07e-056  1.67e-003  2.36e-065  2.36e-065  2.94e-004  1.37e-001  2.54e-001  7.16e-002  5.85e-002  5.85e-002  1.76e-002  1.20e-001  2.84e-002  2.72e-002  9.90e-003  4.07e-002  1.04e-001  2.60e-002  
1.12812e+017 4.59e-018  1.31e-051  1.31e-051  1.84e-003  2.09e-059  2.09e-059  3.23e-004  1.28e-001  2.64e-001  7.30e-002  6.43e-002  6.43e-002  1.93e-002  1.20e-001  7.35e-002  2.70e-002  1.27e-002  3.90e-002  5.54e-002  1.38e-002  
1.13349e+017 4.20e-018  1.52e-046  1.52e-046  2.01e-003  1.70e-053  1.70e-053  3.55e-004  1.19e-001  2.74e-001  7.40e-002  7.04e-002  7.04e-002  2.12e-002  1.19e-001  1.08e-001  2.69e-002  1.72e-002  3.76e-002  1.23e-002  3.07e-003  
1.13938e+017 3.89e-018  1.28e-040  1.28e-040  2.19e-003  1.37e-046  1.37e-046  3.85e-004  1.08e-001  2.85e-001  7.45e-002  7.71e-002  7.71e-002  2.31e-002  1.17e-001  1.05e-001  2.65e-002  2.36e-002  3.52e-002  8.32e-004  2.08e-004  
1.14626e+017 3.69e-018  1.76e-033  1.76e-033  2.42e-003  2.76e-038  2.76e-038  4.26e-004  9.51e-002  2.93e-001  7.54e-002  8.54e-002  8.54e-002  2.56e-002  1.14e-001  9.08e-002  2.58e-002  3.17e-002  3.25e-002  2.71e-004  6.80e-005  
1.15112e+017 3.73e-018  1.78e-028  1.78e-028  2.59e-003  1.76e-032  1.76e-032  4.56e-004  8.63e-002  2.98e-001  7.59e-002  9.14e-002  9.14e-002  2.73e-002  1.11e-001  8.12e-002  2.52e-002  3.75e-002  3.06e-002  1.69e-004  4.21e-005  
1.15530e+017 3.95e-018  2.56e-024  2.56e-024  2.73e-003  1.13e-027  1.13e-027  4.81e-004  7.92e-002  2.99e-001  7.67e-002  9.67e-002  9.67e-002  2.91e-002  1.09e-001  7.42e-002  2.47e-002  4.25e-002  2.89e-002  1.20e-004  2.99e-005  
1.16007e+017 4.55e-018  6.88e-020  6.88e-020  2.90e-003  1.43e-022  1.43e-022  5.10e-004  7.15e-002  3.01e-001  7.76e-002  1.03e-001  1.03e-001  3.08e-002  1.06e-001  6.64e-002  2.40e-002  4.84e-002  2.68e-002  1.01e-004  2.53e-005  
1.16507e+017 5.76e-018  1.02e-015  1.02e-015  3.08e-003  8.48e-018  8.48e-018  5.40e-004  6.43e-002  3.02e-001  7.89e-002  1.09e-001  1.09e-001  3.27e-002  1.02e-001  5.94e-002  2.29e-002  5.40e-002  2.47e-002  9.78e-005  2.45e-005  
1.17040e+017 8.21e-018  6.26e-012  6.26e-012  3.24e-003  1.70e-013  1.70e-013  5.71e-004  5.76e-002  3.06e-001  7.99e-002  1.15e-001  1.15e-001  3.46e-002  9.63e-002  5.25e-002  2.18e-002  5.95e-002  2.22e-002  9.37e-005  2.35e-005  
1.17511e+017 1.32e-017  3.08e-009  3.08e-009  3.30e-003  1.81e-010  1.81e-010  5.81e-004  5.11e-002  3.26e-001  7.87e-002  1.17e-001  1.17e-001  3.51e-002  8.93e-002  4.57e-002  2.01e-002  6.22e-002  1.96e-002  8.78e-005  2.20e-005  
1.17806e+017 1.98e-017  7.38e-008  7.38e-008  3.31e-003  6.16e-009  6.16e-009  5.81e-004  4.74e-002  3.37e-001  8.19e-002  1.18e-001  1.18e-001  3.53e-002  8.44e-002  4.17e-002  1.90e-002  6.32e-002  1.80e-002  8.44e-005  2.11e-005  
1.18134e+017 3.32e-017  1.38e-006  1.38e-006  3.32e-003  1.56e-007  1.56e-007  5.85e-004  4.37e-002  3.50e-001  8.53e-002  1.18e-001  1.18e-001  3.53e-002  7.81e-002  3.95e-002  1.77e-002  6.39e-002  1.62e-002  8.05e-005  2.01e-005  
1.18488e+017 5.95e-017  1.90e-005  1.90e-005  3.33e-003  2.71e-006  2.71e-006  5.85e-004  4.05e-002  3.61e-001  8.89e-002  1.18e-001  1.18e-001  3.55e-002  7.18e-002  3.78e-002  1.63e-002  6.42e-002  1.44e-002  8.07e-005  2.02e-005  
1.18867e+017 1.12e-016  1.98e-004  1.98e-004  3.33e-003  3.36e-005  3.36e-005  5.86e-004  3.76e-002  3.75e-001  9.30e-002  1.18e-001  1.18e-001  3.54e-002  6.47e-002  3.57e-002  1.47e-002  6.37e-002  1.25e-002  8.15e-005  2.04e-005  
1.19273e+017 2.17e-016  1.74e-003  1.74e-003  3.37e-003  3.32e-004  3.32e-004  5.91e-004  3.53e-002  3.89e-001  9.65e-002  1.18e-001  1.18e-001  3.55e-002  5.73e-002  3.33e-002  1.29e-002  5.96e-002  1.05e-002  8.17e-005  2.05e-005  
1.19721e+017 4.35e-016  1.34e-002  1.34e-002  4.48e-003  2.71e-003  2.71e-003  7.88e-004  3.31e-002  3.98e-001  9.91e-002  1.17e-001  1.17e-001  3.52e-002  4.87e-002  3.03e-002  1.10e-002  4.11e-002  8.28e-003  8.00e-005  2.00e-005  
1.20205e+017 9.96e-016  7.41e-002  7.41e-002  5.54e-003  1.50e-002  1.50e-002  9.75e-004  2.78e-002  3.60e-001  9.03e-002  1.03e-001  1.03e-001  3.10e-002  3.66e-002  2.40e-002  8.26e-003  5.86e-003  5.39e-003  6.77e-005  1.69e-005  
1.20720e+017 3.22e-015  2.12e-001  2.12e-001  5.13e-003  4.01e-002  4.01e-002  9.02e-004  1.65e-002  2.22e-001  5.72e-002  6.31e-002  6.31e-002  1.89e-002  1.92e-002  1.28e-002  4.35e-003  3.42e-004  2.20e-003  3.89e-005  9.73e-006  
1.21274e+017 1.40e-014  3.34e-001  3.34e-001  5.48e-003  5.64e-002  5.64e-002  9.63e-004  7.13e-003  9.56e-002  2.65e-002  2.77e-002  2.77e-002  8.27e-003  7.56e-003  4.81e-003  1.71e-003  3.84e-005  5.93e-004  1.61e-005  4.04e-006  
1.21854e+017 5.97e-014  3.93e-001  3.93e-001  1.05e-002  5.58e-002  5.58e-002  1.86e-003  3.08e-003  3.87e-002  1.26e-002  1.19e-002  1.19e-002  3.57e-003  3.08e-003  1.76e-003  6.97e-004  5.79e-006  1.48e-004  6.63e-006  1.66e-006  
1.22444e+017 2.08e-013  4.23e-001  4.23e-001  1.79e-002  4.51e-002  4.51e-002  3.15e-003  1.59e-003  1.73e-002  7.42e-003  6.02e-003  6.02e-003  1.80e-003  1.47e-003  7.61e-004  3.32e-004  1.87e-006  4.49e-005  3.21e-006  8.05e-007  
1.22701e+017 1.99e-011  4.93e-001  4.93e-001  5.88e-003  3.44e-003  3.44e-003  1.03e-003  2.02e-004  0.00e+000  0.00e+000  0.00e+000  0.00e+000  0.00e+000  0.00e+000  0.00e+000  0.00e+000  1.02e-007  0.00e+000  0.00e+000  0.00e+000  
