! 0       H + CH2CO -> CH3 + CO
! 1       CH2CO + O -> CO2 + CH2
! 2       CH2CO + C+ -> C + CH2CO+
! 3       CH2CO + HCO+ -> CO + CH3CO+
! 4       CH2CO + OH -> CH2OH + CO
! 5       CH2CO + O -> H2CO + CO
! 6       CH2CO + H3O+ -> H2O + CH3CO+
! 7       CH2CO + H3+ -> H2 + CH3CO+
! 8       CH2CO + OH -> CH3 + CO2
! 9       CH2CO + GRAIN -> *CH2CO + GRAIN
! 10      CH2CO + CRPhoton -> CH2CO+ + e-
! 11      CH2CO + CRPhoton -> CO + CH2
!            tot_rate   0          1          2          3          4          5          6          7          8          9          10         11         
1.34508e+014 1.42e-017  1.70e-071  2.23e-027  3.71e-001  2.92e-001  6.33e-003  7.41e-028  1.37e-001  1.14e-001  3.92e-003  1.07e-002  1.06e-002  7.97e-003  
8.00271e+015 1.42e-017  1.70e-071  2.22e-027  3.71e-001  2.92e-001  6.33e-003  7.41e-028  1.36e-001  1.14e-001  3.92e-003  1.07e-002  1.06e-002  7.98e-003  
7.87466e+016 1.03e-017  2.99e-071  3.32e-027  3.68e-001  2.48e-001  8.68e-003  1.10e-027  1.24e-001  1.37e-001  5.37e-003  3.27e-002  1.45e-002  1.08e-002  
1.06312e+017 4.27e-018  3.40e-065  8.67e-025  2.04e-001  2.10e-001  2.11e-002  2.88e-025  8.06e-002  1.10e-001  1.30e-002  2.69e-001  3.51e-002  2.65e-002  
1.09855e+017 3.09e-018  5.31e-057  9.26e-022  1.88e-001  2.20e-001  2.91e-002  3.08e-022  7.87e-002  1.01e-001  1.80e-002  2.52e-001  4.89e-002  3.66e-002  
1.10673e+017 2.80e-018  1.29e-053  1.61e-020  1.86e-001  2.24e-001  3.20e-002  5.35e-021  7.92e-002  9.89e-002  1.98e-002  2.38e-001  5.39e-002  4.03e-002  
1.11398e+017 2.54e-018  6.33e-050  3.60e-019  1.80e-001  2.30e-001  3.53e-002  1.20e-019  8.02e-002  9.71e-002  2.19e-002  2.24e-001  5.94e-002  4.44e-002  
1.12221e+017 2.21e-018  7.75e-045  2.63e-017  1.49e-001  2.44e-001  4.07e-002  8.80e-018  8.39e-002  9.89e-002  2.52e-002  2.10e-001  6.85e-002  5.12e-002  
1.12812e+017 1.90e-018  1.41e-040  9.76e-016  8.38e-002  2.68e-001  4.72e-002  3.26e-016  9.07e-002  1.04e-001  2.93e-002  2.07e-001  7.96e-002  5.96e-002  
1.13349e+017 1.65e-018  2.41e-036  3.51e-014  1.94e-002  2.93e-001  5.41e-002  1.17e-014  9.62e-002  1.08e-001  3.35e-002  2.03e-001  9.13e-002  6.84e-002  
1.13938e+017 1.51e-018  2.00e-031  2.16e-012  1.32e-003  3.05e-001  5.94e-002  7.17e-013  9.70e-002  1.07e-001  3.68e-002  1.85e-001  1.00e-001  7.50e-002  
1.14626e+017 1.38e-018  1.62e-025  2.99e-010  4.27e-004  3.09e-001  6.47e-002  1.00e-010  9.71e-002  1.02e-001  4.01e-002  1.61e-001  1.09e-001  8.19e-002  
1.15112e+017 1.30e-018  2.17e-021  9.38e-009  2.62e-004  3.11e-001  6.86e-002  3.14e-009  9.69e-002  9.92e-002  4.24e-002  1.45e-001  1.16e-001  8.69e-002  
1.15530e+017 1.24e-018  5.70e-018  1.63e-007  1.85e-004  3.12e-001  7.20e-002  5.44e-008  9.68e-002  9.60e-002  4.45e-002  1.32e-001  1.22e-001  9.12e-002  
1.16007e+017 1.18e-018  2.43e-014  3.37e-006  1.55e-004  3.12e-001  7.57e-002  1.12e-006  9.77e-002  9.26e-002  4.68e-002  1.17e-001  1.28e-001  9.60e-002  
1.16507e+017 1.12e-018  6.03e-011  5.74e-005  1.48e-004  3.09e-001  7.94e-002  1.92e-005  9.81e-002  8.83e-002  4.91e-002  1.05e-001  1.36e-001  1.02e-001  
1.17040e+017 1.09e-018  6.80e-008  7.25e-004  1.38e-004  3.22e-001  8.14e-002  2.42e-004  9.70e-002  8.14e-002  5.04e-002  9.11e-002  1.39e-001  1.04e-001  
1.17511e+017 1.10e-018  9.49e-006  4.26e-003  1.28e-004  3.38e-001  8.12e-002  1.42e-003  9.76e-002  7.39e-002  5.03e-002  7.94e-002  1.39e-001  1.04e-001  
1.17806e+017 1.11e-018  1.14e-004  1.04e-002  1.20e-004  3.43e-001  8.02e-002  3.44e-003  1.00e-001  6.85e-002  4.97e-002  7.25e-002  1.37e-001  1.03e-001  
1.18134e+017 1.14e-018  1.10e-003  2.30e-002  1.14e-004  3.45e-001  7.81e-002  7.64e-003  1.02e-001  6.20e-002  4.84e-002  6.51e-002  1.33e-001  9.99e-002  
1.18488e+017 1.20e-018  7.96e-003  4.49e-002  1.10e-004  3.40e-001  7.42e-002  1.49e-002  1.00e-001  5.40e-002  4.59e-002  5.71e-002  1.26e-001  9.47e-002  
1.18867e+017 1.34e-018  4.28e-002  7.66e-002  9.89e-005  3.16e-001  6.66e-002  2.56e-002  9.37e-002  4.37e-002  4.13e-002  4.76e-002  1.14e-001  8.55e-002  
1.19273e+017 1.73e-018  1.70e-001  1.08e-001  7.75e-005  2.55e-001  5.20e-002  3.58e-002  7.58e-002  3.00e-002  3.22e-002  3.48e-002  8.85e-002  6.65e-002  
1.19721e+017 2.99e-018  4.42e-001  1.07e-001  4.42e-005  1.53e-001  2.97e-002  3.55e-002  4.56e-002  1.50e-002  1.84e-002  1.91e-002  5.16e-002  3.85e-002  
1.20205e+017 6.83e-018  7.14e-001  7.49e-002  1.87e-005  6.89e-002  9.18e-003  2.50e-002  2.08e-002  5.59e-003  5.68e-003  7.99e-003  2.25e-002  1.70e-002  
1.20720e+017 1.64e-017  8.58e-001  4.57e-002  7.36e-006  2.91e-002  3.03e-003  1.53e-002  9.00e-003  2.01e-003  1.87e-003  3.24e-003  9.43e-003  7.06e-003  
1.21274e+017 3.54e-017  9.21e-001  2.88e-002  3.25e-006  1.33e-002  1.88e-003  9.57e-003  4.43e-003  8.53e-004  1.16e-003  1.50e-003  4.41e-003  3.30e-003  
1.21854e+017 6.47e-017  9.48e-001  1.92e-002  1.72e-006  6.91e-003  2.74e-003  6.40e-003  2.69e-003  4.45e-004  1.69e-003  8.29e-004  2.44e-003  1.82e-003  
1.22444e+017 1.01e-016  9.62e-001  1.28e-002  1.07e-006  3.97e-003  3.88e-003  4.26e-003  2.04e-003  2.71e-004  2.40e-003  5.46e-004  1.57e-003  1.18e-003  
1.22701e+017 1.56e-015  9.91e-001  3.81e-003  0.00e+000  0.00e+000  1.38e-003  1.27e-003  0.00e+000  0.00e+000  8.50e-004  4.52e-004  0.00e+000  0.00e+000  
