! 0       H2 + H2 -> H2 + H + H
! 1       H + H2 -> H + H + H
! 2       *H2 + H2 -> H2 + H2
! 3       NH2 + H2 -> NH + H + H2
! 4       H2 + GRAIN -> *H2 + GRAIN
! 5       H2 + O -> OH + H
! 6       *H2O + H2 -> H2O + H2
! 7       H2 + NH2 -> NH3 + H
! 8       H2 + OH -> H2O + H
! 9       *CO + H2 -> CO + H2
! 10      *NH3 + H2 -> NH3 + H2
! 11      *CH4 + H2 -> CH4 + H2
! 12      *CO2 + H2 -> CO2 + H2
! 13      *N2 + H2 -> N2 + H2
!            tot_rate   0          1          2          3          4          5          6          7          8          9          10         11         12         13         
1.34508e+014 6.17e-010  0.00e+000  0.00e+000  1.14e-086  0.00e+000  9.99e-001  0.00e+000  0.00e+000  2.74e-066  1.25e-070  0.00e+000  0.00e+000  0.00e+000  0.00e+000  0.00e+000  
8.00271e+015 6.17e-010  0.00e+000  0.00e+000  1.14e-086  0.00e+000  9.99e-001  0.00e+000  0.00e+000  2.74e-066  1.25e-070  0.00e+000  0.00e+000  0.00e+000  0.00e+000  0.00e+000  
7.87466e+016 6.72e-010  0.00e+000  0.00e+000  1.42e-082  0.00e+000  9.99e-001  0.00e+000  0.00e+000  3.07e-066  1.45e-070  0.00e+000  0.00e+000  0.00e+000  0.00e+000  0.00e+000  
1.06312e+017 1.03e-009  0.00e+000  0.00e+000  3.95e-047  0.00e+000  9.99e-001  0.00e+000  0.00e+000  4.35e-062  1.65e-065  0.00e+000  0.00e+000  0.00e+000  0.00e+000  0.00e+000  
1.09855e+017 6.97e-010  0.00e+000  0.00e+000  6.99e-030  0.00e+000  9.99e-001  0.00e+000  0.00e+000  9.25e-056  6.95e-058  9.98e-065  0.00e+000  4.06e-076  0.00e+000  6.02e-057  
1.10673e+017 5.98e-010  0.00e+000  0.00e+000  5.42e-025  0.00e+000  9.99e-001  0.00e+000  0.00e+000  3.95e-053  1.01e-054  3.46e-055  0.00e+000  1.14e-065  0.00e+000  3.88e-048  
1.11398e+017 5.11e-010  0.00e+000  0.00e+000  5.56e-021  0.00e+000  9.99e-001  0.00e+000  0.00e+000  2.96e-050  2.86e-051  8.34e-045  0.00e+000  8.32e-054  0.00e+000  6.81e-039  
1.12221e+017 4.16e-010  0.00e+000  0.00e+000  4.01e-017  0.00e+000  9.97e-001  2.72e-081  0.00e+000  2.76e-046  1.63e-046  3.48e-032  0.00e+000  5.36e-039  0.00e+000  6.18e-028  
1.12812e+017 3.54e-010  0.00e+000  0.00e+000  1.16e-014  0.00e+000  9.96e-001  3.81e-074  0.00e+000  5.81e-043  1.53e-042  1.80e-024  0.00e+000  4.68e-030  0.00e+000  3.64e-021  
1.13349e+017 3.02e-010  0.00e+000  0.00e+000  3.51e-013  0.00e+000  9.97e-001  4.97e-067  0.00e+000  1.22e-039  1.37e-038  1.64e-018  8.77e-082  6.09e-023  0.00e+000  4.44e-016  
1.13938e+017 2.51e-010  0.00e+000  0.00e+000  7.34e-012  0.00e+000  9.98e-001  1.09e-058  0.00e+000  9.86e-036  5.91e-034  2.02e-013  1.48e-063  8.50e-017  0.00e+000  9.22e-012  
1.14626e+017 2.00e-010  0.00e+000  0.00e+000  7.77e-011  0.00e+000  9.97e-001  1.29e-048  0.00e+000  5.61e-031  2.34e-028  3.38e-008  3.07e-043  2.81e-010  3.44e-064  1.72e-007  
1.15112e+017 1.70e-010  0.00e+000  0.00e+000  2.61e-010  0.00e+000  9.97e-001  1.53e-041  9.32e-077  1.31e-027  2.00e-024  7.19e-006  3.00e-029  3.09e-007  3.70e-044  1.24e-005  
1.15530e+017 1.47e-010  0.00e+000  0.00e+000  6.23e-010  0.00e+000  9.96e-001  1.19e-035  3.18e-059  9.00e-025  3.77e-021  1.85e-004  1.04e-021  2.13e-005  1.98e-033  1.64e-004  
1.16007e+017 1.25e-010  0.00e+000  0.00e+000  1.49e-009  0.00e+000  9.91e-001  2.31e-029  1.49e-044  1.04e-021  1.19e-017  2.49e-003  2.45e-015  6.42e-004  1.99e-024  1.33e-003  
1.16507e+017 1.09e-010  0.00e+000  0.00e+000  3.28e-009  0.00e+000  9.66e-001  1.98e-023  5.19e-029  9.04e-019  2.37e-014  1.55e-002  1.36e-009  6.34e-003  1.28e-015  6.34e-003  
1.17040e+017 1.01e-010  0.00e+000  0.00e+000  6.47e-009  0.00e+000  8.83e-001  4.89e-018  2.19e-016  4.78e-016  2.32e-011  5.92e-002  8.26e-006  3.02e-002  2.97e-009  2.11e-002  
1.17511e+017 1.05e-010  0.00e+000  8.19e-025  9.91e-009  0.00e+000  7.40e-001  3.28e-014  1.98e-010  4.49e-014  2.95e-009  1.34e-001  3.68e-004  7.40e-002  2.03e-006  4.45e-002  
1.17806e+017 1.14e-010  0.00e+000  3.56e-024  1.20e-008  0.00e+000  6.27e-001  2.89e-012  5.21e-009  4.67e-013  3.36e-008  1.93e-001  1.37e-003  1.08e-001  1.35e-005  6.18e-002  
1.18134e+017 1.34e-010  0.00e+000  5.13e-024  1.38e-008  0.00e+000  4.92e-001  1.70e-010  1.19e-006  4.00e-012  2.97e-007  2.64e-001  5.42e-003  1.49e-001  1.56e-004  8.11e-002  
1.18488e+017 1.66e-010  0.00e+000  3.66e-024  1.52e-008  0.00e+000  3.68e-001  6.22e-009  5.25e-005  2.75e-011  1.98e-006  3.30e-001  1.38e-002  1.81e-001  7.73e-004  9.66e-002  
1.18867e+017 2.05e-010  0.00e+000  0.00e+000  1.68e-008  3.11e-083  2.77e-001  1.58e-007  5.52e-004  1.64e-010  1.08e-005  3.81e-001  2.70e-002  1.96e-001  2.25e-003  1.06e-001  
1.19273e+017 2.43e-010  0.00e+000  3.61e-025  1.97e-008  4.48e-069  2.18e-001  3.29e-006  3.26e-003  9.58e-010  5.35e-005  4.15e-001  4.98e-002  1.88e-001  5.59e-003  1.07e-001  
1.19721e+017 2.59e-010  0.00e+000  3.05e-025  2.65e-008  5.68e-056  1.93e-001  6.65e-005  1.67e-002  6.30e-009  2.74e-004  4.21e-001  9.27e-002  1.48e-001  1.36e-002  9.51e-002  
1.20205e+017 2.32e-010  0.00e+000  0.00e+000  4.36e-008  1.50e-044  2.06e-001  1.20e-003  6.77e-002  4.53e-008  1.42e-003  3.45e-001  1.78e-001  7.72e-002  3.38e-002  6.30e-002  
1.20720e+017 2.03e-010  1.50e-068  1.45e-022  7.29e-008  2.78e-035  2.27e-001  1.47e-002  2.04e-001  2.90e-007  6.35e-003  1.42e-001  2.68e-001  1.40e-002  7.19e-002  1.83e-002  
1.21274e+017 2.47e-010  1.09e-052  0.00e+000  8.15e-008  4.38e-028  1.84e-001  9.00e-002  3.69e-001  1.16e-006  2.65e-002  1.15e-002  1.96e-001  2.52e-004  9.29e-002  7.99e-004  
1.21854e+017 4.36e-010  3.76e-041  0.00e+000  7.52e-008  6.51e-023  1.05e-001  2.45e-001  4.03e-001  2.75e-006  1.13e-001  4.90e-005  4.56e-002  2.00e-006  6.62e-002  3.25e-006  
1.22444e+017 9.13e-010  2.41e-033  0.00e+000  1.12e-007  2.10e-019  5.10e-002  3.42e-001  3.08e-001  4.94e-006  2.60e-001  5.91e-006  6.11e-004  8.68e-007  2.08e-002  1.17e-006  
1.22701e+017 1.17e+003  9.99e-001  1.43e-003  4.46e-007  2.00e-010  0.00e+000  0.00e+000  0.00e+000  2.18e-013  0.00e+000  0.00e+000  0.00e+000  1.19e-019  0.00e+000  0.00e+000  
