! 0       H + H2CO -> HCO + H2
! 1       O + H2CO -> HCO + OH
! 2       OH + H2CO -> HCO + H2O
! 3       H2CO + HCO+ -> CO + H3CO+
! 4       H2CO + C+ -> CO + CH2+
! 5       H2CO + H3+ -> H2 + H3CO+
! 6       H2CO + GRAIN -> *H2CO + GRAIN
! 7       H2CO + H3O+ -> H2O + H3CO+
! 8       H2CO + CRPhoton -> CO + H2
! 9       H2CO + C+ -> CH + HCO+
! 10      H2CO + C+ -> C + H2CO+
! 11      H2CO + H+ -> H2 + HCO+
! 12      H2CO + H+ -> H + H2CO+
! 13      H2CO + CRPhoton -> H2CO+ + e-
! 14      H2CO + He+ -> He + H2CO+
! 15      H2CO + CH3+ -> CH4 + HCO+
!            tot_rate   0          1          2          3          4          5          6          7          8          9          10         11         12         13         14         15         
1.34508e+014 2.17e-015  8.12e-056  4.39e-050  1.98e-003  2.45e-001  1.98e-001  1.63e-001  5.72e-003  1.06e-001  1.04e-002  6.60e-002  6.60e-002  2.58e-002  2.14e-002  2.29e-003  9.97e-003  1.23e-003  
8.00271e+015 2.17e-015  8.13e-056  4.40e-050  1.98e-003  2.45e-001  1.98e-001  1.63e-001  5.72e-003  1.06e-001  1.04e-002  6.60e-002  6.60e-002  2.58e-002  2.14e-002  2.29e-003  9.97e-003  1.23e-003  
7.87466e+016 1.65e-015  1.29e-055  6.83e-050  2.62e-003  2.09e-001  1.93e-001  1.91e-001  1.49e-002  9.56e-002  1.38e-002  6.41e-002  6.41e-002  3.13e-002  2.59e-002  3.02e-003  1.06e-002  1.21e-003  
1.06312e+017 6.09e-016  5.58e-051  1.08e-045  7.32e-003  2.10e-001  1.26e-001  1.77e-001  1.36e-001  7.32e-002  3.86e-002  4.19e-002  4.19e-002  3.79e-002  3.14e-002  8.47e-003  7.36e-003  5.99e-004  
1.09855e+017 4.36e-016  7.16e-045  3.30e-040  1.03e-002  2.23e-001  1.18e-001  1.65e-001  1.29e-001  7.25e-002  5.42e-002  3.92e-002  3.92e-002  3.35e-002  3.63e-002  1.19e-002  1.03e-002  4.15e-004  
1.10673e+017 3.96e-016  2.37e-042  6.00e-038  1.13e-002  2.27e-001  1.16e-001  1.61e-001  1.22e-001  7.32e-002  5.95e-002  3.86e-002  3.86e-002  3.18e-002  3.91e-002  1.31e-002  1.14e-002  6.08e-004  
1.11398e+017 3.61e-016  1.33e-039  1.75e-035  1.24e-002  2.31e-001  1.12e-001  1.58e-001  1.14e-001  7.39e-002  6.56e-002  3.74e-002  3.74e-002  3.02e-002  4.18e-002  1.44e-002  1.25e-002  2.44e-003  
1.12221e+017 3.18e-016  8.26e-036  4.37e-032  1.41e-002  2.42e-001  9.11e-002  1.58e-001  1.05e-001  7.60e-002  7.45e-002  3.04e-002  3.04e-002  2.91e-002  4.59e-002  1.63e-002  1.43e-002  1.54e-002  
1.12812e+017 2.81e-016  1.26e-032  3.10e-029  1.60e-002  2.59e-001  4.99e-002  1.62e-001  1.01e-001  7.98e-002  8.44e-002  1.67e-002  1.67e-002  2.89e-002  5.02e-002  1.86e-002  1.62e-002  4.10e-002  
1.13349e+017 2.50e-016  1.85e-029  2.11e-026  1.79e-002  2.77e-001  1.14e-002  1.66e-001  9.67e-002  8.32e-002  9.47e-002  3.79e-003  3.79e-003  2.85e-002  5.48e-002  2.08e-002  1.83e-002  6.20e-002  
1.13938e+017 2.28e-016  9.26e-026  4.25e-023  1.96e-002  2.88e-001  7.73e-004  1.63e-001  8.87e-002  8.39e-002  1.04e-001  2.58e-004  2.58e-004  2.69e-002  5.84e-002  2.29e-002  2.02e-002  6.06e-002  
1.14626e+017 2.07e-016  2.73e-021  4.09e-019  2.16e-002  2.96e-001  2.52e-004  1.58e-001  7.78e-002  8.46e-002  1.15e-001  8.41e-005  8.41e-005  2.47e-002  6.14e-002  2.52e-002  2.25e-002  5.22e-002  
1.15112e+017 1.94e-016  3.81e-018  2.57e-016  2.30e-002  3.00e-001  1.56e-004  1.54e-001  7.02e-002  8.52e-002  1.23e-001  5.21e-005  5.21e-005  2.31e-002  6.35e-002  2.69e-002  2.42e-002  4.66e-002  
1.15530e+017 1.84e-016  1.60e-015  5.45e-014  2.43e-002  3.02e-001  1.11e-004  1.51e-001  6.43e-002  8.61e-002  1.30e-001  3.68e-005  3.68e-005  2.18e-002  6.48e-002  2.85e-002  2.57e-002  4.23e-002  
1.16007e+017 1.73e-016  1.04e-012  1.68e-011  2.57e-002  3.04e-001  9.31e-005  1.46e-001  5.78e-002  8.68e-002  1.38e-001  3.11e-005  3.11e-005  2.03e-002  6.65e-002  3.02e-002  2.75e-002  3.81e-002  
1.16507e+017 1.63e-016  4.84e-010  3.78e-009  2.73e-002  3.05e-001  9.01e-005  1.40e-001  5.23e-002  8.83e-002  1.46e-001  3.01e-005  3.01e-005  1.86e-002  6.80e-002  3.21e-002  2.94e-002  3.40e-002  
1.17040e+017 1.54e-016  1.38e-007  5.36e-007  2.89e-002  3.06e-001  8.69e-005  1.34e-001  4.70e-002  9.02e-002  1.55e-001  2.90e-005  2.90e-005  1.68e-002  6.88e-002  3.41e-002  3.15e-002  3.01e-002  
1.17511e+017 1.52e-016  8.08e-006  1.84e-005  2.95e-002  3.26e-001  8.21e-005  1.24e-001  4.18e-002  8.87e-002  1.58e-001  2.73e-005  2.73e-005  1.49e-002  6.70e-002  3.48e-002  3.21e-002  2.63e-002  
1.17806e+017 1.53e-016  6.62e-005  1.13e-004  2.96e-002  3.38e-001  7.87e-005  1.17e-001  3.88e-002  9.11e-002  1.59e-001  2.62e-005  2.62e-005  1.37e-002  6.48e-002  3.49e-002  3.22e-002  2.40e-002  
1.18134e+017 1.54e-016  4.79e-004  6.17e-004  2.97e-002  3.49e-001  7.52e-005  1.09e-001  3.59e-002  9.52e-002  1.59e-001  2.50e-005  2.50e-005  1.24e-002  6.22e-002  3.51e-002  3.19e-002  2.26e-002  
1.18488e+017 1.59e-016  2.85e-003  2.81e-003  2.97e-002  3.61e-001  7.43e-005  1.00e-001  3.31e-002  9.88e-002  1.59e-001  2.47e-005  2.47e-005  1.10e-002  5.86e-002  3.49e-002  3.13e-002  2.15e-002  
1.18867e+017 1.70e-016  1.43e-002  1.10e-002  2.92e-002  3.68e-001  7.37e-005  8.84e-002  3.02e-002  1.01e-001  1.56e-001  2.46e-005  2.46e-005  9.32e-003  5.31e-002  3.44e-002  2.97e-002  1.99e-002  
1.19273e+017 2.00e-016  6.19e-002  3.66e-002  3.08e-002  3.53e-001  6.84e-005  7.24e-002  2.62e-002  9.74e-002  1.45e-001  2.28e-005  2.28e-005  7.24e-003  4.39e-002  3.18e-002  2.59e-002  1.72e-002  
1.19721e+017 3.04e-016  2.12e-001  9.64e-002  2.75e-002  2.80e-001  5.16e-005  4.77e-002  1.90e-002  7.76e-002  1.11e-001  1.73e-005  1.73e-005  4.44e-003  2.85e-002  2.44e-002  1.83e-002  1.21e-002  
1.20205e+017 7.12e-016  4.62e-001  1.61e-001  1.77e-002  1.57e-001  2.72e-005  2.22e-002  9.94e-003  4.38e-002  6.08e-002  9.06e-006  9.06e-006  1.80e-003  1.23e-002  1.34e-002  9.07e-003  5.95e-003  
1.20720e+017 2.34e-015  6.59e-001  1.81e-001  9.42e-003  6.77e-002  1.09e-005  8.14e-003  4.11e-003  1.94e-002  2.59e-002  3.64e-006  3.64e-006  5.10e-004  3.74e-003  5.69e-003  3.53e-003  2.22e-003  
1.21274e+017 8.48e-015  7.66e-001  1.66e-001  7.59e-003  2.70e-002  4.20e-006  2.97e-003  1.65e-003  8.31e-003  1.06e-002  1.40e-006  1.40e-006  1.27e-004  9.76e-004  2.32e-003  1.34e-003  7.72e-004  
1.21854e+017 2.76e-014  8.21e-001  1.40e-001  1.26e-002  1.15e-002  1.81e-006  1.27e-003  7.49e-004  4.16e-003  4.77e-003  6.04e-007  6.04e-007  3.35e-005  2.68e-004  1.05e-003  5.82e-004  2.97e-004  
1.22444e+017 7.11e-014  8.61e-001  1.07e-001  1.88e-002  5.40e-003  9.25e-007  6.36e-004  4.05e-004  2.57e-003  2.53e-003  3.08e-007  3.08e-007  1.07e-005  8.90e-005  5.57e-004  2.98e-004  1.36e-004  
1.22701e+017 3.06e-011  9.90e-001  9.25e-003  7.25e-004  0.00e+000  0.00e+000  0.00e+000  9.31e-006  0.00e+000  0.00e+000  0.00e+000  0.00e+000  0.00e+000  0.00e+000  0.00e+000  0.00e+000  0.00e+000  
