! 0       H + HCO -> CO + H2
! 1       HCO + H2 -> CO + H + H2
! 2       O + HCO -> CO + OH
! 3       O + HCO -> CO2 + H
! 4       N + HCO -> HCN + O
! 5       OH + HCO -> CO + H2O
! 6       N + HCO -> OCN + H
! 7       HCO + O2 -> O2H + CO
! 8       HCO + O2 -> CO2 + OH
! 9       S + HCO -> H + OCS
!            tot_rate   0          1          2          3          4          5          6          7          8          9          
1.34508e+014 2.29e-015  8.87e-001  0.00e+000  3.87e-002  3.87e-002  1.89e-002  7.48e-004  1.11e-002  6.51e-004  1.25e-004  9.27e-005  
8.00271e+015 2.29e-015  8.87e-001  0.00e+000  3.87e-002  3.87e-002  1.89e-002  7.48e-004  1.11e-002  6.51e-004  1.25e-004  9.27e-005  
7.87466e+016 2.17e-015  8.88e-001  0.00e+000  3.86e-002  3.86e-002  1.88e-002  7.50e-004  1.10e-002  6.54e-004  1.25e-004  9.25e-005  
1.06312e+017 2.02e-015  8.90e-001  0.00e+000  3.86e-002  3.86e-002  1.88e-002  7.51e-004  1.11e-002  6.52e-004  1.25e-004  9.24e-005  
1.09855e+017 1.89e-015  8.90e-001  0.00e+000  3.88e-002  3.88e-002  1.89e-002  7.52e-004  1.11e-002  6.57e-004  1.26e-004  9.27e-005  
1.10673e+017 1.83e-015  8.90e-001  0.00e+000  3.87e-002  3.87e-002  1.88e-002  7.53e-004  1.11e-002  6.55e-004  1.25e-004  9.28e-005  
1.11398e+017 1.77e-015  8.90e-001  0.00e+000  3.86e-002  3.86e-002  1.88e-002  7.49e-004  1.10e-002  6.54e-004  1.25e-004  9.24e-005  
1.12221e+017 1.70e-015  8.90e-001  0.00e+000  3.87e-002  3.87e-002  1.89e-002  7.49e-004  1.11e-002  6.54e-004  1.25e-004  9.25e-005  
1.12812e+017 1.64e-015  8.90e-001  0.00e+000  3.88e-002  3.88e-002  1.89e-002  7.50e-004  1.11e-002  6.58e-004  1.26e-004  9.27e-005  
1.13349e+017 1.61e-015  8.90e-001  0.00e+000  3.87e-002  3.87e-002  1.88e-002  7.47e-004  1.11e-002  6.54e-004  1.25e-004  9.28e-005  
1.13938e+017 1.57e-015  8.90e-001  0.00e+000  3.87e-002  3.87e-002  1.88e-002  7.44e-004  1.11e-002  6.55e-004  1.25e-004  9.29e-005  
1.14626e+017 1.55e-015  8.91e-001  0.00e+000  3.86e-002  3.86e-002  1.88e-002  7.42e-004  1.10e-002  6.52e-004  1.25e-004  9.23e-005  
1.15112e+017 1.54e-015  8.91e-001  0.00e+000  3.86e-002  3.86e-002  1.88e-002  7.41e-004  1.11e-002  6.50e-004  1.25e-004  9.23e-005  
1.15530e+017 1.53e-015  8.90e-001  5.89e-080  3.87e-002  3.87e-002  1.89e-002  7.40e-004  1.11e-002  6.54e-004  1.25e-004  9.23e-005  
1.16007e+017 1.53e-015  8.91e-001  4.33e-065  3.86e-002  3.86e-002  1.88e-002  7.40e-004  1.11e-002  6.52e-004  1.25e-004  9.24e-005  
1.16507e+017 1.53e-015  8.91e-001  3.46e-051  3.86e-002  3.86e-002  1.88e-002  7.34e-004  1.11e-002  6.53e-004  1.25e-004  9.24e-005  
1.17040e+017 1.54e-015  8.91e-001  1.18e-038  3.86e-002  3.86e-002  1.88e-002  7.35e-004  1.11e-002  6.50e-004  1.25e-004  9.23e-005  
1.17511e+017 1.56e-015  8.91e-001  8.14e-030  3.85e-002  3.85e-002  1.88e-002  7.31e-004  1.10e-002  6.54e-004  1.25e-004  9.23e-005  
1.17806e+017 1.57e-015  8.90e-001  2.51e-025  3.87e-002  3.87e-002  1.89e-002  7.38e-004  1.11e-002  6.55e-004  1.25e-004  9.29e-005  
1.18134e+017 1.61e-015  8.91e-001  3.18e-021  3.87e-002  3.87e-002  1.88e-002  7.35e-004  1.11e-002  6.54e-004  1.25e-004  9.28e-005  
1.18488e+017 1.65e-015  8.91e-001  1.33e-017  3.86e-002  3.86e-002  1.88e-002  7.33e-004  1.10e-002  6.54e-004  1.25e-004  9.27e-005  
1.18867e+017 1.71e-015  8.91e-001  2.14e-014  3.86e-002  3.86e-002  1.88e-002  7.33e-004  1.11e-002  6.56e-004  1.25e-004  9.26e-005  
1.19273e+017 1.79e-015  8.90e-001  1.74e-011  3.87e-002  3.87e-002  1.88e-002  7.34e-004  1.11e-002  7.34e-004  1.25e-004  9.30e-005  
1.19721e+017 1.93e-015  8.90e-001  8.39e-009  3.87e-002  3.87e-002  1.88e-002  7.30e-004  1.11e-002  8.33e-004  1.25e-004  9.32e-005  
1.20205e+017 2.22e-015  8.90e-001  1.77e-006  3.86e-002  3.86e-002  1.88e-002  7.29e-004  1.11e-002  9.58e-004  1.25e-004  9.31e-005  
1.20720e+017 2.73e-015  8.90e-001  1.34e-004  3.85e-002  3.85e-002  1.88e-002  7.59e-004  1.11e-002  1.11e-003  1.25e-004  9.31e-005  
1.21274e+017 3.72e-015  8.87e-001  4.06e-003  3.82e-002  3.82e-002  1.87e-002  1.25e-003  1.10e-002  1.29e-003  1.24e-004  9.24e-005  
1.21854e+017 6.46e-015  8.48e-001  4.80e-002  3.51e-002  3.51e-002  1.78e-002  3.67e-003  1.05e-002  1.41e-003  1.18e-004  8.80e-005  
1.22444e+017 1.59e-014  6.99e-001  2.19e-001  2.48e-002  2.48e-002  1.42e-002  7.18e-003  8.38e-003  1.28e-003  9.52e-005  7.06e-005  
1.22701e+017 8.03e-014  9.01e-001  0.00e+000  2.79e-002  2.79e-002  1.81e-002  1.12e-002  1.06e-002  3.28e-003  1.20e-004  8.88e-005  
