! 0       CH3O + H -> H2CO + H2
! 1       CH3O + H2 -> H2CO + H + H2
! 2       CH3O + H -> CH3 + OH
! 3       CH3O + O -> O2 + CH3
! 4       CH3O + O -> OH + H2CO
! 5       CH3O + OH -> H2CO + H2O
! 6       CH3O + HCO+ -> CO + CH3OH+
! 7       CH3O + H3O+ -> H2O + CH3OH+
! 8       CH3O + C+ -> C + H3CO+
! 9       CH3O + H3+ -> H2 + CH3OH+
! 10      CH3O + He+ -> CH2 + He + OH+
!            tot_rate   0          1          2          3          4          5          6          7          8          9          10         
1.34508e+014 6.37e-017  3.17e-011  0.00e+000  1.36e-011  3.60e-001  1.20e-001  3.27e-003  1.32e-001  5.56e-002  1.81e-001  1.02e-001  3.66e-002  
8.00271e+015 6.37e-017  3.17e-011  0.00e+000  1.36e-011  3.60e-001  1.20e-001  3.27e-003  1.32e-001  5.56e-002  1.81e-001  1.02e-001  3.66e-002  
7.87466e+016 5.61e-017  3.80e-011  0.00e+000  1.63e-011  4.12e-001  1.37e-001  3.76e-003  9.81e-002  4.35e-002  1.53e-001  1.04e-001  3.41e-002  
1.06312e+017 4.15e-017  4.26e-010  0.00e+000  1.83e-010  5.85e-001  1.95e-001  5.35e-003  5.27e-002  1.69e-002  5.06e-002  4.86e-002  1.06e-002  
1.09855e+017 4.10e-017  8.15e-009  0.00e+000  3.49e-009  5.98e-001  1.99e-001  5.44e-003  6.49e-002  1.85e-002  4.61e-002  3.29e-002  6.86e-003  
1.10673e+017 4.10e-017  2.76e-008  0.00e+000  1.18e-008  5.98e-001  1.99e-001  5.45e-003  6.81e-002  1.92e-002  4.69e-002  2.98e-002  6.69e-003  
1.11398e+017 4.10e-017  1.04e-007  0.00e+000  4.46e-008  5.97e-001  1.98e-001  5.44e-003  7.10e-002  1.98e-002  4.63e-002  3.00e-002  6.68e-003  
1.12221e+017 4.08e-017  6.52e-007  0.00e+000  2.80e-007  6.01e-001  1.99e-001  5.44e-003  7.55e-002  2.08e-002  3.82e-002  3.02e-002  6.74e-003  
1.12812e+017 4.02e-017  3.04e-006  0.00e+000  1.31e-006  6.10e-001  2.02e-001  5.52e-003  8.04e-002  2.17e-002  2.08e-002  3.09e-002  6.87e-003  
1.13349e+017 3.96e-017  1.41e-005  0.00e+000  6.04e-006  6.17e-001  2.05e-001  5.58e-003  8.59e-002  2.25e-002  4.73e-003  3.13e-002  7.00e-003  
1.13938e+017 3.96e-017  8.33e-005  0.00e+000  3.56e-005  6.16e-001  2.05e-001  5.58e-003  9.09e-002  2.32e-002  3.28e-004  3.16e-002  7.05e-003  
1.14626e+017 3.99e-017  7.00e-004  0.00e+000  3.01e-004  6.12e-001  2.03e-001  5.52e-003  9.64e-002  2.41e-002  1.10e-004  3.16e-002  7.03e-003  
1.15112e+017 4.02e-017  3.09e-003  0.00e+000  1.32e-003  6.07e-001  2.02e-001  5.45e-003  9.98e-002  2.48e-002  6.97e-005  3.14e-002  7.02e-003  
1.15530e+017 4.07e-017  1.05e-002  0.00e+000  4.50e-003  5.98e-001  1.99e-001  5.39e-003  1.02e-001  2.53e-002  5.02e-005  3.12e-002  6.96e-003  
1.16007e+017 4.26e-017  3.74e-002  0.00e+000  1.60e-002  5.71e-001  1.90e-001  5.12e-003  1.02e-001  2.56e-002  4.21e-005  3.01e-002  6.70e-003  
1.16507e+017 4.83e-017  1.12e-001  1.11e-073  4.81e-002  5.04e-001  1.67e-001  4.50e-003  9.43e-002  2.38e-002  3.75e-005  2.65e-002  5.93e-003  
1.17040e+017 6.41e-017  2.56e-001  1.50e-054  1.09e-001  3.77e-001  1.26e-001  3.38e-003  7.47e-002  1.92e-002  2.85e-005  2.01e-002  4.49e-003  
1.17511e+017 9.20e-017  3.88e-001  3.38e-041  1.66e-001  2.63e-001  8.74e-002  2.35e-003  5.44e-002  1.41e-002  2.01e-005  1.39e-002  3.12e-003  
1.17806e+017 1.17e-016  4.54e-001  1.75e-034  1.95e-001  2.07e-001  6.88e-002  1.84e-003  4.40e-002  1.16e-002  1.60e-005  1.09e-002  2.44e-003  
1.18134e+017 1.49e-016  5.08e-001  2.23e-028  2.17e-001  1.61e-001  5.36e-002  1.44e-003  3.54e-002  9.32e-003  1.26e-005  8.32e-003  1.88e-003  
1.18488e+017 1.89e-016  5.49e-001  4.91e-023  2.34e-001  1.26e-001  4.19e-002  1.12e-003  2.87e-002  7.60e-003  9.98e-006  6.39e-003  1.45e-003  
1.18867e+017 2.36e-016  5.79e-001  2.40e-018  2.48e-001  1.00e-001  3.34e-002  8.92e-004  2.36e-002  6.30e-003  7.99e-006  4.86e-003  1.11e-003  
1.19273e+017 2.91e-016  6.02e-001  3.89e-014  2.58e-001  8.09e-002  2.68e-002  7.19e-004  1.97e-002  5.27e-003  6.44e-006  3.65e-003  8.43e-004  
1.19721e+017 3.53e-016  6.21e-001  2.64e-010  2.66e-001  6.55e-002  2.18e-002  5.84e-004  1.65e-002  4.42e-003  5.16e-006  2.72e-003  6.29e-004  
1.20205e+017 4.17e-016  6.34e-001  4.75e-007  2.71e-001  5.47e-002  1.82e-002  4.82e-004  1.40e-002  3.79e-003  4.10e-006  2.04e-003  4.73e-004  
1.20720e+017 4.86e-016  6.42e-001  1.77e-004  2.76e-001  4.69e-002  1.56e-002  4.32e-004  1.21e-002  3.38e-003  3.31e-006  1.60e-003  3.69e-004  
1.21274e+017 6.49e-016  6.39e-001  1.60e-002  2.74e-001  4.07e-002  1.35e-002  6.24e-004  1.03e-002  3.10e-003  2.71e-006  1.31e-003  3.00e-004  
1.21854e+017 1.89e-015  4.67e-001  2.86e-001  2.00e-001  2.60e-002  8.62e-003  1.27e-003  6.35e-003  2.23e-003  1.70e-006  8.09e-004  1.88e-004  
1.22444e+017 1.79e-014  1.55e-001  7.65e-001  6.65e-002  6.93e-003  2.30e-003  9.44e-004  1.70e-003  7.87e-004  4.94e-007  2.31e-004  5.47e-005  
1.22701e+017 3.22e-014  6.73e-001  0.00e+000  2.89e-001  2.52e-002  8.37e-003  4.74e-003  0.00e+000  0.00e+000  0.00e+000  0.00e+000  0.00e+000  
