! 0       H + O2 -> O + O + H
! 1       H + O2 -> OH + O
! 2       N2 + O2 -> N2O + O
! 3       N + O2 -> NO + O
! 4       CO + O2 -> CO2 + O
! 5       C + O2 -> CO + O
! 6       O2 + GRAIN -> *O2 + GRAIN
! 7       O2 + C+ -> CO + O+
! 8       O2 + C+ -> O + CO+
! 9       O2 + H3+ -> H2 + O2H+
! 10      O2 + CRPhoton -> O + O
! 11      O2 + H+ -> H + O2+
! 12      O2 + He+ -> O + He + O+
! 13      CN + O2 -> OCN + O
!            tot_rate   0          1          2          3          4          5          6          7          8          9          10         11         12         13         
1.34508e+014 2.66e-014  0.00e+000  0.00e+000  0.00e+000  0.00e+000  0.00e+000  1.33e-001  1.36e-001  1.96e-001  1.48e-001  6.73e-005  1.52e-001  7.52e-002  5.86e-002  5.00e-002  
8.00271e+015 2.66e-014  0.00e+000  0.00e+000  0.00e+000  0.00e+000  0.00e+000  1.33e-001  1.36e-001  1.96e-001  1.48e-001  6.73e-005  1.52e-001  7.52e-002  5.86e-002  5.00e-002  
7.87466e+016 3.08e-014  0.00e+000  0.00e+000  0.00e+000  0.00e+000  0.00e+000  1.13e-001  2.38e-001  1.78e-001  1.34e-001  6.60e-004  1.31e-001  6.79e-002  5.07e-002  4.29e-002  
1.06312e+017 5.35e-014  0.00e+000  0.00e+000  0.00e+000  0.00e+000  0.00e+000  5.44e-002  4.51e-001  1.24e-001  9.37e-002  6.64e-002  7.56e-002  5.91e-002  2.77e-002  2.38e-002  
1.09855e+017 4.63e-014  0.00e+000  0.00e+000  0.00e+000  0.00e+000  0.00e+000  5.09e-002  3.52e-001  1.52e-001  1.14e-001  9.63e-002  8.72e-002  6.67e-002  3.17e-002  2.22e-002  
1.10673e+017 4.38e-014  0.00e+000  0.00e+000  0.00e+000  0.00e+000  0.00e+000  4.95e-002  3.17e-001  1.63e-001  1.23e-001  1.05e-001  9.22e-002  6.89e-002  3.38e-002  2.05e-002  
1.11398e+017 4.14e-014  0.00e+000  0.00e+000  0.00e+000  0.00e+000  0.00e+000  4.78e-002  2.88e-001  1.70e-001  1.28e-001  1.14e-001  9.76e-002  7.10e-002  3.58e-002  1.86e-002  
1.12221e+017 3.66e-014  0.00e+000  0.00e+000  0.00e+000  2.48e-079  0.00e+000  4.78e-002  2.64e-001  1.58e-001  1.19e-001  1.32e-001  1.10e-001  7.75e-002  4.07e-002  1.70e-002  
1.12812e+017 3.02e-014  0.00e+000  0.00e+000  0.00e+000  2.78e-072  0.00e+000  5.26e-002  2.71e-001  1.03e-001  7.74e-002  1.62e-001  1.34e-001  9.09e-002  4.93e-002  1.73e-002  
1.13349e+017 2.47e-014  0.00e+000  0.00e+000  0.00e+000  2.90e-065  0.00e+000  5.88e-002  2.83e-001  2.82e-002  2.13e-002  2.01e-001  1.64e-001  1.08e-001  6.08e-002  1.77e-002  
1.13938e+017 2.22e-014  0.00e+000  0.00e+000  0.00e+000  4.15e-057  0.00e+000  5.90e-002  2.62e-001  2.18e-003  1.64e-003  2.27e-001  1.82e-001  1.16e-001  6.80e-002  1.59e-002  
1.14626e+017 2.07e-014  0.00e+000  0.00e+000  0.00e+000  2.61e-047  0.00e+000  5.64e-002  2.23e-001  7.91e-004  5.93e-004  2.45e-001  1.95e-001  1.19e-001  7.33e-002  1.32e-002  
1.15112e+017 1.99e-014  0.00e+000  0.00e+000  0.00e+000  1.88e-040  0.00e+000  5.54e-002  1.97e-001  5.29e-004  3.98e-004  2.57e-001  2.03e-001  1.20e-001  7.70e-002  1.15e-002  
1.15530e+017 1.92e-014  0.00e+000  0.00e+000  0.00e+000  9.16e-035  0.00e+000  5.47e-002  1.77e-001  3.98e-004  3.00e-004  2.68e-001  2.10e-001  1.20e-001  8.02e-002  1.02e-002  
1.16007e+017 1.86e-014  0.00e+000  1.07e-067  0.00e+000  1.02e-028  0.00e+000  5.49e-002  1.55e-001  3.61e-004  2.72e-004  2.79e-001  2.18e-001  1.20e-001  8.34e-002  8.88e-003  
1.16507e+017 1.80e-014  0.00e+000  3.48e-053  0.00e+000  4.79e-023  0.00e+000  5.60e-002  1.36e-001  3.77e-004  2.84e-004  2.89e-001  2.25e-001  1.19e-001  8.71e-002  7.71e-003  
1.17040e+017 1.75e-014  0.00e+000  4.23e-040  0.00e+000  6.55e-018  0.00e+000  5.93e-002  1.19e-001  3.93e-004  2.96e-004  2.99e-001  2.31e-001  1.17e-001  9.00e-002  6.78e-003  
1.17511e+017 1.71e-014  0.00e+000  7.17e-031  0.00e+000  2.88e-014  0.00e+000  6.30e-002  1.06e-001  4.09e-004  3.08e-004  3.05e-001  2.36e-001  1.14e-001  9.22e-002  6.12e-003  
1.17806e+017 1.69e-014  0.00e+000  3.47e-026  0.00e+000  2.08e-012  0.00e+000  6.62e-002  9.93e-002  4.18e-004  3.16e-004  3.07e-001  2.40e-001  1.12e-001  9.34e-002  5.82e-003  
1.18134e+017 1.66e-014  0.00e+000  6.73e-022  0.00e+000  1.07e-010  1.45e-072  7.09e-002  9.31e-002  4.31e-004  3.24e-004  3.09e-001  2.44e-001  1.09e-001  9.37e-002  5.56e-003  
1.18488e+017 1.63e-014  0.00e+000  4.15e-018  0.00e+000  3.58e-009  2.18e-061  7.61e-002  8.77e-002  4.46e-004  3.36e-004  3.08e-001  2.50e-001  1.05e-001  9.39e-002  5.36e-003  
1.18867e+017 1.59e-014  0.00e+000  9.46e-015  0.00e+000  8.26e-008  1.75e-051  8.32e-002  8.39e-002  4.64e-004  3.49e-004  3.05e-001  2.57e-001  9.96e-002  9.33e-002  5.20e-003  
1.19273e+017 1.53e-014  0.00e+000  1.06e-011  0.00e+000  1.48e-006  1.74e-042  9.35e-002  8.17e-002  4.83e-004  3.64e-004  2.97e-001  2.67e-001  9.22e-002  9.15e-002  5.10e-003  
1.19721e+017 1.46e-014  1.26e-071  7.08e-009  6.63e-079  2.23e-005  3.59e-034  1.07e-001  8.11e-002  5.02e-004  3.78e-004  2.86e-001  2.81e-001  8.25e-002  8.86e-002  5.01e-003  
1.20205e+017 1.38e-014  4.64e-056  1.99e-006  1.90e-062  2.46e-004  5.77e-027  1.23e-001  8.21e-002  5.11e-004  3.84e-004  2.74e-001  2.98e-001  6.86e-002  8.50e-002  4.78e-003  
1.20720e+017 1.33e-014  1.82e-043  1.90e-004  3.81e-049  1.78e-003  3.82e-021  1.40e-001  8.29e-002  5.01e-004  3.78e-004  2.61e-001  3.10e-001  5.11e-002  8.14e-002  3.98e-003  
1.21274e+017 1.32e-014  1.52e-033  6.78e-003  1.13e-038  8.65e-003  1.43e-016  1.55e-001  8.27e-002  4.78e-004  3.60e-004  2.49e-001  3.13e-001  3.31e-002  7.66e-002  2.25e-003  
1.21854e+017 1.45e-014  2.96e-026  8.67e-002  5.59e-031  2.63e-002  3.10e-013  1.54e-001  7.57e-002  4.16e-004  3.14e-004  2.15e-001  2.86e-001  1.84e-002  6.70e-002  4.85e-004  
1.22444e+017 2.19e-014  2.29e-021  3.67e-001  8.08e-026  4.15e-002  4.41e-011  1.11e-001  5.16e-002  2.68e-004  2.02e-004  1.36e-001  1.91e-001  7.67e-003  4.31e-002  2.82e-005  
1.22701e+017 2.48e-009  9.79e-001  1.98e-002  8.18e-004  5.08e-004  1.93e-005  1.12e-005  4.51e-006  0.00e+000  0.00e+000  0.00e+000  0.00e+000  0.00e+000  0.00e+000  4.47e-010  
