! 0       H + CO -> OH + C
! 1       *H + CO -> H + CO
! 2       *H2O + CO -> H2O + CO
! 3       *CO2 + CO -> CO2 + CO
! 4       *HCOOH + CO -> HCOOH + CO
! 5       *CO + CO -> CO + CO
! 6       *NH3 + CO -> NH3 + CO
! 7       *CH3OH + CO -> CH3OH + CO
! 8       *CH4 + CO -> CH4 + CO
! 9       *N2 + CO -> N2 + CO
! 10      CO + GRAIN -> *CO + GRAIN
! 11      CO + H3+ -> H2 + HCO+
! 12      CO + H3+ -> H2 + HOC+
! 13      CO + He+ -> O + He + C+
! 14      CO + N2H+ -> N2 + HCO+
!            tot_rate   0          1          2          3          4          5          6          7          8          9          10         11         12         13         14         
1.34508e+014 1.48e-013  0.00e+000  0.00e+000  0.00e+000  0.00e+000  0.00e+000  0.00e+000  0.00e+000  0.00e+000  0.00e+000  0.00e+000  2.12e-001  5.32e-001  9.00e-002  1.24e-001  1.87e-002  
8.00271e+015 1.48e-013  0.00e+000  0.00e+000  0.00e+000  0.00e+000  0.00e+000  0.00e+000  0.00e+000  0.00e+000  0.00e+000  0.00e+000  2.12e-001  5.32e-001  9.00e-002  1.24e-001  1.87e-002  
7.87466e+016 1.75e-013  0.00e+000  0.00e+000  0.00e+000  0.00e+000  0.00e+000  0.00e+000  0.00e+000  0.00e+000  0.00e+000  0.00e+000  3.44e-001  4.21e-001  9.44e-002  1.05e-001  1.76e-002  
1.06312e+017 3.14e-013  0.00e+000  3.14e-032  0.00e+000  1.81e-070  0.00e+000  5.13e-014  0.00e+000  0.00e+000  1.61e-019  1.42e-011  6.21e-001  1.81e-001  1.12e-001  5.55e-002  2.06e-002  
1.09855e+017 2.55e-013  0.00e+000  8.31e-018  8.74e-078  4.27e-009  1.56e-068  3.81e-003  5.29e-015  2.46e-043  5.53e-004  1.52e-003  5.13e-001  2.26e-001  1.47e-001  6.78e-002  2.90e-002  
1.10673e+017 2.41e-013  0.00e+000  3.53e-017  1.23e-057  1.51e-005  5.32e-050  1.47e-002  1.39e-008  2.64e-029  2.77e-003  5.07e-003  4.65e-001  2.40e-001  1.56e-001  7.18e-002  3.17e-002  
1.11398e+017 2.34e-013  0.00e+000  9.19e-017  4.27e-031  4.70e-004  1.48e-026  3.86e-002  6.24e-005  4.03e-014  8.16e-003  1.24e-002  4.10e-001  2.48e-001  1.61e-001  7.44e-002  3.36e-002  
1.12221e+017 2.40e-013  0.00e+000  2.17e-016  1.60e-010  3.40e-003  8.24e-010  9.70e-002  1.49e-003  2.40e-006  2.23e-002  2.96e-002  3.25e-001  2.44e-001  1.58e-001  7.24e-002  3.39e-002  
1.12812e+017 2.65e-013  0.00e+000  3.54e-016  8.24e-005  8.99e-003  1.21e-005  1.68e-001  5.37e-003  1.23e-004  4.04e-002  4.95e-002  2.50e-001  2.22e-001  1.44e-001  6.61e-002  3.16e-002  
1.13349e+017 3.13e-013  0.00e+000  4.89e-016  2.07e-003  1.71e-002  1.49e-004  2.46e-001  1.18e-002  5.24e-004  6.14e-002  7.13e-002  1.80e-001  1.89e-001  1.22e-001  5.62e-002  2.75e-002  
1.13938e+017 4.13e-013  0.00e+000  6.17e-016  9.97e-003  2.85e-002  5.76e-004  3.29e-001  2.16e-002  1.36e-003  8.54e-002  9.34e-002  1.13e-001  1.44e-001  9.34e-002  4.28e-002  2.15e-002  
1.14626e+017 6.50e-013  0.00e+000  6.95e-016  2.91e-002  4.35e-002  1.51e-003  4.01e-001  3.57e-002  2.86e-003  1.08e-001  1.11e-001  5.74e-002  9.21e-002  5.98e-002  2.74e-002  1.43e-002  
1.15112e+017 9.36e-013  0.00e+000  7.04e-016  4.63e-002  5.30e-002  2.33e-003  4.28e-001  4.54e-002  4.04e-003  1.19e-001  1.16e-001  3.37e-002  6.44e-002  4.19e-002  1.92e-002  1.03e-002  
1.15530e+017 1.31e-012  0.00e+000  6.89e-016  6.31e-002  6.02e-002  3.10e-003  4.38e-001  5.33e-002  5.10e-003  1.24e-001  1.18e-001  2.10e-002  4.64e-002  3.01e-002  1.38e-002  7.61e-003  
1.16007e+017 1.94e-012  0.00e+000  6.56e-016  8.42e-002  6.72e-002  4.07e-003  4.38e-001  6.15e-002  6.35e-003  1.26e-001  1.17e-001  1.20e-002  3.17e-002  2.06e-002  9.45e-003  5.37e-003  
1.16507e+017 2.90e-012  0.00e+000  6.17e-016  1.06e-001  7.30e-002  5.06e-003  4.31e-001  6.92e-002  7.54e-003  1.26e-001  1.13e-001  6.85e-003  2.13e-002  1.38e-002  6.37e-003  3.75e-003  
1.17040e+017 4.43e-012  0.00e+000  5.69e-016  1.32e-001  7.87e-002  6.23e-003  4.15e-001  7.65e-002  8.87e-003  1.23e-001  1.08e-001  3.81e-003  1.41e-002  9.18e-003  4.22e-003  2.59e-003  
1.17511e+017 6.35e-012  0.00e+000  5.36e-016  1.55e-001  8.30e-002  7.25e-003  4.00e-001  8.27e-002  1.00e-002  1.19e-001  1.02e-001  2.36e-003  9.99e-003  6.49e-003  2.99e-003  1.91e-003  
1.17806e+017 7.87e-012  0.00e+000  5.25e-016  1.70e-001  8.63e-002  7.93e-003  3.89e-001  8.67e-002  1.08e-002  1.14e-001  9.79e-002  1.79e-003  8.12e-003  5.27e-003  2.44e-003  1.60e-003  
1.18134e+017 9.93e-012  0.00e+000  5.23e-016  1.89e-001  9.04e-002  8.78e-003  3.75e-001  9.16e-002  1.17e-002  1.08e-001  9.23e-002  1.34e-003  6.49e-003  4.22e-003  1.96e-003  1.32e-003  
1.18488e+017 1.27e-011  0.00e+000  5.43e-016  2.15e-001  9.63e-002  9.94e-003  3.54e-001  9.79e-002  1.29e-002  9.79e-002  8.52e-002  1.00e-003  5.14e-003  3.33e-003  1.55e-003  1.10e-003  
1.18867e+017 1.61e-011  0.00e+000  5.98e-016  2.49e-001  1.05e-001  1.15e-002  3.26e-001  1.07e-001  1.47e-002  8.30e-002  7.50e-002  7.62e-004  4.06e-003  2.63e-003  1.24e-003  9.11e-004  
1.19273e+017 2.03e-011  0.00e+000  7.18e-016  3.00e-001  1.20e-001  1.38e-002  2.81e-001  1.18e-001  1.74e-002  6.25e-002  6.00e-002  6.05e-004  3.21e-003  2.09e-003  9.89e-004  7.72e-004  
1.19721e+017 2.54e-011  0.00e+000  9.65e-016  3.78e-001  1.41e-001  1.75e-002  2.08e-001  1.32e-001  2.15e-002  3.60e-002  3.94e-002  4.88e-004  2.52e-003  1.64e-003  7.80e-004  6.50e-004  
1.20205e+017 3.08e-011  0.00e+000  1.41e-015  4.84e-001  1.66e-001  2.29e-002  1.08e-001  1.37e-001  2.72e-002  1.19e-002  1.68e-002  4.13e-004  2.01e-003  1.30e-003  6.21e-004  5.39e-004  
1.20720e+017 3.72e-011  1.01e-070  2.06e-015  5.89e-001  1.79e-001  2.90e-002  2.77e-002  1.16e-001  3.28e-002  1.34e-003  3.07e-003  3.42e-004  1.58e-003  1.02e-003  4.87e-004  4.19e-004  
1.21274e+017 4.53e-011  5.05e-056  3.26e-015  6.68e-001  1.71e-001  3.70e-002  1.91e-003  6.66e-002  3.75e-002  2.07e-005  1.14e-004  2.80e-004  1.23e-003  7.98e-004  3.79e-004  3.04e-004  
1.21854e+017 5.48e-011  3.61e-045  7.73e-015  7.33e-001  1.37e-001  5.24e-002  1.03e-005  1.82e-002  4.29e-002  2.10e-007  5.93e-007  2.33e-004  9.69e-004  6.29e-004  3.01e-004  2.17e-004  
1.22444e+017 6.45e-011  1.11e-037  7.91e-014  7.46e-001  6.15e-002  1.19e-001  1.95e-006  3.66e-004  5.19e-002  1.43e-007  3.38e-007  2.05e-004  7.83e-004  5.08e-004  2.48e-004  1.58e-004  
1.22701e+017 3.35e-009  9.69e-001  3.07e-002  1.80e-010  2.67e-012  1.91e-010  7.93e-014  3.13e-011  1.98e-011  0.00e+000  3.10e-016  3.40e-005  0.00e+000  0.00e+000  0.00e+000  0.00e+000  
