! 0       H2 + C+ -> H + CH+
! 1       O2 + C+ -> CO + O+
! 2       O2 + C+ -> O + CO+
! 3       H2O + C+ -> H + HOC+
! 4       H2 + C+ -> CH2+
! 5       OH + C+ -> H + CO+
! 6       H2O + C+ -> H + HCO+
! 7       NO + C+ -> C + NO+
! 8       H2CO + C+ -> CO + CH2+
! 9       NH3 + C+ -> H + H2NC+
!            tot_rate   0          1          2          3          4          5          6          7          8          9          
1.34508e+014 1.83e-014  0.00e+000  2.84e-001  2.15e-001  1.26e-001  6.88e-002  6.33e-002  5.42e-002  4.14e-002  2.34e-002  1.43e-002  
8.00271e+015 1.83e-014  0.00e+000  2.84e-001  2.15e-001  1.26e-001  6.88e-002  6.33e-002  5.42e-002  4.14e-002  2.34e-002  1.43e-002  
7.87466e+016 1.72e-014  0.00e+000  3.18e-001  2.39e-001  1.03e-001  8.49e-002  5.19e-002  4.43e-002  2.35e-002  1.85e-002  1.57e-002  
1.06312e+017 1.48e-014  2.89e-010  4.51e-001  3.39e-001  2.97e-002  2.40e-002  1.48e-002  1.28e-002  1.63e-002  5.19e-003  2.18e-002  
1.09855e+017 1.53e-014  1.98e-002  4.60e-001  3.47e-001  1.92e-002  1.09e-002  9.49e-003  8.25e-003  1.60e-002  3.36e-003  2.22e-002  
1.10673e+017 1.97e-014  2.34e-001  3.61e-001  2.72e-001  1.33e-002  8.56e-003  6.59e-003  5.73e-003  1.25e-002  2.33e-003  1.75e-002  
1.11398e+017 5.03e-014  7.04e-001  1.40e-001  1.06e-001  4.61e-003  3.32e-003  2.27e-003  1.98e-003  4.79e-003  8.05e-004  6.80e-003  
1.12221e+017 2.02e-013  9.40e-001  2.87e-002  2.16e-002  8.21e-004  6.78e-004  4.03e-004  3.54e-004  9.74e-004  1.43e-004  1.39e-003  
1.12812e+017 3.23e-013  9.80e-001  9.64e-003  7.26e-003  2.49e-004  2.28e-004  1.22e-004  1.07e-004  3.26e-004  4.34e-005  4.68e-004  
1.13349e+017 1.70e-013  9.91e-001  4.09e-003  3.08e-003  9.50e-005  9.68e-005  4.65e-005  4.11e-005  1.37e-004  1.67e-005  1.98e-004  
1.13938e+017 2.61e-014  9.96e-001  1.85e-003  1.39e-003  3.87e-005  4.37e-005  1.88e-005  1.66e-005  6.13e-005  6.74e-006  9.00e-005  
1.14626e+017 1.87e-014  9.98e-001  8.75e-004  6.57e-004  1.60e-005  2.07e-005  7.74e-006  6.89e-006  2.88e-005  2.78e-006  4.26e-005  
1.15112e+017 1.84e-014  9.99e-001  5.70e-004  4.29e-004  9.45e-006  1.35e-005  4.55e-006  4.06e-006  1.86e-005  1.64e-006  2.78e-005  
1.15530e+017 1.84e-014  9.99e-001  4.15e-004  3.13e-004  6.35e-006  9.83e-006  3.05e-006  2.74e-006  1.35e-005  1.10e-006  2.05e-005  
1.16007e+017 1.83e-014  9.99e-001  3.67e-004  2.76e-004  5.16e-006  8.68e-006  2.43e-006  2.22e-006  1.19e-005  8.79e-007  1.84e-005  
1.16507e+017 1.85e-014  9.99e-001  3.67e-004  2.77e-004  4.77e-006  8.70e-006  2.18e-006  2.05e-006  1.18e-005  7.94e-007  1.91e-005  
1.17040e+017 1.87e-014  9.99e-001  3.69e-004  2.78e-004  4.50e-006  8.71e-006  1.96e-006  1.94e-006  1.18e-005  7.16e-007  2.17e-005  
1.17511e+017 1.90e-014  9.99e-001  3.69e-004  2.78e-004  4.42e-006  8.73e-006  1.78e-006  1.90e-006  1.17e-005  6.57e-007  2.90e-005  
1.17806e+017 1.92e-014  9.99e-001  3.68e-004  2.78e-004  4.55e-006  8.69e-006  1.68e-006  1.96e-006  1.17e-005  6.24e-007  3.89e-005  
1.18134e+017 1.95e-014  9.99e-001  3.67e-004  2.77e-004  5.08e-006  8.71e-006  1.57e-006  2.19e-006  1.16e-005  5.94e-007  5.79e-005  
1.18488e+017 1.98e-014  9.99e-001  3.67e-004  2.76e-004  6.51e-006  8.67e-006  1.48e-006  2.80e-006  1.16e-005  5.95e-007  9.43e-005  
1.18867e+017 2.00e-014  9.98e-001  3.67e-004  2.77e-004  1.01e-005  8.68e-006  1.40e-006  4.34e-006  1.16e-005  6.24e-007  1.64e-004  
1.19273e+017 2.01e-014  9.98e-001  3.67e-004  2.76e-004  1.89e-005  8.69e-006  1.39e-006  8.14e-006  1.16e-005  6.80e-007  2.92e-004  
1.19721e+017 1.99e-014  9.97e-001  3.68e-004  2.77e-004  3.85e-005  8.66e-006  1.39e-006  1.66e-005  1.16e-005  7.91e-007  5.29e-004  
1.20205e+017 1.92e-014  9.96e-001  3.67e-004  2.76e-004  8.14e-005  8.66e-006  1.38e-006  3.50e-005  1.16e-005  1.01e-006  9.33e-004  
1.20720e+017 1.82e-014  9.95e-001  3.65e-004  2.75e-004  1.68e-004  8.63e-006  1.44e-006  7.25e-005  1.16e-005  1.40e-006  1.51e-003  
1.21274e+017 1.72e-014  9.93e-001  3.66e-004  2.76e-004  3.35e-004  8.66e-006  2.38e-006  1.45e-004  1.16e-005  2.07e-006  2.13e-003  
1.21854e+017 1.65e-014  9.92e-001  3.66e-004  2.76e-004  6.35e-004  8.65e-006  7.32e-006  2.72e-004  1.17e-005  3.03e-006  2.53e-003  
1.22444e+017 1.60e-014  9.91e-001  3.65e-004  2.75e-004  1.12e-003  8.60e-006  1.79e-005  4.82e-004  1.17e-005  4.10e-006  2.62e-003  
1.22701e+017 2.89e-012  1.00e+000  0.00e+000  0.00e+000  0.00e+000  8.69e-006  0.00e+000  0.00e+000  0.00e+000  0.00e+000  0.00e+000  
