! 0       *H + *CH3OCH2 -> *CH3OCH3
! 1       *H + *CH3OCH2 -> CH3OCH3
! 2       *CH3OCH2 + H2 -> CH3OCH2 + H2
! 3       *CH3OCH2 + CRPhoton -> *H2CO + *CH3
! 4       *CH3OCH2 + He -> CH3OCH2 + He
! 5       *CH3OCH2 + CO -> CH3OCH2 + CO
! 6       *CH3OCH2 + ISPhoton -> CH3OCH2
! 7       *CH3OCH2 + CRPhoton -> CH3OCH2
! 8       *CH3OCH2 + GRAIN -> CH3OCH2 + GRAIN
! 9       *CH3OCH2 + CRP -> CH3OCH2
!            tot_rate   0          1          2          3          4          5          6          7          8          9          
1.34508e+014 1.55e-019  9.90e-001  1.00e-002  0.00e+000  1.26e-011  0.00e+000  0.00e+000  5.32e-015  4.06e-015  0.00e+000  0.00e+000  
8.00271e+015 1.55e-019  9.90e-001  9.97e-003  0.00e+000  1.26e-011  0.00e+000  0.00e+000  5.32e-015  4.06e-015  0.00e+000  0.00e+000  
7.87466e+016 2.02e-019  9.90e-001  1.00e-002  0.00e+000  1.29e-011  0.00e+000  0.00e+000  5.45e-015  4.16e-015  0.00e+000  0.00e+000  
1.06312e+017 5.58e-019  9.90e-001  9.99e-003  0.00e+000  1.32e-011  0.00e+000  0.00e+000  5.63e-015  4.29e-015  0.00e+000  0.00e+000  
1.09855e+017 4.48e-019  9.90e-001  9.99e-003  0.00e+000  1.82e-011  0.00e+000  2.02e-041  7.76e-015  5.91e-015  0.00e+000  0.00e+000  
1.10673e+017 4.00e-019  9.90e-001  1.00e-002  0.00e+000  2.07e-011  0.00e+000  1.67e-029  8.87e-015  6.77e-015  0.00e+000  0.00e+000  
1.11398e+017 3.54e-019  9.90e-001  1.00e-002  0.00e+000  2.38e-011  0.00e+000  6.05e-018  1.02e-014  7.81e-015  0.00e+000  0.00e+000  
1.12221e+017 2.99e-019  9.90e-001  1.00e-002  0.00e+000  2.88e-011  0.00e+000  5.35e-013  1.24e-014  9.43e-015  0.00e+000  0.00e+000  
1.12812e+017 2.61e-019  9.90e-001  9.98e-003  0.00e+000  3.35e-011  0.00e+000  9.13e-012  1.45e-014  1.10e-014  0.00e+000  0.00e+000  
1.13349e+017 2.27e-019  9.90e-001  9.99e-003  0.00e+000  3.91e-011  0.00e+000  4.06e-011  1.69e-014  1.29e-014  0.00e+000  0.00e+000  
1.13938e+017 1.94e-019  9.90e-001  1.00e-002  0.00e+000  4.68e-011  5.83e-056  1.45e-010  2.03e-014  1.55e-014  0.00e+000  0.00e+000  
1.14626e+017 1.58e-019  9.90e-001  1.00e-002  0.00e+000  5.96e-011  2.00e-041  5.50e-010  2.60e-014  1.99e-014  0.00e+000  0.00e+000  
1.15112e+017 1.37e-019  9.90e-001  9.97e-003  0.00e+000  7.09e-011  1.11e-023  1.27e-009  3.11e-014  2.37e-014  0.00e+000  0.00e+000  
1.15530e+017 1.22e-019  9.90e-001  9.98e-003  2.32e-077  8.35e-011  7.22e-018  2.51e-009  3.67e-014  2.80e-014  0.00e+000  0.00e+000  
1.16007e+017 1.09e-019  9.90e-001  9.99e-003  2.81e-060  1.01e-010  1.74e-013  5.30e-009  4.45e-014  3.38e-014  0.00e+000  0.00e+000  
1.16507e+017 9.90e-020  9.90e-001  1.00e-002  7.63e-042  1.21e-010  1.22e-010  1.09e-008  5.39e-014  4.11e-014  0.00e+000  0.00e+000  
1.17040e+017 8.96e-020  9.90e-001  1.00e-002  2.08e-026  1.48e-010  3.18e-009  2.24e-008  6.63e-014  5.06e-014  0.00e+000  0.00e+000  
1.17511e+017 8.27e-020  9.90e-001  1.00e-002  6.08e-019  1.74e-010  2.43e-008  4.01e-008  7.87e-014  6.00e-014  0.00e+000  0.00e+000  
1.17806e+017 7.92e-020  9.90e-001  1.00e-002  3.94e-017  1.89e-010  5.76e-008  5.62e-008  8.70e-014  6.63e-014  0.00e+000  0.00e+000  
1.18134e+017 7.61e-020  9.90e-001  9.99e-003  4.54e-014  2.06e-010  1.24e-007  8.01e-008  9.62e-014  7.34e-014  0.00e+000  0.00e+000  
1.18488e+017 7.35e-020  9.90e-001  1.00e-002  7.60e-012  2.19e-010  2.41e-007  1.15e-007  1.06e-013  8.06e-014  0.00e+000  0.00e+000  
1.18867e+017 7.19e-020  9.90e-001  1.00e-002  2.06e-010  2.27e-010  4.63e-007  1.63e-007  1.15e-013  8.75e-014  0.00e+000  0.00e+000  
1.19273e+017 7.20e-020  9.90e-001  1.00e-002  2.08e-009  2.25e-010  8.12e-007  2.28e-007  1.22e-013  9.32e-014  0.00e+000  0.00e+000  
1.19721e+017 7.51e-020  9.90e-001  9.99e-003  1.57e-008  2.11e-010  1.33e-006  3.12e-007  1.27e-013  9.67e-014  0.00e+000  0.00e+000  
1.20205e+017 8.13e-020  9.90e-001  1.00e-002  6.43e-008  1.88e-010  2.05e-006  4.11e-007  1.29e-013  9.89e-014  0.00e+000  0.00e+000  
1.20720e+017 8.87e-020  9.90e-001  1.00e-002  1.75e-007  1.67e-010  3.12e-006  5.21e-007  1.34e-013  1.02e-013  0.00e+000  0.00e+000  
1.21274e+017 1.02e-019  9.90e-001  1.00e-002  3.87e-007  1.40e-010  4.61e-006  6.48e-007  1.42e-013  1.08e-013  0.00e+000  0.00e+000  
1.21854e+017 1.98e-019  9.90e-001  1.00e-002  7.02e-007  9.24e-011  6.11e-006  7.42e-007  1.41e-013  1.08e-013  0.00e+000  0.00e+000  
1.22444e+017 1.55e-019  9.90e-001  9.96e-003  1.04e-006  2.84e-011  7.05e-006  7.70e-007  1.31e-013  1.00e-013  0.00e+000  0.00e+000  
1.22701e+017 1.60e+008  9.90e-001  1.00e-002  1.79e-028  2.73e-031  0.00e+000  0.00e+000  3.05e-040  2.32e-040  4.54e-104  0.00e+000  
