! 0       *H + *CH3OCH2 -> CH3OCH3
! 1       *CH3 + *CH3O -> CH3OCH3
! 2       *CH3OCH3 + He -> CH3OCH3 + He
! 3       *CH3OCH3 + H2 -> CH3OCH3 + H2
! 4       *CH3OCH3 + CO -> CH3OCH3 + CO
! 5       NH3 + CH3OCH4+ -> CH3OCH3 + NH4+
! 6       CH3OCH4+ + e- -> CH3OCH3 + H
! 7       CH3O + CH3 -> CH3OCH3
! 8       CH3OCH4+ + GRAIN -> CH3OCH3 + H + GRAIN
! 9       CH3OCH3+ + GRAIN -> CH3OCH3 + GRAIN
!            tot_rate   0          1          2          3          4          5          6          7          8          9          
1.34508e+014 2.23e-021  6.94e-001  2.52e-006  0.00e+000  0.00e+000  0.00e+000  2.40e-004  9.27e-002  1.64e-001  1.60e-004  4.52e-004  
8.00271e+015 2.22e-021  6.93e-001  2.54e-006  0.00e+000  0.00e+000  0.00e+000  2.41e-004  9.31e-002  1.65e-001  1.61e-004  4.54e-004  
7.87466e+016 2.61e-021  7.73e-001  2.18e-006  0.00e+000  0.00e+000  0.00e+000  1.24e-004  4.40e-002  1.41e-001  7.66e-005  2.97e-004  
1.06312e+017 6.04e-021  9.23e-001  1.05e-006  0.00e+000  0.00e+000  0.00e+000  2.78e-005  3.81e-003  5.48e-002  1.66e-005  8.60e-005  
1.09855e+017 4.93e-021  9.09e-001  2.31e-006  0.00e+000  0.00e+000  4.62e-013  3.12e-005  3.55e-003  6.45e-002  2.19e-005  1.33e-004  
1.10673e+017 4.45e-021  8.99e-001  3.33e-006  0.00e+000  0.00e+000  6.92e-006  3.44e-005  3.73e-003  7.08e-002  2.56e-005  1.61e-004  
1.11398e+017 4.89e-021  7.23e-001  4.13e-006  0.00e+000  0.00e+000  1.85e-001  3.70e-005  3.80e-003  6.37e-002  2.94e-005  1.60e-004  
1.12221e+017 3.88e-020  7.71e-002  8.38e-007  6.99e-076  0.00e+000  9.11e-001  1.18e-005  1.12e-003  8.00e-003  1.02e-005  2.25e-005  
1.12812e+017 1.58e-019  1.64e-002  3.16e-007  3.84e-065  0.00e+000  9.80e-001  7.65e-006  6.83e-004  1.96e-003  7.08e-006  5.94e-006  
1.13349e+017 4.21e-019  5.39e-003  1.90e-007  5.23e-048  0.00e+000  9.93e-001  5.80e-006  4.80e-004  7.44e-004  5.73e-006  2.36e-006  
1.13938e+017 1.04e-018  1.86e-003  1.44e-007  2.24e-028  0.00e+000  9.97e-001  3.66e-006  2.74e-004  3.05e-004  3.91e-006  1.01e-006  
1.14626e+017 2.76e-018  5.72e-004  1.28e-007  9.27e-019  0.00e+000  9.99e-001  1.84e-006  1.20e-004  1.17e-004  2.15e-006  4.13e-007  
1.15112e+017 5.10e-018  2.69e-004  1.33e-007  3.65e-008  2.94e-064  1.00e+000  1.16e-006  6.72e-005  6.43e-005  1.46e-006  2.43e-007  
1.15530e+017 8.42e-018  1.45e-004  1.39e-007  6.29e-005  6.21e-049  1.00e+000  8.00e-007  4.18e-005  3.93e-005  1.08e-006  1.61e-007  
1.16007e+017 1.47e-017  7.44e-005  1.34e-007  1.06e-002  3.52e-036  9.89e-001  5.49e-007  2.52e-005  2.28e-005  7.98e-007  1.07e-007  
1.16507e+017 2.85e-017  3.48e-005  9.83e-008  1.36e-001  6.57e-023  8.64e-001  3.62e-007  1.45e-005  1.18e-005  5.69e-007  6.85e-008  
1.17040e+017 6.82e-017  1.31e-005  5.00e-008  3.86e-001  1.61e-012  6.14e-001  2.29e-007  8.28e-006  5.00e-006  3.53e-007  3.93e-008  
1.17511e+017 1.58e-016  5.25e-006  2.35e-008  5.87e-001  7.55e-008  4.13e-001  1.83e-007  5.11e-006  2.19e-006  2.36e-007  2.59e-008  
1.17806e+017 2.57e-016  3.08e-006  1.47e-008  6.69e-001  8.51e-007  3.31e-001  1.96e-007  4.16e-006  1.36e-006  2.02e-007  2.25e-008  
1.18134e+017 4.25e-016  1.79e-006  8.92e-009  7.29e-001  5.58e-005  2.71e-001  2.54e-007  3.72e-006  8.31e-007  1.90e-007  2.15e-008  
1.18488e+017 7.02e-016  1.05e-006  5.27e-009  7.72e-001  9.21e-004  2.27e-001  4.02e-007  3.68e-006  5.13e-007  2.00e-007  2.27e-008  
1.18867e+017 1.21e-015  5.96e-007  2.87e-009  8.09e-001  4.52e-003  1.87e-001  7.04e-007  3.82e-006  3.08e-007  2.22e-007  2.50e-008  
1.19273e+017 2.07e-015  3.48e-007  1.45e-009  8.27e-001  1.40e-002  1.59e-001  1.37e-006  4.25e-006  1.88e-007  2.65e-007  2.91e-008  
1.19721e+017 3.62e-015  2.07e-007  7.13e-010  8.29e-001  3.37e-002  1.37e-001  2.79e-006  4.89e-006  1.15e-007  3.32e-007  3.54e-008  
1.20205e+017 6.30e-015  1.29e-007  3.91e-010  8.21e-001  6.04e-002  1.18e-001  5.66e-006  5.72e-006  7.20e-008  4.27e-007  4.51e-008  
1.20720e+017 1.06e-014  8.39e-008  3.48e-010  8.14e-001  8.58e-002  1.00e-001  1.07e-005  6.76e-006  4.84e-008  5.61e-007  5.97e-008  
1.21274e+017 1.69e-014  6.04e-008  5.88e-010  8.06e-001  1.10e-001  8.41e-002  1.79e-005  8.06e-006  4.15e-008  7.46e-007  8.23e-008  
1.21854e+017 2.56e-014  7.73e-008  2.10e-009  7.93e-001  1.35e-001  7.26e-002  2.53e-005  9.49e-006  7.50e-008  9.92e-007  1.16e-007  
1.22444e+017 3.59e-014  4.30e-008  1.28e-009  7.78e-001  1.57e-001  6.44e-002  3.26e-005  1.16e-005  3.35e-007  1.38e-006  1.70e-007  
1.22701e+017 1.60e+006  1.00e+000  7.06e-020  1.51e-026  0.00e+000  2.26e-029  0.00e+000  3.30e-025  8.31e-026  0.00e+000  0.00e+000  
