! 0       H + H2O -> OH + H + H
! 1       H + CO -> OH + C
! 2       H + CO2 -> CO + OH
! 3       H2 + O -> OH + H
! 4       H + H2O -> OH + H2
! 5       H + O2 -> OH + O
! 6       O + CH4 -> OH + CH3
! 7       O + H2O -> OH + OH
! 8       O + NH3 -> OH + NH2
! 9       O + H2CO -> HCO + OH
! 10      H3O+ + e- -> OH + H + H
! 11      H3O+ + e- -> OH + H2
! 12      H + OCN -> OH + CN
! 13      *H + *O -> OH
! 14      O + HS+ -> OH + S+
!            tot_rate   0          1          2          3          4          5          6          7          8          9          10         11         12         13         14         
1.34508e+014 3.73e-014  0.00e+000  0.00e+000  0.00e+000  0.00e+000  0.00e+000  0.00e+000  0.00e+000  0.00e+000  0.00e+000  2.56e-051  7.84e-001  1.38e-001  3.17e-002  7.00e-003  2.95e-004  
8.00271e+015 3.73e-014  0.00e+000  0.00e+000  0.00e+000  0.00e+000  0.00e+000  0.00e+000  0.00e+000  0.00e+000  0.00e+000  2.55e-051  7.83e-001  1.38e-001  3.19e-002  7.00e-003  2.95e-004  
7.87466e+016 3.72e-014  0.00e+000  0.00e+000  0.00e+000  0.00e+000  0.00e+000  0.00e+000  0.00e+000  0.00e+000  0.00e+000  3.04e-051  7.83e-001  1.38e-001  3.18e-002  1.08e-002  3.15e-004  
1.06312e+017 3.32e-014  0.00e+000  0.00e+000  0.00e+000  0.00e+000  0.00e+000  0.00e+000  0.00e+000  0.00e+000  0.00e+000  1.98e-047  7.62e-001  1.34e-001  3.46e-002  3.43e-002  6.05e-004  
1.09855e+017 3.31e-014  0.00e+000  0.00e+000  0.00e+000  0.00e+000  0.00e+000  0.00e+000  0.00e+000  0.00e+000  0.00e+000  4.35e-042  7.73e-001  1.36e-001  3.38e-002  2.32e-002  6.91e-004  
1.10673e+017 3.32e-014  0.00e+000  0.00e+000  0.00e+000  0.00e+000  0.00e+000  0.00e+000  0.00e+000  0.00e+000  0.00e+000  7.16e-040  7.77e-001  1.37e-001  3.31e-002  1.99e-002  7.10e-004  
1.11398e+017 3.32e-014  0.00e+000  0.00e+000  0.00e+000  0.00e+000  0.00e+000  0.00e+000  0.00e+000  0.00e+000  0.00e+000  1.90e-037  7.80e-001  1.37e-001  3.19e-002  1.70e-002  7.32e-004  
1.12221e+017 3.30e-014  0.00e+000  0.00e+000  0.00e+000  3.42e-077  0.00e+000  0.00e+000  0.00e+000  0.00e+000  0.00e+000  4.21e-034  7.84e-001  1.38e-001  3.09e-002  1.40e-002  7.69e-004  
1.12812e+017 3.25e-014  0.00e+000  0.00e+000  0.00e+000  4.16e-070  0.00e+000  0.00e+000  0.00e+000  0.00e+000  0.00e+000  2.68e-031  7.85e-001  1.38e-001  3.02e-002  1.21e-002  8.59e-004  
1.13349e+017 3.17e-014  0.00e+000  0.00e+000  0.00e+000  4.73e-063  0.00e+000  0.00e+000  9.94e-082  0.00e+000  5.15e-082  1.67e-028  7.86e-001  1.38e-001  2.97e-002  1.06e-002  1.30e-003  
1.13938e+017 3.06e-014  0.00e+000  0.00e+000  0.00e+000  8.95e-055  0.00e+000  0.00e+000  9.28e-072  0.00e+000  1.05e-071  3.16e-025  7.84e-001  1.38e-001  2.92e-002  9.21e-003  3.85e-003  
1.14626e+017 2.97e-014  0.00e+000  0.00e+000  0.00e+000  8.66e-045  0.00e+000  0.00e+000  9.77e-060  0.00e+000  2.64e-059  2.85e-021  7.75e-001  1.36e-001  2.83e-002  7.65e-003  1.55e-002  
1.15112e+017 2.91e-014  0.00e+000  0.00e+000  0.00e+000  8.90e-038  0.00e+000  0.00e+000  2.70e-051  0.00e+000  1.23e-050  1.71e-018  7.66e-001  1.35e-001  2.75e-002  6.70e-003  2.69e-002  
1.15530e+017 2.84e-014  0.00e+000  0.00e+000  0.00e+000  6.12e-032  0.00e+000  0.00e+000  2.97e-044  0.00e+000  1.88e-043  3.52e-016  7.63e-001  1.34e-001  2.70e-002  6.05e-003  3.11e-002  
1.16007e+017 2.78e-014  0.00e+000  0.00e+000  0.00e+000  1.04e-025  0.00e+000  7.13e-068  1.09e-036  6.48e-076  8.00e-036  1.05e-013  7.64e-001  1.34e-001  2.63e-002  5.40e-003  3.14e-002  
1.16507e+017 2.75e-014  0.00e+000  0.00e+000  0.00e+000  7.80e-020  4.68e-067  2.28e-053  1.75e-029  1.44e-060  1.09e-028  2.24e-011  7.66e-001  1.35e-001  2.51e-002  4.79e-003  3.05e-002  
1.17040e+017 3.01e-014  0.00e+000  0.00e+000  2.43e-068  1.64e-014  1.57e-051  2.47e-040  7.29e-023  9.78e-047  2.97e-022  2.75e-009  7.75e-001  1.36e-001  2.17e-002  3.86e-003  2.67e-002  
1.17511e+017 3.26e-014  0.00e+000  0.00e+000  1.98e-053  1.06e-010  1.52e-040  3.77e-031  4.51e-018  5.98e-037  1.23e-017  8.59e-008  7.82e-001  1.38e-001  1.90e-002  3.22e-003  2.36e-002  
1.17806e+017 3.44e-014  0.00e+000  0.00e+000  7.71e-046  9.60e-009  6.11e-035  1.71e-026  1.38e-015  5.88e-032  3.08e-015  5.03e-007  7.86e-001  1.38e-001  1.74e-002  2.88e-003  2.18e-002  
1.18134e+017 3.65e-014  0.00e+000  0.00e+000  7.37e-039  6.27e-007  9.20e-030  3.07e-022  2.85e-013  2.42e-027  5.48e-013  2.61e-006  7.89e-001  1.39e-001  1.58e-002  2.55e-003  1.99e-002  
1.18488e+017 3.90e-014  0.00e+000  0.00e+000  1.16e-032  2.64e-005  4.05e-025  1.73e-018  3.41e-011  3.39e-023  6.00e-011  1.14e-005  7.90e-001  1.39e-001  1.42e-002  2.25e-003  1.80e-002  
1.18867e+017 4.17e-014  0.00e+000  0.00e+000  3.96e-027  7.75e-004  6.62e-021  3.60e-015  2.54e-009  1.98e-019  4.27e-009  4.46e-005  7.89e-001  1.39e-001  1.27e-002  1.97e-003  1.62e-002  
1.19273e+017 4.55e-014  0.00e+000  0.00e+000  4.48e-022  1.76e-002  5.36e-017  3.56e-012  1.31e-007  6.28e-016  2.16e-007  1.61e-004  7.71e-001  1.36e-001  1.11e-002  1.69e-003  1.41e-002  
1.19721e+017 6.54e-014  9.69e-074  0.00e+000  1.73e-017  2.63e-001  1.96e-013  1.57e-009  3.87e-006  9.57e-013  6.48e-006  4.48e-004  5.70e-001  1.00e-001  7.27e-003  1.09e-003  9.20e-003  
1.20205e+017 3.30e-013  2.14e-058  0.00e+000  4.85e-014  8.40e-001  7.83e-011  8.31e-008  2.01e-005  1.77e-010  3.52e-005  3.49e-004  1.20e-001  2.11e-002  1.35e-003  2.08e-004  1.68e-003  
1.20720e+017 3.05e-012  2.52e-046  1.23e-069  1.33e-011  9.81e-001  4.76e-009  8.26e-007  3.15e-005  5.74e-009  5.67e-005  1.38e-004  1.36e-002  2.39e-003  1.35e-004  2.27e-005  1.64e-004  
1.21274e+017 2.23e-011  7.41e-037  1.03e-055  9.47e-010  9.97e-001  1.15e-007  4.01e-006  3.83e-005  8.26e-008  6.33e-005  6.33e-005  1.98e-003  3.48e-004  1.69e-005  3.17e-006  1.95e-005  
1.21854e+017 1.07e-010  7.58e-030  1.85e-045  2.11e-008  9.99e-001  1.32e-006  1.18e-005  4.29e-005  6.15e-007  5.57e-005  3.61e-005  4.52e-004  7.96e-005  3.20e-006  6.12e-007  3.32e-006  
1.22444e+017 3.12e-010  6.15e-025  2.30e-038  1.83e-007  9.99e-001  8.74e-006  2.58e-005  4.55e-005  2.66e-006  4.29e-005  2.43e-005  1.79e-004  3.16e-005  1.04e-006  1.52e-007  8.23e-007  
1.22701e+017 2.57e-008  8.53e-001  1.27e-001  1.28e-002  0.00e+000  5.45e-003  1.92e-003  3.64e-004  2.23e-004  4.05e-005  1.10e-005  2.36e-006  4.17e-007  6.00e-008  0.00e+000  0.00e+000  
