! 0       O + C2H3 -> CH2CO + H
! 1       O + CH2CCH2 -> CH2 + CH2CO
! 2       O + C2H4 -> CH2CO + H2
! 3       OH + C2H2 -> CH2CO + H
! 4       *CH2CO + He -> CH2CO + He
! 5       CH3CO+ + e- -> CH2CO + H
! 6       *CH2CO + H2 -> CH2CO + H2
! 7       *CH2CO + CO -> CH2CO + CO
! 8       HOCO + CH3 -> H2O + CH2CO
! 9       CH3CO+ + GRAIN -> CH2CO + H + GRAIN
!            tot_rate   0          1          2          3          4          5          6          7          8          9          
1.34508e+014 1.36e-017  4.77e-001  8.91e-031  2.55e-008  0.00e+000  0.00e+000  5.16e-001  0.00e+000  0.00e+000  5.86e-005  6.92e-004  
8.00271e+015 1.36e-017  4.77e-001  8.93e-031  2.55e-008  0.00e+000  0.00e+000  5.16e-001  0.00e+000  0.00e+000  5.87e-005  6.93e-004  
7.87466e+016 1.07e-017  5.96e-001  1.25e-030  3.27e-008  0.00e+000  0.00e+000  3.98e-001  0.00e+000  0.00e+000  8.01e-005  5.17e-004  
1.06312e+017 6.51e-018  8.32e-001  4.92e-028  1.17e-007  0.00e+000  0.00e+000  1.63e-001  0.00e+000  0.00e+000  1.78e-004  3.57e-004  
1.09855e+017 6.03e-018  8.53e-001  1.29e-024  3.94e-007  0.00e+000  0.00e+000  1.40e-001  0.00e+000  1.16e-014  2.02e-004  3.98e-004  
1.10673e+017 5.91e-018  8.59e-001  3.33e-023  6.51e-007  0.00e+000  0.00e+000  1.35e-001  0.00e+000  1.40e-009  2.08e-004  4.18e-004  
1.11398e+017 5.81e-018  8.62e-001  1.16e-021  1.13e-006  0.00e+000  0.00e+000  1.32e-001  0.00e+000  3.84e-007  2.13e-004  4.49e-004  
1.12221e+017 5.82e-018  8.49e-001  1.50e-019  2.41e-006  0.00e+000  2.89e-067  1.45e-001  0.00e+000  4.98e-006  2.16e-004  5.58e-004  
1.12812e+017 6.08e-018  8.06e-001  8.29e-018  4.39e-006  0.00e+000  1.89e-057  1.88e-001  0.00e+000  1.63e-005  2.11e-004  8.11e-004  
1.13349e+017 6.62e-018  7.36e-001  4.31e-016  7.79e-006  0.00e+000  2.66e-042  2.58e-001  0.00e+000  3.66e-005  1.99e-004  1.20e-003  
1.13938e+017 7.39e-018  6.63e-001  4.32e-014  1.56e-005  0.00e+000  1.23e-025  3.31e-001  0.00e+000  7.62e-005  1.85e-004  1.65e-003  
1.14626e+017 8.26e-018  6.07e-001  1.12e-011  3.86e-005  9.40e-074  1.71e-017  3.88e-001  4.86e-071  1.71e-004  1.73e-004  2.10e-003  
1.15112e+017 8.83e-018  5.81e-001  5.53e-010  7.75e-005  6.55e-063  1.93e-009  4.13e-001  4.16e-049  2.88e-004  1.68e-004  2.37e-003  
1.15530e+017 9.33e-018  5.65e-001  1.39e-008  1.44e-004  6.26e-054  7.63e-007  4.29e-001  2.09e-037  4.40e-004  1.63e-004  2.59e-003  
1.16007e+017 9.90e-018  5.53e-001  4.25e-007  2.95e-004  2.12e-044  4.39e-005  4.40e-001  1.28e-027  6.98e-004  1.59e-004  2.86e-003  
1.16507e+017 1.05e-017  5.46e-001  1.03e-005  6.24e-004  1.73e-035  4.49e-004  4.46e-001  7.29e-018  1.09e-003  1.55e-004  3.14e-003  
1.17040e+017 1.13e-017  5.44e-001  1.79e-004  1.34e-003  1.83e-027  1.99e-003  4.45e-001  1.25e-010  1.70e-003  1.51e-004  3.38e-003  
1.17511e+017 1.22e-017  5.49e-001  1.30e-003  2.51e-003  8.19e-022  5.44e-003  4.34e-001  2.29e-007  2.40e-003  1.46e-004  3.57e-003  
1.17806e+017 1.29e-017  5.54e-001  3.49e-003  3.54e-003  5.90e-019  8.97e-003  4.21e-001  1.88e-006  2.94e-003  1.42e-004  3.62e-003  
1.18134e+017 1.40e-017  5.65e-001  8.34e-003  4.94e-003  2.37e-016  1.43e-002  3.98e-001  3.57e-005  3.61e-003  1.35e-004  3.63e-003  
1.18488e+017 1.57e-017  5.81e-001  1.74e-002  6.68e-003  4.53e-014  2.16e-002  3.63e-001  2.60e-004  4.42e-003  1.26e-004  3.50e-003  
1.18867e+017 1.84e-017  6.02e-001  3.14e-002  8.62e-003  4.47e-012  3.20e-002  3.15e-001  9.27e-004  5.28e-003  1.14e-004  3.26e-003  
1.19273e+017 2.31e-017  6.28e-001  5.02e-002  1.07e-002  2.67e-010  4.37e-002  2.55e-001  2.45e-003  6.06e-003  9.83e-005  2.83e-003  
1.19721e+017 3.08e-017  6.52e-001  7.26e-002  1.30e-002  1.08e-008  5.58e-002  1.91e-001  5.19e-003  6.78e-003  8.20e-005  2.31e-003  
1.20205e+017 4.33e-017  6.70e-001  9.59e-002  1.54e-002  2.43e-007  6.56e-002  1.34e-001  8.85e-003  7.03e-003  6.68e-005  1.79e-003  
1.20720e+017 6.16e-017  6.79e-001  1.20e-001  1.79e-002  2.92e-006  7.23e-002  9.06e-002  1.22e-002  6.63e-003  5.47e-005  1.34e-003  
1.21274e+017 8.67e-017  6.76e-001  1.49e-001  2.08e-002  3.12e-005  7.27e-002  5.93e-002  1.48e-002  5.76e-003  4.71e-005  9.81e-004  
1.21854e+017 1.16e-016  6.55e-001  1.94e-001  2.37e-002  3.68e-004  6.59e-002  3.89e-002  1.55e-002  4.59e-003  5.19e-005  7.26e-004  
1.22444e+017 1.40e-016  6.12e-001  2.74e-001  2.57e-002  2.32e-003  4.25e-002  2.76e-002  1.14e-002  2.69e-003  9.62e-005  5.86e-004  
1.22701e+017 8.05e-016  4.94e-001  3.17e-001  9.33e-002  9.07e-002  2.63e-010  4.50e-003  0.00e+000  3.53e-013  1.21e-004  0.00e+000  
