! 0       *CH + *CH3 -> C2H4
! 1       O + CH2CCH2 -> CO + C2H4
! 2       H2O + C2H5+ -> C2H4 + H3O+
! 3       CH + CH4 -> C2H4 + H
! 4       C2H5+ + e- -> C2H4 + H
! 5       NH3 + C2H5+ -> C2H4 + NH4+
! 6       CH3CH3 + CRPhoton -> C2H4 + H2
! 7       C2H5+ + GRAIN -> C2H4 + H + GRAIN
! 8       HNC + C2H5+ -> C2H4 + HCNH+
! 9       C2H5 + H2 -> C2H4 + H + H2
! 10      CH3CHCH2 + ISPhoton -> C2H4 + CH2
! 11      C3H7+ + e- -> C2H4 + CH2 + H
! 12      CH3CHCH2 + CRPhoton -> C2H4 + CH2
! 13      CH3CHCH2 + C+ -> C2H4 + C2H2+
! 14      *H + *C2H3 -> C2H4
!            tot_rate   0          1          2          3          4          5          6          7          8          9          10         11         12         13         14         
1.34508e+014 2.12e-017  2.44e-009  1.11e-007  3.25e-003  2.56e-001  4.51e-002  3.37e-003  3.98e-002  1.33e-004  2.33e-004  0.00e+000  4.18e-001  9.16e-002  4.96e-002  4.40e-002  1.39e-002  
8.00271e+015 2.12e-017  2.44e-009  1.11e-007  3.25e-003  2.56e-001  4.51e-002  3.37e-003  3.98e-002  1.33e-004  2.33e-004  0.00e+000  4.18e-001  9.17e-002  4.96e-002  4.40e-002  1.39e-002  
7.87466e+016 2.10e-017  1.81e-009  1.13e-007  2.51e-003  2.59e-001  4.74e-002  2.62e-003  4.00e-002  1.44e-004  1.69e-004  0.00e+000  4.20e-001  8.97e-002  4.96e-002  4.63e-002  1.70e-002  
1.06312e+017 2.14e-017  9.71e-010  2.41e-007  1.62e-003  2.87e-001  5.32e-002  1.67e-003  3.89e-002  4.76e-004  1.05e-004  0.00e+000  4.08e-001  5.74e-002  4.85e-002  5.46e-002  3.13e-002  
1.09855e+017 2.23e-017  1.00e-009  7.26e-007  1.28e-003  3.34e-001  5.38e-002  1.32e-003  3.73e-002  6.86e-004  8.29e-005  0.00e+000  3.92e-001  3.81e-002  4.66e-002  5.56e-002  2.34e-002  
1.10673e+017 2.28e-017  1.04e-009  1.16e-006  1.19e-003  3.54e-001  5.26e-002  1.22e-003  3.65e-002  7.58e-004  7.67e-005  0.00e+000  3.83e-001  3.41e-002  4.56e-002  5.52e-002  2.09e-002  
1.11398e+017 2.35e-017  1.09e-009  1.93e-006  1.12e-003  3.76e-001  5.28e-002  1.15e-003  3.54e-002  8.55e-004  7.28e-005  0.00e+000  3.72e-001  3.10e-002  4.43e-002  5.28e-002  1.85e-002  
1.12221e+017 2.52e-017  1.14e-009  3.86e-006  1.22e-003  4.17e-001  6.04e-002  1.25e-003  3.31e-002  1.15e-003  7.87e-005  0.00e+000  3.47e-001  2.70e-002  4.13e-002  4.05e-002  1.54e-002  
1.12812e+017 2.82e-017  1.14e-009  6.60e-006  1.56e-003  4.72e-001  7.91e-002  1.60e-003  2.96e-002  1.74e-003  1.01e-004  0.00e+000  3.10e-001  2.29e-002  3.69e-002  1.95e-002  1.26e-002  
1.13349e+017 3.36e-017  1.09e-009  1.08e-005  1.93e-003  5.29e-001  1.05e-001  1.97e-003  2.49e-002  2.54e-003  1.25e-004  0.00e+000  2.60e-001  1.92e-002  3.09e-002  3.66e-003  9.69e-003  
1.13938e+017 4.18e-017  9.84e-010  1.97e-005  2.08e-003  5.77e-001  1.28e-001  2.13e-003  2.02e-002  3.33e-003  1.36e-004  0.00e+000  2.09e-001  1.64e-002  2.49e-002  2.04e-004  7.16e-003  
1.14626e+017 5.12e-017  9.91e-010  4.54e-005  2.01e-003  6.12e-001  1.44e-001  2.05e-003  1.68e-002  4.07e-003  1.33e-004  0.00e+000  1.71e-001  1.45e-002  2.03e-002  5.65e-005  5.20e-003  
1.15112e+017 5.77e-017  9.41e-010  8.79e-005  1.89e-003  6.29e-001  1.53e-001  1.94e-003  1.53e-002  4.59e-003  1.27e-004  0.00e+000  1.51e-001  1.38e-002  1.80e-002  3.21e-005  4.26e-003  
1.15530e+017 6.49e-017  8.15e-010  1.56e-004  1.74e-003  6.48e-001  1.56e-001  1.80e-003  1.41e-002  4.96e-003  1.20e-004  0.00e+000  1.34e-001  1.31e-002  1.60e-002  2.08e-005  3.56e-003  
1.16007e+017 7.87e-017  5.50e-010  2.87e-004  1.51e-003  6.85e-001  1.50e-001  1.55e-003  1.26e-002  5.19e-003  1.13e-004  0.00e+000  1.11e-001  1.17e-002  1.32e-002  1.50e-005  2.76e-003  
1.16507e+017 1.08e-016  2.57e-010  4.85e-004  1.19e-003  7.43e-001  1.33e-001  1.25e-003  1.10e-002  4.99e-003  1.10e-004  0.00e+000  8.07e-002  9.33e-003  9.61e-003  1.11e-005  1.88e-003  
1.17040e+017 1.73e-016  8.10e-011  7.29e-004  9.09e-004  8.04e-001  1.11e-001  1.02e-003  1.02e-002  4.53e-003  1.22e-004  0.00e+000  5.06e-002  6.42e-003  6.02e-003  7.00e-006  1.13e-003  
1.17511e+017 2.76e-016  2.52e-011  9.48e-004  7.71e-004  8.40e-001  9.92e-002  1.07e-003  1.11e-002  4.38e-003  1.75e-004  4.52e-064  3.17e-002  4.42e-003  3.76e-003  4.45e-006  6.91e-004  
1.17806e+017 3.70e-016  1.22e-011  1.09e-003  7.68e-004  8.50e-001  9.74e-002  1.31e-003  1.24e-002  4.52e-003  2.45e-004  1.49e-054  2.37e-002  3.49e-003  2.81e-003  3.38e-006  5.17e-004  
1.18134e+017 5.02e-016  4.98e-012  1.24e-003  9.26e-004  8.50e-001  1.01e-001  1.96e-003  1.47e-002  4.96e-003  3.82e-004  7.44e-046  1.75e-002  2.75e-003  2.07e-003  2.51e-006  3.84e-004  
1.18488e+017 6.80e-016  1.84e-012  1.43e-003  1.35e-003  8.39e-001  1.11e-001  3.43e-003  1.84e-002  5.78e-003  6.46e-004  3.47e-038  1.29e-002  2.18e-003  1.53e-003  1.88e-006  2.93e-004  
1.18867e+017 8.89e-016  6.81e-013  1.71e-003  2.50e-003  8.11e-001  1.29e-001  6.76e-003  2.42e-002  7.20e-003  1.17e-003  2.17e-031  9.92e-003  1.80e-003  1.18e-003  1.46e-006  2.36e-004  
1.19273e+017 1.07e-015  2.68e-013  2.32e-003  5.81e-003  7.49e-001  1.65e-001  1.50e-002  3.54e-002  9.92e-003  2.32e-003  3.52e-025  8.30e-003  1.63e-003  9.82e-004  1.23e-006  2.12e-004  
1.19721e+017 1.04e-015  1.44e-013  4.14e-003  1.79e-002  5.77e-001  2.54e-001  4.11e-002  6.45e-002  1.65e-002  5.47e-003  2.43e-019  8.60e-003  1.83e-003  1.02e-003  1.26e-006  2.37e-004  
1.20205e+017 8.97e-016  1.18e-013  8.92e-003  6.11e-002  1.94e-001  4.17e-001  1.17e-001  1.30e-001  3.00e-002  1.29e-002  3.45e-014  1.02e-002  2.39e-003  1.22e-003  1.43e-006  2.88e-004  
1.20720e+017 1.17e-015  1.54e-013  1.35e-002  1.23e-001  2.34e-002  4.13e-001  1.84e-001  1.64e-001  3.30e-002  1.64e-002  3.90e-010  8.14e-003  2.17e-003  9.68e-004  1.07e-006  2.02e-004  
1.21274e+017 1.70e-015  6.63e-013  1.96e-002  1.97e-001  6.46e-003  3.32e-001  2.09e-001  1.65e-001  2.97e-002  1.48e-002  5.84e-007  5.99e-003  1.93e-003  7.10e-004  7.45e-007  1.04e-004  
1.21854e+017 2.32e-015  2.40e-011  3.14e-002  2.94e-001  2.53e-003  2.60e-001  1.97e-001  1.52e-001  2.63e-002  1.20e-002  1.41e-004  4.95e-003  2.13e-003  5.85e-004  5.89e-007  4.82e-005  
1.22444e+017 3.02e-015  3.58e-010  5.17e-002  4.04e-001  1.30e-003  1.98e-001  1.57e-001  1.26e-001  2.27e-002  9.22e-003  6.50e-003  4.87e-003  2.82e-003  5.77e-004  5.57e-007  1.74e-005  
1.22701e+017 2.19e-007  1.00e+000  5.57e-009  0.00e+000  7.49e-011  2.65e-009  0.00e+000  0.00e+000  0.00e+000  0.00e+000  0.00e+000  0.00e+000  5.16e-011  0.00e+000  0.00e+000  0.00e+000  
