! 0       *H + *HOCO -> *HCOOH
! 1       HCOOH + GRAIN -> *HCOOH + GRAIN
! 2       *OH + *HCO -> *HCOOH
! 3       *O + *CH2OH -> *HCOOH + *H
!            tot_rate   0          1          2          3          
1.34508e+014 2.74e-015  1.00e+000  1.75e-004  1.92e-012  3.76e-022  
8.00271e+015 2.74e-015  1.00e+000  1.75e-004  1.92e-012  3.76e-022  
7.87466e+016 4.17e-015  1.00e+000  2.69e-004  1.91e-012  3.91e-022  
1.06312e+017 1.24e-014  1.00e+000  3.27e-004  1.96e-012  4.48e-022  
1.09855e+017 1.08e-014  1.00e+000  2.55e-004  2.10e-012  7.14e-022  
1.10673e+017 1.02e-014  1.00e+000  2.32e-004  2.16e-012  9.12e-022  
1.11398e+017 9.52e-015  1.00e+000  2.12e-004  2.25e-012  1.25e-021  
1.12221e+017 8.61e-015  1.00e+000  1.92e-004  2.42e-012  2.14e-021  
1.12812e+017 7.85e-015  1.00e+000  1.78e-004  2.57e-012  3.59e-021  
1.13349e+017 7.10e-015  1.00e+000  1.69e-004  2.79e-012  6.55e-021  
1.13938e+017 6.47e-015  1.00e+000  1.54e-004  3.59e-013  1.47e-020  
1.14626e+017 5.32e-015  1.00e+000  1.51e-004  3.68e-012  5.30e-020  
1.15112e+017 4.73e-015  1.00e+000  1.47e-004  4.23e-012  1.50e-019  
1.15530e+017 4.28e-015  1.00e+000  1.45e-004  4.86e-012  4.13e-019  
1.16007e+017 3.86e-015  1.00e+000  1.47e-004  5.80e-012  1.46e-018  
1.16507e+017 3.50e-015  1.00e+000  1.55e-004  7.11e-012  5.97e-018  
1.17040e+017 3.21e-015  1.00e+000  1.76e-004  8.97e-012  2.84e-017  
1.17511e+017 3.02e-015  1.00e+000  2.12e-004  1.11e-011  1.10e-016  
1.17806e+017 2.93e-015  1.00e+000  2.51e-004  1.27e-011  2.46e-016  
1.18134e+017 2.86e-015  1.00e+000  3.22e-004  1.52e-011  6.75e-016  
1.18488e+017 2.81e-015  1.00e+000  4.55e-004  1.91e-011  2.11e-015  
1.18867e+017 2.78e-015  9.99e-001  7.01e-004  2.49e-011  6.47e-015  
1.19273e+017 2.78e-015  9.99e-001  1.17e-003  3.45e-011  1.86e-014  
1.19721e+017 2.82e-015  9.98e-001  2.08e-003  5.68e-011  4.94e-014  
1.20205e+017 2.90e-015  9.96e-001  3.79e-003  1.31e-010  1.20e-013  
1.20720e+017 3.01e-015  9.93e-001  6.97e-003  5.91e-010  2.70e-013  
1.21274e+017 3.04e-015  9.87e-001  1.34e-002  9.57e-009  5.30e-013  
1.21854e+017 2.84e-015  9.72e-001  2.84e-002  1.80e-006  6.83e-013  
1.22444e+017 1.69e-015  8.93e-001  1.07e-001  6.09e-006  2.88e-013  
1.22701e+017 8.32e+010  1.00e+000  5.32e-026  0.00e+000  0.00e+000  
