! 0       *O + *CH -> HCO
! 1       H + H2CO -> HCO + H2
! 2       O + H2CO -> HCO + OH
! 3       OH + H2CO -> HCO + H2O
! 4       CH2 + O -> HCO + H
! 5       HCO+ + GRAIN -> HCO + GRAIN
! 6       CH2 + O2 -> HCO + OH
! 7       O + C2H4 -> HCO + CH3
! 8       *H + *CO -> HCO
! 9       O + CH2CCH2 -> HCO + C2H3
! 10      H2CO+ + e- -> HCO + H
! 11      H3CO+ + e- -> HCO + H + H
! 12      CH + O2 -> HCO + O
! 13      C2H + O2 -> HCO + CO
!            tot_rate   0          1          2          3          4          5          6          7          8          9          10         11         12         13         
1.34508e+014 2.29e-015  4.41e-010  7.68e-056  4.16e-050  1.87e-003  6.03e-003  2.41e-002  2.31e-032  2.64e-013  6.64e-001  9.39e-010  3.45e-002  1.56e-001  4.45e-002  2.98e-002  
8.00271e+015 2.29e-015  4.41e-010  7.68e-056  4.16e-050  1.87e-003  6.03e-003  2.41e-002  2.31e-032  2.64e-013  6.64e-001  9.39e-010  3.45e-002  1.56e-001  4.45e-002  2.98e-002  
7.87466e+016 2.13e-015  5.48e-010  9.99e-056  5.30e-050  2.03e-003  6.28e-003  2.57e-002  2.68e-032  2.90e-013  6.98e-001  1.02e-009  3.05e-002  1.24e-001  4.78e-002  3.20e-002  
1.06312e+017 1.96e-015  9.33e-010  1.73e-051  3.35e-046  2.27e-003  4.66e-003  5.50e-002  3.45e-030  1.56e-012  7.70e-001  2.42e-009  1.31e-002  4.67e-002  4.84e-002  3.42e-002  
1.09855e+017 1.59e-015  8.31e-010  1.97e-045  9.07e-041  2.82e-003  5.03e-003  9.38e-002  5.69e-027  1.93e-011  7.12e-001  9.38e-009  1.30e-002  4.45e-002  5.48e-002  4.05e-002  
1.10673e+017 1.46e-015  8.15e-010  6.42e-043  1.63e-038  3.07e-003  5.36e-003  1.12e-001  1.27e-025  5.49e-011  6.83e-001  1.66e-008  1.34e-002  4.49e-002  5.76e-002  4.31e-002  
1.11398e+017 1.35e-015  8.07e-010  3.55e-040  4.68e-036  3.32e-003  6.26e-003  1.35e-001  4.12e-024  1.71e-010  6.48e-001  3.08e-008  1.50e-002  4.50e-002  6.03e-002  4.56e-002  
1.12221e+017 1.25e-015  7.91e-010  2.10e-036  1.11e-032  3.57e-003  1.24e-002  1.66e-001  7.89e-022  7.98e-010  5.88e-001  7.10e-008  2.68e-002  4.45e-002  6.56e-002  4.74e-002  
1.12812e+017 1.24e-015  7.61e-010  2.84e-033  6.99e-030  3.61e-003  2.74e-002  1.88e-001  7.98e-020  2.79e-009  5.15e-001  1.38e-007  5.60e-002  4.25e-002  7.36e-002  4.63e-002  
1.13349e+017 1.29e-015  7.14e-010  3.59e-030  4.09e-027  3.47e-003  4.95e-002  2.03e-001  6.41e-018  9.38e-009  4.31e-001  2.59e-007  9.77e-002  3.92e-002  8.38e-002  4.30e-002  
1.13938e+017 1.36e-015  6.34e-010  1.55e-026  7.14e-024  3.29e-003  7.24e-002  2.22e-001  7.96e-016  3.93e-008  3.49e-001  5.56e-007  1.36e-001  3.54e-002  9.36e-002  3.89e-002  
1.14626e+017 1.40e-015  6.36e-010  4.02e-022  6.04e-020  3.18e-003  9.12e-002  2.54e-001  2.10e-013  2.38e-007  2.72e-001  1.52e-006  1.60e-001  3.14e-002  9.98e-002  3.51e-002  
1.15112e+017 1.43e-015  6.27e-010  5.17e-019  3.48e-017  3.13e-003  1.00e-001  2.85e-001  9.67e-012  8.76e-007  2.29e-001  3.26e-006  1.67e-001  2.87e-002  1.00e-001  3.26e-002  
1.15530e+017 1.45e-015  6.25e-010  2.03e-016  6.90e-015  3.08e-003  1.06e-001  3.17e-001  2.25e-010  2.68e-006  1.97e-001  6.42e-006  1.68e-001  2.63e-002  9.86e-002  3.03e-002  
1.16007e+017 1.49e-015  6.27e-010  1.21e-013  1.96e-012  2.99e-003  1.09e-001  3.58e-001  6.18e-009  9.08e-006  1.64e-001  1.40e-005  1.64e-001  2.37e-002  9.35e-002  2.75e-002  
1.16507e+017 1.55e-015  6.30e-010  5.10e-011  3.99e-010  2.88e-003  1.09e-001  4.05e-001  1.33e-007  3.02e-005  1.35e-001  3.11e-005  1.59e-001  2.15e-002  8.47e-002  2.43e-002  
1.17040e+017 1.67e-015  6.24e-010  1.28e-008  4.96e-008  2.67e-003  1.05e-001  4.45e-001  2.04e-006  9.35e-005  1.06e-001  6.95e-005  1.69e-001  2.18e-002  7.19e-002  2.04e-002  
1.17511e+017 1.81e-015  6.08e-010  6.80e-007  1.55e-006  2.48e-003  9.95e-002  4.81e-001  1.37e-005  2.20e-004  8.40e-002  1.33e-004  1.75e-001  2.19e-002  6.08e-002  1.71e-002  
1.17806e+017 1.92e-015  5.95e-010  5.27e-006  9.03e-006  2.36e-003  9.60e-002  5.02e-001  3.54e-005  3.49e-004  7.31e-002  1.93e-004  1.77e-001  2.19e-002  5.43e-002  1.51e-002  
1.18134e+017 2.05e-015  5.75e-010  3.60e-005  4.64e-005  2.24e-003  9.21e-002  5.26e-001  8.43e-005  5.41e-004  6.14e-002  2.79e-004  1.78e-001  2.17e-002  4.73e-002  1.30e-002  
1.18488e+017 2.22e-015  5.44e-010  2.03e-004  2.00e-004  2.12e-003  8.99e-002  5.48e-001  1.83e-004  8.18e-004  5.08e-002  4.00e-004  1.77e-001  2.14e-002  4.05e-002  1.07e-002  
1.18867e+017 2.45e-015  5.06e-010  9.91e-004  7.59e-004  2.02e-003  9.63e-002  5.63e-001  3.98e-004  1.20e-003  4.01e-002  5.71e-004  1.72e-001  2.11e-002  3.36e-002  8.28e-003  
1.19273e+017 2.86e-015  4.41e-010  4.34e-003  2.57e-003  2.16e-003  1.37e-001  5.53e-001  1.07e-003  1.67e-003  2.80e-002  7.94e-004  1.58e-001  1.97e-002  2.46e-002  5.53e-003  
1.19721e+017 3.84e-015  3.43e-010  1.68e-002  7.62e-003  2.18e-003  2.63e-001  4.74e-001  3.72e-003  2.07e-003  1.46e-002  1.03e-003  1.24e-001  1.63e-002  1.16e-002  2.59e-003  
1.20205e+017 5.71e-015  2.78e-010  5.76e-002  2.01e-002  2.21e-003  3.71e-001  3.70e-001  8.81e-003  2.33e-003  4.89e-003  1.29e-003  8.72e-002  1.24e-002  1.98e-003  7.11e-004  
1.20720e+017 8.17e-015  3.29e-010  1.88e-001  5.17e-002  2.69e-003  3.10e-001  2.94e-001  1.11e-002  2.67e-003  8.59e-004  1.77e-003  6.18e-002  1.01e-002  2.07e-004  8.69e-005  
1.21274e+017 1.49e-014  5.05e-010  4.35e-001  9.44e-002  4.31e-003  1.79e-001  1.77e-001  8.97e-003  2.33e-003  3.26e-005  2.05e-003  3.28e-002  6.60e-003  4.55e-005  3.64e-006  
1.21854e+017 3.47e-014  1.19e-009  6.55e-001  1.12e-001  1.00e-002  7.76e-002  8.10e-002  5.13e-003  1.49e-003  8.10e-008  1.93e-003  1.30e-002  3.52e-003  1.05e-005  6.17e-007  
1.22444e+017 7.86e-014  8.29e-010  7.78e-001  9.67e-002  1.70e-002  3.04e-002  3.55e-002  2.70e-003  8.29e-004  7.82e-009  1.82e-003  4.88e-003  1.96e-003  3.08e-006  1.77e-007  
1.22701e+017 9.81e-006  1.00e+000  3.09e-006  2.88e-008  2.26e-009  1.02e-009  0.00e+000  1.75e-010  1.65e-010  0.00e+000  1.14e-010  3.57e-011  1.74e-011  1.04e-013  5.07e-015  
