! 0       *H + *CH2CO -> *CH3CO
! 1       CH3CO + GRAIN -> *CH3CO + GRAIN
!            tot_rate   0          1          
1.34508e+014 1.51e-019  1.00e+000  8.34e-006  
8.00271e+015 1.51e-019  1.00e+000  8.34e-006  
7.87466e+016 1.90e-019  1.00e+000  1.55e-005  
1.06312e+017 5.15e-019  1.00e+000  2.49e-005  
1.09855e+017 4.20e-019  1.00e+000  2.13e-005  
1.10673e+017 3.77e-019  1.00e+000  2.03e-005  
1.11398e+017 3.34e-019  1.00e+000  1.95e-005  
1.12221e+017 2.83e-019  1.00e+000  1.86e-005  
1.12812e+017 2.47e-019  1.00e+000  1.80e-005  
1.13349e+017 2.15e-019  1.00e+000  1.75e-005  
1.13938e+017 1.84e-019  1.00e+000  1.68e-005  
1.14626e+017 1.49e-019  1.00e+000  1.64e-005  
1.15112e+017 1.28e-019  1.00e+000  1.60e-005  
1.15530e+017 1.12e-019  1.00e+000  1.57e-005  
1.16007e+017 9.59e-020  1.00e+000  1.54e-005  
1.16507e+017 8.23e-020  1.00e+000  1.51e-005  
1.17040e+017 7.08e-020  1.00e+000  1.47e-005  
1.17511e+017 6.33e-020  1.00e+000  1.42e-005  
1.17806e+017 5.99e-020  1.00e+000  1.38e-005  
1.18134e+017 5.73e-020  1.00e+000  1.33e-005  
1.18488e+017 5.61e-020  1.00e+000  1.26e-005  
1.18867e+017 5.66e-020  1.00e+000  1.18e-005  
1.19273e+017 5.96e-020  1.00e+000  1.11e-005  
1.19721e+017 6.56e-020  1.00e+000  1.11e-005  
1.20205e+017 7.37e-020  1.00e+000  1.30e-005  
1.20720e+017 7.90e-020  1.00e+000  1.95e-005  
1.21274e+017 7.85e-020  1.00e+000  3.57e-005  
1.21854e+017 7.38e-020  1.00e+000  5.56e-005  
1.22444e+017 5.06e-020  1.00e+000  3.99e-005  
1.22701e+017 1.55e-023  0.00e+000  1.00e+000  
