! 0       *H + *HOCO -> *H2O + *CO
! 1       *H + *HCO -> *CO + *H2
! 2       *C + *OH -> *CO + *H
! 3       *O + *HCO -> *CO + *OH
! 4       CO + GRAIN -> *CO + GRAIN
! 5       *C + *O2 -> *CO + *O
! 6       *H + *OCS -> *CO + *HS
! 7       *HNCO + ISPhoton -> *NH + *CO
! 8       *C + *SO -> *CO + *S
! 9       *CO2 + CRPhoton -> *CO + *O
! 10      *CO2 + CRPhoton -> *CO + *O
!            tot_rate   0          1          2          3          4          5          6          7          8          9          10         
1.34508e+014 1.81e-013  1.53e-002  8.08e-001  2.12e-008  2.27e-014  1.73e-001  4.82e-004  1.59e-004  2.37e-004  2.15e-005  3.88e-005  2.84e-003  
8.00271e+015 1.81e-013  1.53e-002  8.08e-001  2.12e-008  2.27e-014  1.73e-001  4.82e-004  1.59e-004  2.37e-004  2.15e-005  3.88e-005  2.84e-003  
7.87466e+016 2.08e-013  2.02e-002  6.87e-001  1.80e-008  3.13e-014  2.89e-001  5.48e-004  2.62e-004  2.07e-004  1.99e-005  3.40e-005  2.49e-003  
1.06312e+017 3.53e-013  3.54e-002  4.10e-001  1.25e-008  6.08e-014  5.52e-001  5.04e-004  4.95e-004  1.26e-004  2.14e-005  2.08e-005  1.52e-003  
1.09855e+017 2.51e-013  4.38e-002  4.30e-001  1.16e-008  1.10e-013  5.22e-001  6.50e-004  4.90e-004  1.82e-004  3.36e-005  3.00e-005  2.20e-003  
1.10673e+017 2.19e-013  4.70e-002  4.37e-001  1.08e-008  1.47e-013  5.11e-001  7.26e-004  4.89e-004  2.10e-004  3.92e-005  3.47e-005  2.54e-003  
1.11398e+017 1.91e-013  5.04e-002  4.42e-001  9.65e-009  2.06e-013  5.03e-001  8.13e-004  4.88e-004  2.44e-004  4.57e-005  4.03e-005  2.95e-003  
1.12221e+017 1.58e-013  5.49e-002  4.47e-001  7.83e-009  3.53e-013  4.92e-001  9.60e-004  4.94e-004  2.99e-004  5.61e-005  4.92e-005  3.60e-003  
1.12812e+017 1.36e-013  5.81e-002  4.51e-001  6.19e-009  5.80e-013  4.84e-001  1.11e-003  5.02e-004  3.51e-004  6.60e-005  5.79e-005  4.24e-003  
1.13349e+017 1.18e-013  6.08e-002  4.53e-001  4.65e-009  1.01e-012  4.78e-001  1.27e-003  5.15e-004  4.12e-004  7.75e-005  6.79e-005  4.97e-003  
1.13938e+017 9.98e-014  6.54e-002  4.57e-001  3.40e-010  2.13e-012  4.69e-001  1.41e-003  5.38e-004  4.95e-004  8.82e-005  8.17e-005  5.98e-003  
1.14626e+017 8.04e-014  6.68e-002  4.58e-001  1.59e-009  6.46e-012  4.64e-001  1.87e-003  5.91e-004  6.32e-004  1.19e-004  1.04e-004  7.62e-003  
1.15112e+017 6.88e-014  6.93e-002  4.58e-001  9.11e-010  1.61e-011  4.59e-001  2.19e-003  6.58e-004  7.54e-004  1.41e-004  1.25e-004  9.11e-003  
1.15530e+017 6.03e-014  7.18e-002  4.58e-001  5.27e-010  3.90e-011  4.54e-001  2.54e-003  7.53e-004  8.81e-004  1.65e-004  1.45e-004  1.06e-002  
1.16007e+017 5.18e-014  7.53e-002  4.56e-001  2.68e-010  1.18e-010  4.50e-001  3.01e-003  9.38e-004  1.06e-003  1.97e-004  1.75e-004  1.28e-002  
1.16507e+017 4.47e-014  7.92e-002  4.52e-001  1.25e-010  4.03e-010  4.45e-001  3.56e-003  1.25e-003  1.27e-003  2.37e-004  2.10e-004  1.54e-002  
1.17040e+017 3.85e-014  8.41e-002  4.49e-001  5.45e-011  1.56e-009  4.39e-001  4.23e-003  1.74e-003  1.55e-003  2.91e-004  2.56e-004  1.87e-002  
1.17511e+017 3.44e-014  8.87e-002  4.42e-001  2.68e-011  5.00e-009  4.36e-001  4.80e-003  2.22e-003  1.82e-003  3.43e-004  2.99e-004  2.20e-002  
1.17806e+017 3.24e-014  9.13e-002  4.38e-001  1.77e-011  9.87e-009  4.35e-001  5.06e-003  2.47e-003  1.99e-003  3.76e-004  3.30e-004  2.41e-002  
1.18134e+017 3.06e-014  9.44e-002  4.31e-001  1.04e-011  2.28e-008  4.35e-001  5.26e-003  2.74e-003  2.19e-003  4.18e-004  3.63e-004  2.65e-002  
1.18488e+017 2.92e-014  9.70e-002  4.25e-001  5.76e-012  5.72e-008  4.35e-001  5.24e-003  2.96e-003  2.39e-003  4.59e-004  3.94e-004  2.89e-002  
1.18867e+017 2.82e-014  9.97e-002  4.19e-001  3.35e-012  1.37e-007  4.36e-001  4.86e-003  3.14e-003  2.58e-003  5.04e-004  4.26e-004  3.11e-002  
1.19273e+017 2.77e-014  1.01e-001  4.08e-001  2.16e-012  2.91e-007  4.44e-001  4.01e-003  3.29e-003  2.72e-003  5.42e-004  4.48e-004  3.29e-002  
1.19721e+017 2.74e-014  1.04e-001  3.98e-001  1.79e-012  5.51e-007  4.52e-001  2.67e-003  3.42e-003  2.81e-003  5.73e-004  4.67e-004  3.40e-002  
1.20205e+017 2.74e-014  1.07e-001  3.84e-001  2.20e-012  9.36e-007  4.64e-001  1.27e-003  3.45e-003  2.78e-003  5.48e-004  4.61e-004  3.38e-002  
1.20720e+017 2.71e-014  1.11e-001  3.80e-001  5.64e-012  1.55e-006  4.68e-001  4.75e-004  3.21e-003  2.57e-003  4.64e-004  4.31e-004  3.15e-002  
1.21274e+017 2.67e-014  1.13e-001  3.78e-001  7.90e-011  2.19e-006  4.75e-001  3.01e-004  2.78e-003  2.05e-003  4.30e-004  3.47e-004  2.54e-002  
1.21854e+017 2.59e-014  1.08e-001  3.77e-001  2.82e-008  1.58e-006  4.95e-001  3.50e-004  2.18e-003  1.17e-003  4.02e-004  2.02e-004  1.48e-002  
1.22444e+017 2.20e-014  6.91e-002  3.26e-001  1.05e-006  1.46e-007  6.00e-001  6.32e-004  8.46e-004  2.02e-004  1.56e-004  3.76e-005  2.75e-003  
1.22701e+017 9.01e+010  9.34e-001  6.65e-002  1.50e-015  1.28e-021  1.27e-024  0.00e+000  0.00e+000  0.00e+000  0.00e+000  0.00e+000  0.00e+000  
