! 0       *H + *C2O -> *HC2O
! 1       HC2O + GRAIN -> *HC2O + GRAIN
!            tot_rate   0          1          
1.34508e+014 1.14e-021  1.00e+000  6.46e-005  
8.00271e+015 1.14e-021  1.00e+000  6.46e-005  
7.87466e+016 2.52e-021  1.00e+000  6.55e-005  
1.06312e+017 8.60e-021  1.00e+000  6.87e-005  
1.09855e+017 5.94e-021  1.00e+000  6.67e-005  
1.10673e+017 5.13e-021  1.00e+000  6.59e-005  
1.11398e+017 4.41e-021  1.00e+000  6.51e-005  
1.12221e+017 3.63e-021  1.00e+000  6.42e-005  
1.12812e+017 3.11e-021  1.00e+000  6.33e-005  
1.13349e+017 2.67e-021  1.00e+000  6.25e-005  
1.13938e+017 2.25e-021  1.00e+000  6.13e-005  
1.14626e+017 1.81e-021  1.00e+000  6.08e-005  
1.15112e+017 1.56e-021  1.00e+000  5.94e-005  
1.15530e+017 1.36e-021  1.00e+000  5.88e-005  
1.16007e+017 1.18e-021  1.00e+000  5.75e-005  
1.16507e+017 1.01e-021  1.00e+000  5.68e-005  
1.17040e+017 8.76e-022  1.00e+000  5.52e-005  
1.17511e+017 7.83e-022  1.00e+000  5.39e-005  
1.17806e+017 7.36e-022  1.00e+000  5.29e-005  
1.18134e+017 6.98e-022  1.00e+000  5.14e-005  
1.18488e+017 6.74e-022  1.00e+000  4.91e-005  
1.18867e+017 6.74e-022  1.00e+000  4.57e-005  
1.19273e+017 7.04e-022  1.00e+000  4.09e-005  
1.19721e+017 7.69e-022  1.00e+000  3.54e-005  
1.20205e+017 8.64e-022  1.00e+000  2.93e-005  
1.20720e+017 9.95e-022  1.00e+000  2.34e-005  
1.21274e+017 1.07e-021  1.00e+000  2.03e-005  
1.21854e+017 8.77e-022  1.00e+000  2.66e-005  
1.22444e+017 7.20e-022  1.00e+000  4.60e-005  
1.22701e+017 4.71e+004  1.00e+000  1.17e-029  
