! 0       *H + *H2CO -> *CH3O
! 1       CH3O + GRAIN -> *CH3O + GRAIN
! 2       *O + *CH3 -> *CH3O
! 3       *H + *CH3OH -> *CH3O + *H2
!            tot_rate   0          1          2          3          
1.34508e+014 6.23e-015  1.00e+000  2.05e-005  3.76e-010  1.48e-008  
8.00271e+015 6.23e-015  1.00e+000  2.05e-005  3.76e-010  1.48e-008  
7.87466e+016 6.11e-015  1.00e+000  4.22e-005  6.07e-010  1.48e-008  
1.06312e+017 6.18e-015  1.00e+000  1.44e-004  1.88e-009  1.48e-008  
1.09855e+017 4.62e-015  1.00e+000  1.31e-004  4.05e-009  1.48e-008  
1.10673e+017 4.09e-015  1.00e+000  1.27e-004  5.79e-009  1.48e-008  
1.11398e+017 3.59e-015  1.00e+000  1.23e-004  8.77e-009  1.48e-008  
1.12221e+017 3.02e-015  1.00e+000  1.19e-004  1.63e-008  1.48e-008  
1.12812e+017 2.62e-015  1.00e+000  1.16e-004  2.83e-008  1.48e-008  
1.13349e+017 2.28e-015  1.00e+000  1.14e-004  5.13e-008  1.48e-008  
1.13938e+017 1.95e-015  1.00e+000  1.10e-004  1.10e-007  1.47e-008  
1.14626e+017 1.57e-015  1.00e+000  1.09e-004  3.24e-007  1.47e-008  
1.15112e+017 1.34e-015  1.00e+000  1.08e-004  7.31e-007  1.48e-008  
1.15530e+017 1.17e-015  1.00e+000  1.07e-004  1.45e-006  1.48e-008  
1.16007e+017 1.01e-015  1.00e+000  1.05e-004  2.86e-006  1.48e-008  
1.16507e+017 8.63e-016  1.00e+000  1.04e-004  4.89e-006  1.47e-008  
1.17040e+017 7.42e-016  1.00e+000  1.02e-004  7.10e-006  1.48e-008  
1.17511e+017 6.64e-016  1.00e+000  9.95e-005  8.70e-006  1.48e-008  
1.17806e+017 6.28e-016  1.00e+000  9.70e-005  9.38e-006  1.48e-008  
1.18134e+017 6.02e-016  1.00e+000  9.28e-005  9.65e-006  1.48e-008  
1.18488e+017 5.89e-016  1.00e+000  8.73e-005  9.24e-006  1.48e-008  
1.18867e+017 5.96e-016  1.00e+000  7.94e-005  7.92e-006  1.49e-008  
1.19273e+017 6.30e-016  1.00e+000  6.94e-005  5.75e-006  1.50e-008  
1.19721e+017 6.97e-016  1.00e+000  5.82e-005  3.77e-006  1.52e-008  
1.20205e+017 7.89e-016  1.00e+000  4.83e-005  2.67e-006  1.56e-008  
1.20720e+017 8.56e-016  1.00e+000  4.31e-005  3.43e-006  1.65e-008  
1.21274e+017 8.67e-016  1.00e+000  4.88e-005  9.25e-006  1.82e-008  
1.21854e+017 8.40e-016  1.00e+000  9.65e-005  4.95e-005  2.26e-008  
1.22444e+017 6.16e-016  1.00e+000  3.83e-004  5.68e-005  4.24e-008  
1.22701e+017 3.49e-018  0.00e+000  1.00e+000  0.00e+000  0.00e+000  
