! 0       *H + *HCO -> H2CO
! 1       *H2CO + He -> H2CO + He
! 2       *H2CO + H2 -> H2CO + H2
! 3       *H2CO + CO -> H2CO + CO
! 4       CH3O + H -> H2CO + H2
! 5       CH2OH + H -> H2CO + H2
! 6       CH3O + H2 -> H2CO + H + H2
! 7       CH3 + O -> H2CO + H
! 8       CH2OH + O -> H2CO + OH
! 9       CH3OH + CRPhoton -> H2CO + H2
! 10      H3CO+ + e- -> H2CO + H
!            tot_rate   0          1          2          3          4          5          6          7          8          9          10         
1.34508e+014 2.17e-015  6.73e-001  0.00e+000  0.00e+000  0.00e+000  9.30e-013  2.60e-005  0.00e+000  1.50e-001  5.85e-006  1.30e-004  1.64e-001  
8.00271e+015 2.17e-015  6.73e-001  0.00e+000  0.00e+000  0.00e+000  9.30e-013  2.60e-005  0.00e+000  1.50e-001  5.85e-006  1.30e-004  1.64e-001  
7.87466e+016 2.04e-015  7.02e-001  0.00e+000  0.00e+000  0.00e+000  1.04e-012  2.78e-005  0.00e+000  1.58e-001  6.28e-006  1.40e-004  1.30e-001  
1.06312e+017 1.83e-015  7.93e-001  0.00e+000  0.00e+000  0.00e+000  9.68e-012  3.17e-005  0.00e+000  1.49e-001  7.11e-006  1.60e-004  5.02e-002  
1.09855e+017 1.42e-015  7.58e-001  0.00e+000  0.00e+000  3.14e-026  2.35e-010  4.09e-005  0.00e+000  1.83e-001  9.20e-006  2.06e-004  4.96e-002  
1.10673e+017 1.29e-015  7.40e-001  0.00e+000  0.00e+000  5.70e-016  8.73e-010  4.50e-005  0.00e+000  1.99e-001  1.01e-005  2.28e-004  5.06e-002  
1.11398e+017 1.17e-015  7.19e-001  0.00e+000  0.00e+000  4.21e-007  3.64e-009  4.98e-005  0.00e+000  2.19e-001  1.12e-005  2.52e-004  5.19e-002  
1.12221e+017 1.03e-015  6.86e-001  0.00e+000  0.00e+000  8.52e-004  2.58e-008  5.65e-005  0.00e+000  2.46e-001  1.27e-005  2.86e-004  5.41e-002  
1.12812e+017 9.44e-016  6.52e-001  0.00e+000  0.00e+000  7.59e-003  1.29e-007  6.18e-005  0.00e+000  2.70e-001  1.39e-005  3.13e-004  5.60e-002  
1.13349e+017 8.83e-016  6.06e-001  2.54e-065  0.00e+000  2.69e-002  6.33e-007  6.62e-005  0.00e+000  2.92e-001  1.48e-005  3.35e-004  5.73e-002  
1.13938e+017 8.50e-016  5.37e-001  2.14e-040  0.00e+000  7.82e-002  3.88e-006  6.87e-005  0.00e+000  3.08e-001  1.54e-005  3.53e-004  5.65e-002  
1.14626e+017 8.91e-016  4.13e-001  1.48e-027  7.41e-063  2.16e-001  3.13e-005  6.56e-005  0.00e+000  3.00e-001  1.47e-005  3.54e-004  4.95e-002  
1.15112e+017 1.02e-015  3.10e-001  2.18e-012  2.53e-042  3.63e-001  1.22e-004  5.75e-005  0.00e+000  2.66e-001  1.29e-005  3.35e-004  4.02e-002  
1.15530e+017 1.24e-015  2.23e-001  1.37e-007  2.06e-031  5.06e-001  3.46e-004  4.73e-005  0.00e+000  2.21e-001  1.06e-005  3.09e-004  3.08e-002  
1.16007e+017 1.69e-015  1.40e-001  4.26e-004  2.46e-022  6.58e-001  9.43e-004  3.48e-005  0.00e+000  1.64e-001  7.83e-006  2.77e-004  2.09e-002  
1.16507e+017 2.58e-015  7.83e-002  4.34e-002  1.89e-013  7.44e-001  2.10e-003  2.28e-005  2.08e-075  1.09e-001  5.12e-006  2.43e-004  1.29e-002  
1.17040e+017 5.41e-015  3.20e-002  2.85e-001  3.77e-007  6.15e-001  3.03e-003  1.10e-005  1.78e-056  5.25e-002  2.46e-006  1.75e-004  6.73e-003  
1.17511e+017 1.37e-014  1.11e-002  5.76e-001  1.46e-004  3.84e-001  2.61e-003  4.38e-006  2.27e-043  2.11e-002  9.87e-007  1.13e-004  2.90e-003  
1.17806e+017 2.38e-014  5.97e-003  6.85e-001  6.43e-004  2.91e-001  2.22e-003  2.55e-006  8.57e-037  1.23e-002  5.71e-007  9.79e-005  1.76e-003  
1.18134e+017 4.19e-014  3.15e-003  7.57e-001  5.66e-003  2.24e-001  1.81e-003  1.48e-006  7.92e-031  7.11e-003  3.32e-007  9.33e-005  1.06e-003  
1.18488e+017 7.37e-014  1.68e-003  7.92e-001  2.16e-002  1.78e-001  1.41e-003  8.75e-007  1.26e-025  4.15e-003  1.97e-007  9.52e-005  6.47e-004  
1.18867e+017 1.35e-013  8.72e-004  8.13e-001  4.44e-002  1.37e-001  1.01e-003  5.15e-007  4.20e-021  2.36e-003  1.15e-007  9.76e-005  3.81e-004  
1.19273e+017 2.44e-013  4.62e-004  8.10e-001  7.57e-002  1.11e-001  7.16e-004  3.42e-007  4.62e-017  1.38e-003  7.65e-008  1.05e-004  2.30e-004  
1.19721e+017 4.42e-013  2.46e-004  7.93e-001  1.12e-001  9.29e-002  4.95e-004  3.77e-007  2.10e-013  8.32e-004  8.50e-008  1.15e-004  1.41e-004  
1.20205e+017 7.81e-013  1.34e-004  7.73e-001  1.47e-001  7.80e-002  3.38e-004  1.38e-006  2.54e-010  5.26e-004  3.10e-007  1.32e-004  9.08e-005  
1.20720e+017 1.29e-012  7.99e-005  7.61e-001  1.74e-001  6.47e-002  2.42e-004  7.99e-006  6.65e-008  3.61e-004  1.79e-006  1.57e-004  6.38e-005  
1.21274e+017 1.93e-012  5.24e-005  7.48e-001  1.97e-001  5.40e-002  2.15e-004  4.35e-005  5.40e-006  2.85e-004  9.71e-006  2.01e-004  5.12e-005  
1.21854e+017 2.50e-012  3.90e-005  7.32e-001  2.20e-001  4.64e-002  3.54e-004  2.05e-004  2.16e-004  3.07e-004  4.40e-005  2.84e-004  4.88e-005  
1.22444e+017 2.17e-012  3.30e-005  7.10e-001  2.38e-001  4.05e-002  1.28e-003  1.09e-003  6.32e-003  6.83e-004  2.00e-004  5.77e-004  7.10e-005  
1.22701e+017 5.99e+007  1.00e+000  6.48e-027  0.00e+000  6.99e-030  3.62e-022  3.37e-022  0.00e+000  1.58e-022  5.38e-023  0.00e+000  2.85e-024  
