! 0       HNCO + H -> OCN + H2
! 1       O + HCN -> OCN + H
! 2       HNCO + O -> OH + OCN
! 3       CN + O2 -> OCN + O
! 4       HNCO + OH -> H2O + OCN
! 5       N + HCO -> OCN + H
! 6       O + H2CN -> OCN + H2
! 7       CH + NO -> OCN + H
! 8       OH + CN -> OCN + H
! 9       O + C7N -> C6 + OCN
!            tot_rate   0          1          2          3          4          5          6          7          8          9          
1.34508e+014 1.37e-015  0.00e+000  0.00e+000  0.00e+000  9.72e-001  1.13e-077  1.86e-002  4.61e-004  2.50e-003  4.28e-003  1.17e-003  
8.00271e+015 1.37e-015  0.00e+000  0.00e+000  0.00e+000  9.72e-001  1.13e-077  1.86e-002  4.61e-004  2.50e-003  4.28e-003  1.16e-003  
7.87466e+016 1.36e-015  0.00e+000  0.00e+000  0.00e+000  9.73e-001  1.44e-077  1.77e-002  4.61e-004  2.53e-003  4.29e-003  1.15e-003  
1.06312e+017 1.30e-015  0.00e+000  0.00e+000  0.00e+000  9.74e-001  4.34e-072  1.72e-002  4.47e-004  2.55e-003  4.29e-003  1.10e-003  
1.09855e+017 1.06e-015  0.00e+000  0.00e+000  0.00e+000  9.69e-001  3.09e-064  1.98e-002  5.50e-004  3.02e-003  5.21e-003  1.34e-003  
1.10673e+017 9.29e-016  0.00e+000  0.00e+000  0.00e+000  9.66e-001  5.92e-061  2.19e-002  6.34e-004  3.40e-003  5.96e-003  1.53e-003  
1.11398e+017 8.01e-016  0.00e+000  0.00e+000  0.00e+000  9.61e-001  2.28e-057  2.45e-002  7.43e-004  3.92e-003  6.91e-003  1.76e-003  
1.12221e+017 6.55e-016  0.00e+000  0.00e+000  0.00e+000  9.53e-001  2.03e-052  2.87e-002  9.24e-004  5.01e-003  8.48e-003  2.15e-003  
1.12812e+017 5.52e-016  0.00e+000  0.00e+000  0.00e+000  9.45e-001  2.77e-048  3.29e-002  1.11e-003  6.84e-003  1.01e-002  2.55e-003  
1.13349e+017 4.68e-016  0.00e+000  5.73e-078  0.00e+000  9.34e-001  3.63e-044  3.80e-002  1.34e-003  9.89e-003  1.19e-002  2.99e-003  
1.13938e+017 3.86e-016  0.00e+000  2.62e-068  0.00e+000  9.18e-001  2.44e-039  4.51e-002  1.68e-003  1.48e-002  1.45e-002  3.63e-003  
1.14626e+017 3.06e-016  0.00e+000  1.16e-056  0.00e+000  8.94e-001  1.65e-033  5.58e-002  2.22e-003  2.20e-002  1.83e-002  4.57e-003  
1.15112e+017 2.61e-016  0.00e+000  1.67e-048  4.98e-076  8.74e-001  2.07e-029  6.51e-002  2.71e-003  2.80e-002  2.16e-002  5.33e-003  
1.15530e+017 2.28e-016  6.09e-077  9.90e-042  1.64e-065  8.54e-001  5.39e-026  7.40e-002  3.23e-003  3.37e-002  2.48e-002  6.09e-003  
1.16007e+017 1.99e-016  2.11e-063  1.65e-034  2.62e-054  8.31e-001  2.44e-022  8.51e-002  3.90e-003  4.03e-002  2.86e-002  7.00e-003  
1.16507e+017 1.73e-016  1.13e-050  1.07e-027  9.37e-044  8.04e-001  7.46e-019  9.77e-002  4.75e-003  4.74e-002  3.30e-002  8.04e-003  
1.17040e+017 1.53e-016  4.43e-039  1.87e-021  4.09e-034  7.77e-001  1.33e-015  1.11e-001  5.76e-003  5.40e-002  3.75e-002  9.07e-003  
1.17511e+017 1.39e-016  9.11e-031  6.26e-017  3.61e-027  7.53e-001  3.55e-013  1.23e-001  6.77e-003  5.91e-002  4.15e-002  9.90e-003  
1.17806e+017 1.33e-016  1.76e-026  1.43e-014  1.43e-023  7.40e-001  7.07e-012  1.31e-001  7.41e-003  6.14e-002  4.36e-002  1.04e-002  
1.18134e+017 1.28e-016  1.70e-022  2.34e-012  3.29e-020  7.25e-001  1.25e-010  1.40e-001  8.15e-003  6.34e-002  4.58e-002  1.08e-002  
1.18488e+017 1.23e-016  6.44e-019  2.40e-010  3.54e-017  7.11e-001  1.83e-009  1.48e-001  8.96e-003  6.49e-002  4.78e-002  1.12e-002  
1.18867e+017 1.19e-016  1.09e-015  1.61e-008  1.99e-014  6.96e-001  2.24e-008  1.59e-001  9.96e-003  6.53e-002  4.99e-002  1.17e-002  
1.19273e+017 1.14e-016  1.07e-012  8.11e-007  7.27e-012  6.82e-001  2.49e-007  1.73e-001  1.11e-002  6.18e-002  5.20e-002  1.22e-002  
1.19721e+017 1.09e-016  7.19e-010  3.34e-005  2.00e-009  6.70e-001  2.68e-006  1.97e-001  1.28e-002  4.45e-002  5.45e-002  1.28e-002  
1.20205e+017 1.01e-016  2.46e-007  9.19e-004  3.23e-007  6.50e-001  2.51e-005  2.43e-001  1.53e-002  1.18e-002  5.60e-002  1.37e-002  
1.20720e+017 9.37e-017  3.32e-005  1.42e-002  2.42e-005  5.64e-001  1.93e-004  3.22e-001  1.89e-002  1.85e-003  5.41e-002  1.49e-002  
1.21274e+017 9.11e-017  1.78e-003  1.17e-001  8.32e-004  3.26e-001  1.71e-003  4.49e-001  2.26e-002  7.42e-004  5.48e-002  1.54e-002  
1.21854e+017 1.38e-016  2.46e-002  3.51e-001  8.12e-003  5.11e-002  1.31e-002  4.90e-001  1.77e-002  2.57e-004  2.78e-002  9.93e-003  
1.22444e+017 3.15e-016  9.27e-002  4.06e-001  2.16e-002  1.96e-003  3.62e-002  4.22e-001  9.56e-003  7.56e-005  2.72e-003  3.84e-003  
1.22701e+017 4.85e-013  8.44e-001  7.67e-002  7.57e-002  2.29e-006  2.06e-003  1.76e-003  3.30e-005  2.06e-007  5.47e-006  1.06e-005  
