! 0       *H + *CH3O -> *CH3OH
! 1       *OH + *CH3 -> *CH3OH
! 2       CH3OH + GRAIN -> *CH3OH + GRAIN
! 3       *H + *CH2OH -> *CH3OH
! 4       *CH3OCH3 + CRPhoton -> *CH3OH + *CH2
! 5       *CH3OCH3 + ISPhoton -> *CH3OH + *CH2
! 6       *HCOOCH3 + CRPhoton -> *CH3OH + *CO
!            tot_rate   0          1          2          3          4          5          6          
1.34508e+014 3.08e-015  1.00e+000  4.90e-010  8.05e-005  1.43e-004  1.30e-005  1.80e-006  7.37e-010  
8.00271e+015 3.08e-015  1.00e+000  4.90e-010  8.05e-005  1.43e-004  1.30e-005  1.80e-006  7.37e-010  
7.87466e+016 3.02e-015  1.00e+000  7.61e-010  1.67e-004  1.44e-004  1.33e-005  1.84e-006  7.55e-010  
1.06312e+017 3.06e-015  9.99e-001  2.15e-009  5.58e-004  1.43e-004  1.36e-005  1.88e-006  7.71e-010  
1.09855e+017 2.29e-015  9.99e-001  3.37e-009  5.06e-004  1.44e-004  1.86e-005  2.58e-006  1.06e-009  
1.10673e+017 2.02e-015  9.99e-001  4.05e-009  4.91e-004  1.44e-004  2.13e-005  2.95e-006  1.21e-009  
1.11398e+017 1.78e-015  9.99e-001  4.86e-009  4.75e-004  1.43e-004  2.44e-005  3.39e-006  1.39e-009  
1.12221e+017 1.50e-015  9.99e-001  6.15e-009  4.59e-004  1.43e-004  2.94e-005  4.08e-006  1.67e-009  
1.12812e+017 1.30e-015  9.99e-001  7.37e-009  4.50e-004  1.44e-004  3.43e-005  4.77e-006  1.95e-009  
1.13349e+017 1.13e-015  9.99e-001  8.71e-009  4.42e-004  1.43e-004  4.00e-005  5.55e-006  2.27e-009  
1.13938e+017 9.64e-016  9.99e-001  1.22e-009  4.37e-004  1.43e-004  4.78e-005  6.64e-006  2.72e-009  
1.14626e+017 7.77e-016  9.99e-001  1.25e-008  4.52e-004  1.43e-004  6.09e-005  8.46e-006  3.46e-009  
1.15112e+017 6.65e-016  9.99e-001  1.34e-008  4.84e-004  1.43e-004  7.27e-005  1.01e-005  4.13e-009  
1.15530e+017 5.81e-016  9.99e-001  1.31e-008  5.38e-004  1.43e-004  8.51e-005  1.18e-005  4.85e-009  
1.16007e+017 4.99e-016  9.99e-001  1.07e-008  6.51e-004  1.43e-004  1.02e-004  1.42e-005  5.81e-009  
1.16507e+017 4.27e-016  9.99e-001  6.90e-009  8.66e-004  1.43e-004  1.24e-004  1.72e-005  7.06e-009  
1.17040e+017 3.69e-016  9.98e-001  3.47e-009  1.28e-003  1.43e-004  1.51e-004  2.10e-005  8.60e-009  
1.17511e+017 3.30e-016  9.98e-001  1.73e-009  2.05e-003  1.43e-004  1.77e-004  2.46e-005  1.01e-008  
1.17806e+017 3.12e-016  9.97e-001  1.11e-009  3.01e-003  1.43e-004  1.94e-004  2.69e-005  1.10e-008  
1.18134e+017 3.00e-016  9.95e-001  6.14e-010  4.84e-003  1.43e-004  2.10e-004  2.91e-005  1.20e-008  
1.18488e+017 2.95e-016  9.91e-001  3.00e-010  8.18e-003  1.43e-004  2.22e-004  3.09e-005  1.27e-008  
1.18867e+017 2.99e-016  9.86e-001  1.44e-010  1.41e-002  1.42e-004  2.29e-004  3.18e-005  1.32e-008  
1.19273e+017 3.20e-016  9.76e-001  6.79e-011  2.39e-002  1.42e-004  2.25e-004  3.12e-005  1.31e-008  
1.19721e+017 3.60e-016  9.60e-001  3.92e-011  4.01e-002  1.42e-004  2.09e-004  2.92e-005  1.23e-008  
1.20205e+017 4.19e-016  9.34e-001  3.77e-011  6.61e-002  1.42e-004  1.86e-004  2.58e-005  1.13e-008  
1.20720e+017 4.77e-016  8.88e-001  1.32e-010  1.11e-001  1.43e-004  1.62e-004  2.24e-005  1.05e-008  
1.21274e+017 5.29e-016  8.11e-001  3.82e-009  1.89e-001  1.51e-004  1.34e-004  1.86e-005  9.94e-009  
1.21854e+017 6.00e-016  6.93e-001  4.40e-006  3.07e-001  1.93e-004  8.95e-005  1.24e-005  8.73e-009  
1.22444e+017 6.34e-016  4.81e-001  8.91e-005  5.19e-001  3.77e-004  3.14e-005  4.35e-006  6.79e-009  
1.22701e+017 1.37e+007  1.00e+000  1.49e-012  2.93e-022  0.00e+000  0.00e+000  0.00e+000  0.00e+000  
