! 0       *OH + *CH2 -> *CH2OH
! 1       CH2OH + GRAIN -> *CH2OH + GRAIN
! 2       *H + *CH3OH -> *CH2OH + *H2
! 3       *H + *H2CO -> *CH2OH
!            tot_rate   0          1          2          3          
1.34508e+014 8.93e-019  4.33e-004  2.13e-005  9.99e-001  8.43e-004  
8.00271e+015 8.93e-019  4.33e-004  2.13e-005  9.99e-001  8.43e-004  
7.87466e+016 8.76e-019  6.57e-004  4.36e-005  9.98e-001  8.42e-004  
1.06312e+017 8.87e-019  1.54e-003  1.45e-004  9.97e-001  8.42e-004  
1.09855e+017 6.64e-019  1.69e-003  1.31e-004  9.97e-001  8.42e-004  
1.10673e+017 5.88e-019  1.68e-003  1.27e-004  9.97e-001  8.41e-004  
1.11398e+017 5.16e-019  1.61e-003  1.23e-004  9.97e-001  8.41e-004  
1.12221e+017 4.34e-019  1.41e-003  1.19e-004  9.98e-001  8.41e-004  
1.12812e+017 3.77e-019  1.17e-003  1.17e-004  9.98e-001  8.41e-004  
1.13349e+017 3.28e-019  9.13e-004  1.14e-004  9.98e-001  8.42e-004  
1.13938e+017 2.79e-019  6.48e-005  1.11e-004  9.99e-001  8.41e-004  
1.14626e+017 2.25e-019  3.28e-004  1.10e-004  9.99e-001  8.43e-004  
1.15112e+017 1.92e-019  1.90e-004  1.09e-004  9.99e-001  8.43e-004  
1.15530e+017 1.68e-019  1.11e-004  1.08e-004  9.99e-001  8.44e-004  
1.16007e+017 1.44e-019  5.58e-005  1.08e-004  9.99e-001  8.46e-004  
1.16507e+017 1.24e-019  2.59e-005  1.06e-004  9.99e-001  8.38e-004  
1.17040e+017 1.06e-019  1.10e-005  1.06e-004  9.99e-001  8.46e-004  
1.17511e+017 9.53e-020  5.14e-006  1.04e-004  9.99e-001  8.43e-004  
1.17806e+017 9.02e-020  3.23e-006  1.02e-004  9.99e-001  8.43e-004  
1.18134e+017 8.65e-020  1.73e-006  1.00e-004  9.99e-001  8.42e-004  
1.18488e+017 8.49e-020  8.24e-007  9.84e-005  9.99e-001  8.40e-004  
1.18867e+017 8.62e-020  3.75e-007  9.72e-005  9.99e-001  8.37e-004  
1.19273e+017 9.16e-020  1.62e-007  1.02e-004  9.99e-001  8.31e-004  
1.19721e+017 1.03e-019  7.10e-008  1.72e-004  9.99e-001  8.18e-004  
1.20205e+017 1.20e-019  3.62e-008  9.07e-004  9.98e-001  7.94e-004  
1.20720e+017 1.38e-019  5.66e-008  7.24e-003  9.92e-001  7.46e-004  
1.21274e+017 1.61e-019  1.31e-006  4.98e-002  9.50e-001  6.52e-004  
1.21854e+017 2.34e-019  1.14e-003  2.08e-001  7.90e-001  4.36e-004  
1.22444e+017 4.82e-019  1.62e-002  4.59e-001  5.25e-001  1.55e-004  
1.22701e+017 3.08e-004  1.00e+000  1.21e-014  0.00e+000  0.00e+000  
