! 0       *O + *C2 -> *C2O
! 1       C2O + GRAIN -> *C2O + GRAIN
!            tot_rate   0          1          
1.34508e+014 1.15e-021  4.36e-008  1.00e+000  
8.00271e+015 1.15e-021  4.37e-008  1.00e+000  
7.87466e+016 2.55e-021  3.91e-008  1.00e+000  
1.06312e+017 8.68e-021  6.09e-008  1.00e+000  
1.09855e+017 6.00e-021  1.11e-007  1.00e+000  
1.10673e+017 5.18e-021  1.50e-007  1.00e+000  
1.11398e+017 4.46e-021  2.16e-007  1.00e+000  
1.12221e+017 3.67e-021  3.79e-007  1.00e+000  
1.12812e+017 3.14e-021  6.37e-007  1.00e+000  
1.13349e+017 2.70e-021  1.13e-006  1.00e+000  
1.13938e+017 2.27e-021  2.41e-006  1.00e+000  
1.14626e+017 1.83e-021  7.27e-006  1.00e+000  
1.15112e+017 1.57e-021  1.80e-005  1.00e+000  
1.15530e+017 1.38e-021  4.25e-005  1.00e+000  
1.16007e+017 1.19e-021  1.24e-004  1.00e+000  
1.16507e+017 1.02e-021  4.10e-004  1.00e+000  
1.17040e+017 8.85e-022  1.50e-003  9.98e-001  
1.17511e+017 7.91e-022  4.57e-003  9.95e-001  
1.17806e+017 7.44e-022  8.77e-003  9.91e-001  
1.18134e+017 7.04e-022  1.90e-002  9.81e-001  
1.18488e+017 6.80e-022  4.31e-002  9.57e-001  
1.18867e+017 6.80e-022  9.02e-002  9.10e-001  
1.19273e+017 7.12e-022  1.64e-001  8.36e-001  
1.19721e+017 7.76e-022  2.53e-001  7.47e-001  
1.20205e+017 8.72e-022  3.39e-001  6.61e-001  
1.20720e+017 1.01e-021  4.17e-001  5.83e-001  
1.21274e+017 1.09e-021  4.38e-001  5.62e-001  
1.21854e+017 8.85e-022  2.64e-001  7.36e-001  
1.22444e+017 7.20e-022  1.38e-002  9.86e-001  
1.22701e+017 7.88e-012  1.00e+000  1.13e-009  
