! 0       *H + *OH -> H2O
! 1       *H2O + He -> H2O + He
! 2       *H2O + H2 -> H2O + H2
! 3       H2 + OH -> H2O + H
! 4       *H2O + CO -> H2O + CO
! 5       CH4 + OH -> H2O + CH3
! 6       OH + NH3 -> H2O + NH2
! 7       OH + OH -> H2O + O
! 8       CH3OH + OH -> CH2OH + H2O
! 9       H + H2O2 -> H2O + OH
! 10      H3O+ + e- -> H2O + H
! 11      NH3 + H3O+ -> H2O + NH4+
! 12      H + OH -> H2O
!            tot_rate   0          1          2          3          4          5          6          7          8          9          10         11         12         
1.34508e+014 8.74e-015  1.92e-002  0.00e+000  0.00e+000  8.81e-066  0.00e+000  1.83e-052  3.01e-008  2.98e-007  9.28e-007  2.00e-069  7.78e-001  7.09e-002  6.64e-002  
8.00271e+015 8.74e-015  1.92e-002  0.00e+000  0.00e+000  8.81e-066  0.00e+000  1.83e-052  3.01e-008  2.98e-007  9.30e-007  2.00e-069  7.78e-001  7.09e-002  6.64e-002  
7.87466e+016 8.48e-015  2.94e-002  0.00e+000  0.00e+000  1.15e-065  0.00e+000  2.21e-052  3.14e-008  3.11e-007  9.66e-007  2.62e-069  7.99e-001  5.32e-002  6.86e-002  
1.06312e+017 7.45e-015  8.69e-002  0.00e+000  0.00e+000  2.28e-060  0.00e+000  9.07e-049  4.42e-008  5.49e-007  1.13e-006  7.20e-064  7.88e-001  1.75e-002  7.80e-002  
1.09855e+017 7.16e-015  4.44e-002  0.00e+000  0.00e+000  6.76e-053  3.11e-076  1.10e-043  6.39e-008  1.07e-006  1.18e-006  3.29e-056  8.32e-001  1.28e-002  8.10e-002  
1.10673e+017 7.10e-015  3.21e-002  0.00e+000  0.00e+000  8.51e-050  4.15e-056  1.42e-041  7.48e-008  1.41e-006  1.19e-006  4.92e-053  8.44e-001  1.18e-002  8.15e-002  
1.11398e+017 7.06e-015  2.20e-002  0.00e+000  0.00e+000  2.07e-046  1.42e-029  2.90e-039  8.93e-008  1.91e-006  1.19e-006  1.43e-049  8.53e-001  1.10e-002  8.20e-002  
1.12221e+017 6.98e-015  1.24e-002  0.00e+000  0.00e+000  9.73e-042  5.51e-009  4.50e-036  1.16e-007  2.95e-006  1.21e-006  8.52e-045  8.61e-001  1.01e-002  8.28e-002  
1.12812e+017 6.89e-015  7.38e-003  0.00e+000  0.00e+000  7.85e-038  3.16e-003  2.13e-033  1.48e-007  4.28e-006  1.22e-006  8.25e-041  8.60e-001  9.43e-003  8.38e-002  
1.13349e+017 7.32e-015  3.87e-003  0.00e+000  0.00e+000  5.67e-034  8.87e-002  9.25e-031  1.78e-007  5.82e-006  1.15e-006  7.06e-037  7.90e-001  8.24e-003  7.39e-002  
1.13938e+017 1.05e-014  1.48e-004  0.00e+000  0.00e+000  1.41e-029  3.93e-001  8.77e-028  1.72e-007  6.36e-006  8.14e-007  2.10e-032  5.32e-001  5.30e-003  4.31e-002  
1.14626e+017 2.49e-014  1.74e-004  2.18e-063  0.00e+000  1.87e-024  7.59e-001  2.35e-024  1.13e-007  4.74e-006  3.59e-007  3.28e-027  2.14e-001  2.04e-003  1.25e-002  
1.15112e+017 4.92e-014  3.62e-005  2.36e-032  3.21e-073  6.89e-021  8.83e-001  5.94e-022  8.28e-008  3.70e-006  1.96e-007  1.30e-023  1.05e-001  9.82e-004  4.27e-003  
1.15530e+017 8.81e-014  8.73e-006  1.33e-021  5.29e-056  6.28e-018  9.37e-001  6.38e-020  6.61e-008  3.02e-006  1.23e-007  1.21e-020  5.72e-002  5.28e-004  1.52e-003  
1.16007e+017 1.68e-013  1.65e-006  2.34e-013  1.11e-041  8.85e-015  9.68e-001  1.10e-017  5.43e-008  2.46e-006  7.84e-008  1.68e-017  2.92e-002  2.67e-004  4.18e-004  
1.16507e+017 3.14e-013  2.93e-007  2.17e-006  1.79e-026  8.20e-012  9.83e-001  1.85e-015  4.96e-008  2.10e-006  5.63e-008  1.43e-014  1.56e-002  1.42e-004  9.73e-005  
1.17040e+017 5.93e-013  4.74e-008  3.19e-003  3.73e-014  3.95e-009  9.87e-001  2.60e-013  5.30e-008  1.80e-006  4.49e-008  5.82e-012  9.12e-003  8.20e-005  1.80e-005  
1.17511e+017 1.16e-012  8.90e-009  1.44e-001  1.80e-008  2.67e-007  8.50e-001  9.34e-012  6.04e-008  1.38e-006  3.77e-008  3.24e-010  5.13e-003  5.43e-005  3.30e-006  
1.17806e+017 2.20e-012  2.66e-009  3.87e-001  2.71e-007  1.75e-006  6.10e-001  4.87e-011  5.83e-008  9.24e-007  2.99e-008  1.84e-009  2.86e-003  3.75e-005  8.97e-007  
1.18134e+017 4.69e-012  6.27e-010  5.97e-001  3.41e-005  8.51e-006  4.01e-001  2.09e-010  5.72e-008  5.50e-007  2.35e-008  7.62e-009  1.43e-003  2.58e-005  2.05e-007  
1.18488e+017 9.89e-012  1.44e-010  7.23e-001  8.79e-004  3.32e-005  2.75e-001  7.75e-010  6.27e-008  3.33e-007  2.00e-008  2.47e-008  7.24e-004  2.03e-005  4.51e-008  
1.18867e+017 2.18e-011  3.42e-011  8.10e-001  5.17e-003  1.01e-004  1.84e-001  2.36e-009  7.10e-008  1.93e-007  1.70e-008  6.13e-008  3.50e-004  1.66e-005  9.02e-009  
1.19273e+017 4.49e-011  1.03e-011  8.46e-001  1.77e-002  2.89e-004  1.36e-001  6.88e-009  9.13e-008  1.22e-007  1.62e-008  1.40e-007  1.82e-004  1.50e-005  1.78e-009  
1.19721e+017 9.11e-011  4.22e-012  8.46e-001  4.73e-002  7.78e-004  1.05e-001  1.84e-008  1.27e-007  7.94e-008  2.14e-008  2.87e-007  9.53e-005  1.39e-005  3.12e-010  
1.20205e+017 1.79e-010  2.87e-012  8.27e-001  8.77e-002  1.84e-003  8.33e-002  4.16e-008  1.83e-007  5.40e-008  3.08e-008  5.04e-007  5.12e-005  1.30e-005  1.56e-010  
1.20720e+017 3.36e-010  4.41e-012  8.07e-001  1.24e-001  3.84e-003  6.52e-002  8.13e-008  2.70e-007  4.26e-008  4.91e-008  7.36e-007  2.87e-005  1.16e-005  8.79e-011  
1.21274e+017 5.84e-010  3.05e-011  7.81e-001  1.56e-001  1.12e-002  5.19e-002  2.28e-007  5.89e-007  8.96e-008  1.32e-007  9.44e-007  1.75e-005  1.00e-005  8.41e-011  
1.21854e+017 9.75e-010  4.27e-009  7.27e-001  1.81e-001  5.08e-002  4.12e-002  1.05e-006  2.04e-006  6.70e-007  6.45e-007  1.04e-006  1.16e-005  7.92e-006  1.58e-010  
1.22444e+017 1.52e-009  5.06e-008  6.27e-001  1.85e-001  1.56e-001  3.17e-002  3.32e-006  4.85e-006  3.23e-006  2.45e-006  1.06e-006  8.57e-006  6.20e-006  2.58e-010  
1.22701e+017 5.06e+011  1.00e+000  1.65e-027  0.00e+000  0.00e+000  1.20e-030  2.79e-024  1.04e-024  2.35e-025  2.31e-025  5.83e-026  2.79e-026  0.00e+000  4.62e-030  
