! 0       *N + *NH -> *N2 + *H
! 1       *O + *NH2 -> *HNO + *H
! 2       *CH + *NH -> *HCN + *H
! 3       *CH + *NH -> *HNC + *H
! 4       *S + *NH -> *NS + *H
! 5       *C + *NH2 -> *HNC + *H
! 6       *C + *OH -> *CO + *H
! 7       *H2 + *CN -> *HCN + *H
! 8       *OH + *CO -> *CO2 + *H
! 9       *C + *HS -> *CS + *H
! 10      H + GRAIN -> *H + GRAIN
! 11      *H2O + CRPhoton -> *OH + *H
!            tot_rate   0          1          2          3          4          5          6          7          8          9          10         11         
1.34508e+014 7.10e-013  3.13e-005  1.11e-007  6.65e-011  6.65e-011  5.10e-009  1.77e-009  5.41e-009  1.52e-012  1.18e-002  9.62e-010  9.80e-001  5.28e-003  
8.00271e+015 7.10e-013  3.11e-005  1.11e-007  6.65e-011  6.65e-011  5.10e-009  1.77e-009  5.41e-009  1.52e-012  1.18e-002  9.62e-010  9.80e-001  5.28e-003  
7.87466e+016 7.44e-013  6.49e-005  2.26e-007  6.50e-011  6.50e-011  1.29e-008  1.48e-009  5.04e-009  1.56e-012  1.72e-002  1.06e-009  9.75e-001  5.06e-003  
1.06312e+017 1.00e-012  3.23e-004  1.10e-006  5.96e-011  5.96e-011  6.47e-008  1.06e-009  4.42e-009  1.55e-012  3.78e-002  1.23e-009  9.56e-001  3.91e-003  
1.09855e+017 7.24e-013  3.95e-004  1.48e-006  5.50e-011  5.50e-011  4.75e-008  1.28e-009  4.01e-009  2.39e-012  4.59e-002  1.66e-009  9.45e-001  5.54e-003  
1.10673e+017 6.33e-013  4.38e-004  1.72e-006  5.44e-011  5.44e-011  4.19e-008  1.39e-009  3.73e-009  2.89e-012  4.93e-002  1.88e-009  9.40e-001  6.40e-003  
1.11398e+017 5.51e-013  4.94e-004  2.07e-006  5.36e-011  5.36e-011  3.58e-008  1.51e-009  3.34e-009  3.52e-012  5.28e-002  2.16e-009  9.35e-001  7.43e-003  
1.12221e+017 4.58e-013  5.87e-004  2.75e-006  5.26e-011  5.26e-011  2.82e-008  1.69e-009  2.71e-009  4.63e-012  5.76e-002  2.60e-009  9.28e-001  9.06e-003  
1.12812e+017 3.94e-013  6.78e-004  3.58e-006  5.18e-011  5.18e-011  2.25e-008  1.83e-009  2.15e-009  5.79e-012  6.09e-002  3.05e-009  9.22e-001  1.07e-002  
1.13349e+017 3.41e-013  7.81e-004  4.78e-006  5.05e-011  5.05e-011  1.73e-008  1.97e-009  1.61e-009  7.25e-012  6.37e-002  3.55e-009  9.16e-001  1.25e-002  
1.13938e+017 2.70e-013  9.65e-004  7.43e-006  4.70e-011  4.70e-011  4.73e-009  2.13e-009  1.25e-010  1.00e-011  8.43e-003  4.29e-009  9.65e-001  1.61e-002  
1.14626e+017 2.33e-013  1.08e-003  1.26e-005  3.84e-011  3.84e-011  6.79e-009  2.35e-009  5.50e-010  1.33e-011  7.01e-002  5.42e-009  8.99e-001  1.92e-002  
1.15112e+017 2.00e-013  1.18e-003  2.11e-005  3.10e-011  3.10e-011  4.19e-009  2.61e-009  3.14e-010  1.71e-011  7.25e-002  6.45e-009  8.90e-001  2.28e-002  
1.15530e+017 1.75e-013  1.22e-003  3.62e-005  2.44e-011  2.44e-011  2.64e-009  2.97e-009  1.82e-010  2.15e-011  7.55e-002  7.55e-009  8.81e-001  2.67e-002  
1.16007e+017 1.52e-013  1.19e-003  7.45e-005  1.71e-011  1.71e-011  1.49e-009  3.63e-009  9.16e-011  2.78e-011  7.84e-002  9.10e-009  8.70e-001  3.17e-002  
1.16507e+017 1.31e-013  1.05e-003  1.76e-004  1.11e-011  1.11e-011  8.10e-010  4.75e-009  4.28e-011  3.64e-011  8.25e-002  1.10e-008  8.56e-001  3.82e-002  
1.17040e+017 1.13e-013  8.12e-004  4.58e-004  6.76e-012  6.76e-012  4.11e-010  6.43e-009  1.86e-011  4.82e-011  8.84e-002  1.36e-008  8.37e-001  4.64e-002  
1.17511e+017 1.01e-013  5.72e-004  1.01e-003  4.45e-012  4.45e-012  2.23e-010  8.05e-009  9.13e-012  5.99e-011  9.40e-002  1.63e-008  8.19e-001  5.46e-002  
1.17806e+017 9.48e-014  4.47e-004  1.55e-003  3.56e-012  3.56e-012  1.55e-010  8.93e-009  6.06e-012  6.72e-011  9.77e-002  1.83e-008  8.06e-001  6.02e-002  
1.18134e+017 8.90e-014  3.22e-004  2.43e-003  2.72e-012  2.72e-012  9.80e-011  9.33e-009  3.58e-012  7.41e-011  1.02e-001  2.06e-008  7.92e-001  6.67e-002  
1.18488e+017 8.39e-014  2.20e-004  3.66e-003  2.08e-012  2.08e-012  5.99e-011  8.99e-009  2.00e-012  7.91e-011  1.06e-001  2.32e-008  7.76e-001  7.40e-002  
1.18867e+017 7.97e-014  1.54e-004  4.99e-003  1.71e-012  1.71e-012  3.99e-011  8.14e-009  1.18e-012  7.93e-011  1.11e-001  2.63e-008  7.59e-001  8.19e-002  
1.19273e+017 7.62e-014  1.15e-004  6.17e-003  1.55e-012  1.55e-012  3.11e-011  7.12e-009  7.86e-013  7.22e-011  1.15e-001  2.95e-008  7.43e-001  9.03e-002  
1.19721e+017 7.34e-014  9.31e-005  6.89e-003  1.58e-012  1.58e-012  3.17e-011  6.07e-009  6.70e-013  5.62e-011  1.22e-001  3.25e-008  7.27e-001  9.87e-002  
1.20205e+017 7.13e-014  7.55e-005  6.75e-003  1.84e-012  1.84e-012  4.49e-011  4.63e-009  8.45e-013  3.51e-011  1.29e-001  3.27e-008  7.16e-001  1.06e-001  
1.20720e+017 6.94e-014  5.43e-005  5.42e-003  2.48e-012  2.48e-012  1.03e-010  2.82e-009  2.20e-012  1.66e-011  1.36e-001  2.85e-008  7.12e-001  1.09e-001  
1.21274e+017 6.74e-014  3.67e-005  2.83e-003  4.87e-012  4.87e-012  7.11e-010  1.66e-009  3.13e-011  5.25e-012  1.41e-001  2.73e-008  7.23e-001  1.04e-001  
1.21854e+017 6.47e-014  4.16e-005  4.95e-004  3.16e-011  3.16e-011  8.41e-008  8.03e-010  1.13e-008  1.64e-012  1.36e-001  2.68e-008  7.59e-001  8.26e-002  
1.22444e+017 5.87e-014  4.29e-004  4.31e-005  9.41e-010  9.41e-010  1.47e-006  1.41e-009  3.92e-007  1.84e-013  8.09e-002  1.42e-008  8.73e-001  3.20e-002  
1.22701e+017 9.69e-001  5.87e-001  3.99e-001  6.40e-003  6.40e-003  3.80e-004  2.98e-004  1.39e-004  1.25e-005  3.42e-006  6.15e-007  1.85e-014  0.00e+000  
