! three parameters are given: shock speed (cm/s), turbulent velocity (cm/s), number of specimen levels: 
2.5000e+06    2.0000e+04    3
!depth(cm)        gas_temp(K)   el_temp       dust_temp(K)  gas_vel(cm/s) conc_He(cm-3) conc_pH2      conc_oH2      conc_H        conc_e        conc_H_nucl   conc_mol      1           2           3           
1.3450782492e+14  1.13668e+01   1.32286e+01   1.01602e+01   2.50000e+06   9.00000e+02   2.49850e+03   2.49850e+03   3.11111e+00   4.14674e-04   1.00000e+04   2.64291e-04   1.9662e-04  6.4624e-05  3.0417e-06  
6.5321168632e+14  1.13668e+01   1.32288e+01   1.01602e+01   2.50000e+06   9.00000e+02   2.49850e+03   2.49850e+03   3.11111e+00   4.14676e-04   1.00000e+04   2.64288e-04   1.9662e-04  6.4624e-05  3.0417e-06  
2.5655643316e+15  1.13668e+01   1.32289e+01   1.01602e+01   2.50000e+06   9.00000e+02   2.49850e+03   2.49850e+03   3.11110e+00   4.14682e-04   1.00000e+04   2.64281e-04   1.9662e-04  6.4622e-05  3.0416e-06  
8.0027134175e+15  1.13668e+01   1.32294e+01   1.01602e+01   2.50000e+06   9.00000e+02   2.49850e+03   2.49850e+03   3.11108e+00   4.14694e-04   1.00000e+04   2.64258e-04   1.9660e-04  6.4616e-05  3.0414e-06  
2.1167455917e+16  1.13668e+01   1.32332e+01   1.01602e+01   2.50000e+06   9.00000e+02   2.49850e+03   2.49850e+03   3.11102e+00   4.14747e-04   1.00000e+04   2.64200e-04   1.9656e-04  6.4602e-05  3.0407e-06  
4.7530034065e+16  1.13674e+01   1.33163e+01   1.01602e+01   2.49999e+06   9.00004e+02   2.49851e+03   2.49851e+03   3.11092e+00   4.15532e-04   1.00001e+04   2.63968e-04   1.9638e-04  6.4550e-05  3.0388e-06  
7.8746629745e+16  1.13838e+01   1.58581e+01   1.01604e+01   2.49991e+06   9.00033e+02   2.49859e+03   2.49859e+03   3.11076e+00   4.33753e-04   1.00004e+04   2.61397e-04   1.9431e-04  6.4059e-05  3.0305e-06  
9.4471785946e+16  1.14828e+01   3.06169e+01   1.01620e+01   2.49974e+06   9.00093e+02   2.49876e+03   2.49876e+03   3.11038e+00   4.97934e-04   1.00011e+04   2.57433e-04   1.9040e-04  6.3919e-05  3.1142e-06  
1.0234018423e+17  1.17805e+01   7.07677e+01   1.01699e+01   2.49949e+06   9.00182e+02   2.49900e+03   2.49900e+03   3.10985e+00   5.86798e-04   1.00021e+04   2.55140e-04   1.8586e-04  6.5791e-05  3.4916e-06  
1.0631228612e+17  1.23515e+01   1.11754e+02   1.01906e+01   2.49920e+06   9.00289e+02   2.49930e+03   2.49930e+03   3.10967e+00   6.56197e-04   1.00033e+04   2.54260e-04   1.7993e-04  7.0006e-05  4.3269e-06  
1.0831749986e+17  1.30456e+01   1.40269e+02   1.02201e+01   2.49893e+06   9.00385e+02   2.49957e+03   2.49957e+03   3.10980e+00   6.97064e-04   1.00044e+04   2.54051e-04   1.7389e-04  7.4704e-05  5.4543e-06  
1.0934188894e+17  1.36455e+01   1.59139e+02   1.02463e+01   2.49874e+06   9.00454e+02   2.49976e+03   2.49976e+03   3.10999e+00   7.20513e-04   1.00052e+04   2.54052e-04   1.6892e-04  7.8598e-05  6.5370e-06  
1.0985455562e+17  1.40478e+01   1.70235e+02   1.02637e+01   2.49862e+06   9.00497e+02   2.49988e+03   2.49988e+03   3.11013e+00   7.33213e-04   1.00057e+04   2.54089e-04   1.6570e-04  8.1080e-05  7.3129e-06  
1.1015135396e+17  1.43222e+01   1.77390e+02   1.02758e+01   2.49855e+06   9.00524e+02   2.49995e+03   2.49995e+03   3.11022e+00   7.40923e-04   1.00060e+04   2.54123e-04   1.6354e-04  8.2714e-05  7.8639e-06  
1.1048386861e+17  1.46733e+01   1.86091e+02   1.02916e+01   2.49845e+06   9.00557e+02   2.50004e+03   2.50004e+03   3.11034e+00   7.49918e-04   1.00064e+04   2.54173e-04   1.6082e-04  8.4759e-05  8.5964e-06  
1.1067298168e+17  1.48964e+01   1.91369e+02   1.03018e+01   2.49840e+06   9.00577e+02   2.50010e+03   2.50010e+03   3.11041e+00   7.55214e-04   1.00066e+04   2.54207e-04   1.5915e-04  8.5988e-05  9.0715e-06  
1.1088733481e+17  1.51728e+01   1.97762e+02   1.03146e+01   2.49833e+06   9.00602e+02   2.50017e+03   2.50017e+03   3.11051e+00   7.61381e-04   1.00069e+04   2.54252e-04   1.5709e-04  8.7486e-05  9.6764e-06  
1.1113154327e+17  1.55215e+01   2.05673e+02   1.03309e+01   2.49825e+06   9.00632e+02   2.50025e+03   2.50025e+03   3.11063e+00   7.68627e-04   1.00073e+04   2.54310e-04   1.5457e-04  8.9285e-05  1.0457e-05  
1.1139786822e+17  1.59485e+01   2.15043e+02   1.03512e+01   2.49815e+06   9.00667e+02   2.50035e+03   2.50035e+03   3.11077e+00   7.76778e-04   1.00077e+04   2.54382e-04   1.5157e-04  9.1373e-05  1.1438e-05  
1.1166931015e+17  1.64420e+01   2.25348e+02   1.03749e+01   2.49804e+06   9.00706e+02   2.50046e+03   2.50046e+03   3.11094e+00   7.85291e-04   1.00081e+04   2.54465e-04   1.4821e-04  9.3646e-05  1.2607e-05  
1.1194376894e+17  1.70104e+01   2.36969e+02   1.04026e+01   2.49792e+06   9.00749e+02   2.50058e+03   2.50058e+03   3.11114e+00   7.93975e-04   1.00086e+04   2.54557e-04   1.4452e-04  9.6054e-05  1.3985e-05  
1.1222115031e+17  1.76679e+01   2.50010e+02   1.04352e+01   2.49779e+06   9.00797e+02   2.50071e+03   2.50071e+03   3.11138e+00   8.02600e-04   1.00092e+04   2.54657e-04   1.4042e-04  9.8612e-05  1.5623e-05  
1.1250165383e+17  1.84316e+01   2.64646e+02   1.04735e+01   2.49764e+06   9.00850e+02   2.50086e+03   2.50086e+03   3.11168e+00   8.10821e-04   1.00098e+04   2.54761e-04   1.3594e-04  1.0126e-04  1.7561e-05  
1.1264687153e+17  1.88715e+01   2.72850e+02   1.04929e+01   2.49756e+06   9.00879e+02   2.50094e+03   2.50094e+03   3.11185e+00   8.14762e-04   1.00101e+04   2.54815e-04   1.3347e-04  1.0265e-04  1.8691e-05  
1.1281244208e+17  1.94145e+01   2.82934e+02   1.05175e+01   2.49746e+06   9.00914e+02   2.50104e+03   2.50104e+03   3.11205e+00   8.18943e-04   1.00105e+04   2.54877e-04   1.3053e-04  1.0425e-04  2.0099e-05  
1.1298146668e+17  2.00186e+01   2.94123e+02   1.05450e+01   2.49736e+06   9.00953e+02   2.50114e+03   2.50114e+03   3.11227e+00   8.22890e-04   1.00109e+04   2.54939e-04   1.2741e-04  1.0586e-04  2.1669e-05  
1.1316318070e+17  2.07306e+01   3.07079e+02   1.05776e+01   2.49723e+06   9.00997e+02   2.50126e+03   2.50126e+03   3.11251e+00   8.26839e-04   1.00114e+04   2.55007e-04   1.2397e-04  1.0753e-04  2.3509e-05  
1.1334868909e+17  2.15309e+01   3.21413e+02   1.06144e+01   2.49710e+06   9.01044e+02   2.50140e+03   2.50140e+03   3.11275e+00   8.30560e-04   1.00120e+04   2.55080e-04   1.2033e-04  1.0918e-04  2.5568e-05  
1.1353688858e+17  2.24282e+01   3.37331e+02   1.06558e+01   2.49696e+06   9.01096e+02   2.50154e+03   2.50154e+03   3.11299e+00   8.34240e-04   1.00126e+04   2.55161e-04   1.1650e-04  1.1080e-04  2.7862e-05  
1.1372817968e+17  2.34384e+01   3.55130e+02   1.07026e+01   2.49680e+06   9.01153e+02   2.50170e+03   2.50170e+03   3.11323e+00   8.38125e-04   1.00132e+04   2.55256e-04   1.1251e-04  1.1234e-04  3.0407e-05  
1.1393807754e+17  2.46767e+01   3.76734e+02   1.07556e+01   2.49662e+06   9.01220e+02   2.50188e+03   2.50188e+03   3.11351e+00   8.42753e-04   1.00140e+04   2.55378e-04   1.0800e-04  1.1391e-04  3.3464e-05  
1.1416296728e+17  2.61748e+01   4.03228e+02   1.08173e+01   2.49640e+06   9.01298e+02   2.50210e+03   2.50210e+03   3.11383e+00   8.48250e-04   1.00149e+04   2.55536e-04   1.0310e-04  1.1540e-04  3.7042e-05  
1.1439113818e+17  2.79048e+01   4.33833e+02   1.08890e+01   2.49616e+06   9.01385e+02   2.50234e+03   2.50234e+03   3.11418e+00   8.54450e-04   1.00159e+04   2.55730e-04   9.8062e-05  1.1667e-04  4.0998e-05  
1.1462560979e+17  2.99401e+01   4.70072e+02   1.09720e+01   2.49589e+06   9.01483e+02   2.50261e+03   2.50261e+03   3.11457e+00   8.61503e-04   1.00170e+04   2.55974e-04   9.2868e-05  1.1771e-04  4.5398e-05  
1.1486183897e+17  3.22979e+01   5.12160e+02   1.10582e+01   2.49559e+06   9.01592e+02   2.50292e+03   2.50292e+03   3.11500e+00   8.69344e-04   1.00183e+04   2.56273e-04   8.7693e-05  1.1846e-04  5.0122e-05  
1.1498621270e+17  3.36811e+01   5.36743e+02   1.11083e+01   2.49542e+06   9.01654e+02   2.50309e+03   2.50309e+03   3.11525e+00   8.73782e-04   1.00190e+04   2.56457e-04   8.5007e-05  1.1873e-04  5.2721e-05  
1.1511157686e+17  3.51867e+01   5.63626e+02   1.11624e+01   2.49523e+06   9.01720e+02   2.50327e+03   2.50327e+03   3.11550e+00   8.78480e-04   1.00197e+04   2.56662e-04   8.2333e-05  1.1891e-04  5.5414e-05  
1.1524545156e+17  3.69285e+01   5.94680e+02   1.12245e+01   2.49503e+06   9.01794e+02   2.50348e+03   2.50348e+03   3.11579e+00   8.83756e-04   1.00206e+04   2.56906e-04   7.9534e-05  1.1902e-04  5.8355e-05  
1.1538317523e+17  3.88793e+01   6.28981e+02   1.12853e+01   2.49480e+06   9.01876e+02   2.50371e+03   2.50371e+03   3.11611e+00   8.89473e-04   1.00215e+04   2.57187e-04   7.6718e-05  1.1902e-04  6.1445e-05  
1.1553033588e+17  4.11605e+01   6.68733e+02   1.13558e+01   2.49454e+06   9.01969e+02   2.50397e+03   2.50397e+03   3.11647e+00   8.95917e-04   1.00226e+04   2.57524e-04   7.3797e-05  1.1892e-04  6.4802e-05  
1.1568256870e+17  4.37542e+01   7.12960e+02   1.14346e+01   2.49426e+06   9.02073e+02   2.50425e+03   2.50425e+03   3.11686e+00   9.02958e-04   1.00238e+04   2.57916e-04   7.0893e-05  1.1871e-04  6.8309e-05  
1.1584360630e+17  4.67872e+01   7.63051e+02   1.15205e+01   2.49393e+06   9.02191e+02   2.50458e+03   2.50458e+03   3.11731e+00   9.10830e-04   1.00251e+04   2.58386e-04   6.7951e-05  1.1839e-04  7.2050e-05  
1.1600715557e+17  5.02070e+01   8.16747e+02   1.16091e+01   2.49357e+06   9.02320e+02   2.50494e+03   2.50494e+03   3.11780e+00   9.19281e-04   1.00266e+04   2.58926e-04   6.5113e-05  1.1796e-04  7.5857e-05  
1.1617194785e+17  5.40379e+01   8.73167e+02   1.17058e+01   2.49318e+06   9.02461e+02   2.50533e+03   2.50533e+03   3.11833e+00   9.28263e-04   1.00282e+04   2.59540e-04   6.2405e-05  1.1746e-04  7.9680e-05  
1.1633675434e+17  5.83008e+01   9.31017e+02   1.18037e+01   2.49276e+06   9.02614e+02   2.50575e+03   2.50575e+03   3.11890e+00   9.37716e-04   1.00299e+04   2.60230e-04   5.9868e-05  1.1689e-04  8.3469e-05  
1.1650674905e+17  6.31960e+01   9.91882e+02   1.19075e+01   2.49229e+06   9.02785e+02   2.50623e+03   2.50623e+03   3.11954e+00   9.47958e-04   1.00319e+04   2.61028e-04   5.7430e-05  1.1627e-04  8.7326e-05  
1.1668300261e+17  6.88635e+01   1.05510e+03   1.20241e+01   2.49175e+06   9.02979e+02   2.50677e+03   2.50677e+03   3.12026e+00   9.59059e-04   1.00341e+04   2.61954e-04   5.5100e-05  1.1560e-04  9.1252e-05  
1.1685963373e+17  7.52023e+01   1.11840e+03   1.21356e+01   2.49117e+06   9.03192e+02   2.50736e+03   2.50736e+03   3.12104e+00   9.70551e-04   1.00365e+04   2.62988e-04   5.2972e-05  1.1495e-04  9.5071e-05  
1.1704026615e+17  8.24173e+01   1.18304e+03   1.22585e+01   2.49051e+06   9.03430e+02   2.50802e+03   2.50802e+03   3.12191e+00   9.82687e-04   1.00392e+04   2.64160e-04   5.1015e-05  1.1430e-04  9.8847e-05  
1.1722453222e+17  9.05865e+01   1.24820e+03   1.23832e+01   2.48978e+06   9.03696e+02   2.50876e+03   2.50876e+03   3.12288e+00   9.95451e-04   1.00423e+04   2.65478e-04   4.9238e-05  1.1367e-04  1.0257e-04  
1.1741474558e+17  9.98939e+01   1.31589e+03   1.25158e+01   2.48895e+06   9.03997e+02   2.50959e+03   2.50959e+03   3.12398e+00   1.00901e-03   1.00457e+04   2.66970e-04   4.7616e-05  1.1309e-04  1.0626e-04  
1.1751069534e+17  1.04926e+02   1.34992e+03   1.25861e+01   2.48850e+06   9.04161e+02   2.51005e+03   2.51005e+03   3.12457e+00   1.01598e-03   1.00475e+04   2.67774e-04   4.6888e-05  1.1283e-04  1.0805e-04  
1.1760758155e+17  1.10232e+02   1.38442e+03   1.26518e+01   2.48802e+06   9.04334e+02   2.51053e+03   2.51053e+03   3.12520e+00   1.02311e-03   1.00495e+04   2.68619e-04   4.6209e-05  1.1260e-04  1.0981e-04  
1.1770490800e+17  1.15785e+02   1.41880e+03   1.27194e+01   2.48752e+06   9.04516e+02   2.51104e+03   2.51104e+03   3.12585e+00   1.03034e-03   1.00516e+04   2.69502e-04   4.5581e-05  1.1239e-04  1.1153e-04  
1.1780623479e+17  1.21800e+02   1.45439e+03   1.27920e+01   2.48697e+06   9.04716e+02   2.51159e+03   2.51159e+03   3.12657e+00   1.03795e-03   1.00538e+04   2.70457e-04   4.4982e-05  1.1220e-04  1.1327e-04  
1.1791226807e+17  1.28343e+02   1.49183e+03   1.28703e+01   2.48637e+06   9.04935e+02   2.51220e+03   2.51220e+03   3.12736e+00   1.04599e-03   1.00563e+04   2.71495e-04   4.4413e-05  1.1203e-04  1.1505e-04  
1.1802141984e+17  1.35342e+02   1.53006e+03   1.29639e+01   2.48571e+06   9.05173e+02   2.51286e+03   2.51286e+03   3.12822e+00   1.05432e-03   1.00590e+04   2.72603e-04   4.3883e-05  1.1189e-04  1.1683e-04  
1.1813383085e+17  1.42829e+02   1.56990e+03   1.30695e+01   2.48500e+06   9.05431e+02   2.51358e+03   2.51358e+03   3.12914e+00   1.06296e-03   1.00619e+04   2.73785e-04   4.3390e-05  1.1179e-04  1.1860e-04  
1.1824981296e+17  1.50864e+02   1.61108e+03   1.31836e+01   2.48423e+06   9.05713e+02   2.51436e+03   2.51436e+03   3.13015e+00   1.07191e-03   1.00651e+04   2.75048e-04   4.2930e-05  1.1173e-04  1.2039e-04  
1.1836770669e+17  1.59377e+02   1.65264e+03   1.32921e+01   2.48340e+06   9.06016e+02   2.51520e+03   2.51520e+03   3.13124e+00   1.08102e-03   1.00685e+04   2.76374e-04   4.2512e-05  1.1170e-04  1.2216e-04  
1.1848845991e+17  1.68498e+02   1.69609e+03   1.34085e+01   2.48250e+06   9.06344e+02   2.51611e+03   2.51611e+03   3.13241e+00   1.09035e-03   1.00722e+04   2.77775e-04   4.2130e-05  1.1171e-04  1.2393e-04  
1.1861375607e+17  1.78444e+02   1.74095e+03   1.35299e+01   2.48151e+06   9.06705e+02   2.51711e+03   2.51711e+03   3.13369e+00   1.09999e-03   1.00763e+04   2.79273e-04   4.1776e-05  1.1175e-04  1.2574e-04  
1.1873993234e+17  1.89029e+02   1.78640e+03   1.36485e+01   2.48046e+06   9.07091e+02   2.51818e+03   2.51818e+03   3.13507e+00   1.10962e-03   1.00807e+04   2.80823e-04   4.1447e-05  1.1182e-04  1.2756e-04  
1.1886731831e+17  2.00372e+02   1.83216e+03   1.37732e+01   2.47933e+06   9.07505e+02   2.51933e+03   2.51933e+03   3.13654e+00   1.11923e-03   1.00853e+04   2.82428e-04   4.1147e-05  1.1190e-04  1.2938e-04  
1.1899785039e+17  2.12767e+02   1.87889e+03   1.38951e+01   2.47810e+06   9.07955e+02   2.52058e+03   2.52058e+03   3.13814e+00   1.12893e-03   1.00904e+04   2.84106e-04   4.0876e-05  1.1203e-04  1.3120e-04  
1.1913273392e+17  2.26488e+02   1.92681e+03   1.40224e+01   2.47675e+06   9.08450e+02   2.52196e+03   2.52196e+03   3.13989e+00   1.13873e-03   1.00959e+04   2.85865e-04   4.0624e-05  1.1217e-04  1.3307e-04  
1.1927341368e+17  2.41888e+02   1.97636e+03   1.41566e+01   2.47525e+06   9.08998e+02   2.52348e+03   2.52348e+03   3.14184e+00   1.14867e-03   1.01021e+04   2.87704e-04   4.0384e-05  1.1232e-04  1.3500e-04  
1.1941921494e+17  2.59111e+02   2.02713e+03   1.42881e+01   2.47361e+06   9.09603e+02   2.52516e+03   2.52516e+03   3.14398e+00   1.15861e-03   1.01088e+04   2.89581e-04   4.0158e-05  1.1249e-04  1.3694e-04  
1.1956749936e+17  2.78015e+02   2.07813e+03   1.44265e+01   2.47183e+06   9.10256e+02   2.52697e+03   2.52697e+03   3.14630e+00   1.16827e-03   1.01161e+04   2.91405e-04   3.9944e-05  1.1263e-04  1.3883e-04  
1.1972054447e+17  2.99044e+02   2.13054e+03   1.45608e+01   2.46989e+06   9.10971e+02   2.52895e+03   2.52895e+03   3.14884e+00   1.17769e-03   1.01241e+04   2.93119e-04   3.9726e-05  1.1273e-04  1.4066e-04  
1.1987585482e+17  3.21984e+02   2.18292e+03   1.46977e+01   2.46781e+06   9.11739e+02   2.53109e+03   2.53109e+03   3.15157e+00   1.18662e-03   1.01327e+04   2.94600e-04   3.9486e-05  1.1276e-04  1.4235e-04  
1.2003882617e+17  3.47788e+02   2.23637e+03   1.48393e+01   2.46551e+06   9.12591e+02   2.53345e+03   2.53345e+03   3.15461e+00   1.19523e-03   1.01422e+04   2.95811e-04   3.9218e-05  1.1268e-04  1.4391e-04  
1.2020523293e+17  3.75961e+02   2.28946e+03   1.49760e+01   2.46303e+06   9.13510e+02   2.53600e+03   2.53600e+03   3.15789e+00   1.20315e-03   1.01524e+04   2.96701e-04   3.8944e-05  1.1249e-04  1.4526e-04  
1.2037510162e+17  4.06612e+02   2.34178e+03   1.51184e+01   2.46036e+06   9.14500e+02   2.53875e+03   2.53875e+03   3.16145e+00   1.21027e-03   1.01635e+04   2.97354e-04   3.8663e-05  1.1223e-04  1.4646e-04  
1.2054514234e+17  4.39212e+02   2.39253e+03   1.52488e+01   2.45755e+06   9.15547e+02   2.54165e+03   2.54166e+03   3.16525e+00   1.21637e-03   1.01751e+04   2.97882e-04   3.8396e-05  1.1195e-04  1.4754e-04  
1.2072044080e+17  4.74774e+02   2.44278e+03   1.53828e+01   2.45449e+06   9.16687e+02   2.54481e+03   2.54483e+03   3.16949e+00   1.22152e-03   1.01878e+04   2.98385e-04   3.8149e-05  1.1168e-04  1.4855e-04  
1.2090091716e+17  5.13373e+02   2.49281e+03   1.55178e+01   2.45117e+06   9.17930e+02   2.54825e+03   2.54829e+03   3.17430e+00   1.22560e-03   1.02015e+04   2.98894e-04   3.7924e-05  1.1144e-04  1.4953e-04  
1.2108586928e+17  5.54879e+02   2.54191e+03   1.56447e+01   2.44757e+06   9.19279e+02   2.55198e+03   2.55205e+03   3.17990e+00   1.22847e-03   1.02165e+04   2.99421e-04   3.7721e-05  1.1124e-04  1.5046e-04  
1.2127397714e+17  5.98882e+02   2.58984e+03   1.57734e+01   2.44371e+06   9.20733e+02   2.55599e+03   2.55612e+03   3.18666e+00   1.23001e-03   1.02325e+04   2.99965e-04   3.7542e-05  1.1105e-04  1.5137e-04  
1.2146625977e+17  6.45391e+02   2.63712e+03   1.58979e+01   2.43953e+06   9.22307e+02   2.56031e+03   2.56054e+03   3.19530e+00   1.23016e-03   1.02499e+04   3.00531e-04   3.7391e-05  1.1092e-04  1.5222e-04  
1.2165965525e+17  6.93309e+02   2.68274e+03   1.60135e+01   2.43512e+06   9.23980e+02   2.56487e+03   2.56526e+03   3.20679e+00   1.22887e-03   1.02683e+04   3.01110e-04   3.7264e-05  1.1082e-04  1.5303e-04  
1.2185439048e+17  7.42243e+02   2.72618e+03   1.61281e+01   2.43045e+06   9.25755e+02   2.56967e+03   2.57030e+03   3.22282e+00   1.22615e-03   1.02878e+04   3.01698e-04   3.7165e-05  1.1077e-04  1.5377e-04  
1.2204929070e+17  7.91365e+02   2.76721e+03   1.62379e+01   2.42555e+06   9.27623e+02   2.57466e+03   2.57566e+03   3.24559e+00   1.22207e-03   1.03083e+04   3.02280e-04   3.7084e-05  1.1074e-04  1.5446e-04  
1.2224570540e+17  8.40465e+02   2.80611e+03   1.63362e+01   2.42041e+06   9.29595e+02   2.57987e+03   2.58138e+03   3.27812e+00   1.21666e-03   1.03298e+04   3.02842e-04   3.7027e-05  1.1075e-04  1.5507e-04  
1.2244361586e+17  8.88978e+02   2.84279e+03   1.64323e+01   2.41502e+06   9.31670e+02   2.58526e+03   2.58747e+03   3.32356e+00   1.21002e-03   1.03524e+04   3.03346e-04   3.6978e-05  1.1075e-04  1.5562e-04  
1.2264281421e+17  9.36292e+02   2.87735e+03   1.65259e+01   2.40940e+06   9.33842e+02   2.59079e+03   2.59395e+03   3.38434e+00   1.20225e-03   1.03761e+04   3.03733e-04   3.6926e-05  1.1075e-04  1.5606e-04  
1.2270085106e+17  4.77108e+03   2.88718e+03   1.65526e+01   6.05225e+05   3.66170e+03   3.33401e+04   3.33849e+04   1.33421e+01   1.19975e-03   5.62816e+04   1.19045e-03   1.4463e-04  4.3392e-04  6.1190e-04  
1.2270085106e+17  4.77108e+03   2.88718e+03   1.65526e+01   6.05225e+05   3.66170e+03   3.33401e+04   3.33849e+04   1.33421e+01   1.19975e-03   5.62816e+04   1.19045e-03   1.4463e-04  4.3392e-04  6.1190e-04  