! nh - concentration of H nuclei, [cm-3]
! aic- abundance of molecules adsorbed on grains, mol/H
! ae - abundance of electrons, e/H
! aio- abundance of ions, ions/H
! vg - velocity gradient of neutral component, [cm/s/cm]
! p1 - parameter of H2 formation on grains (reaction *H+*H), rate = a*n_H_tot*n_H, a [cm3 s-1]
! p2 - is equal to add_Ne/Ne, add_Ne is the term added to electron production rate Ne to compensate 
!	the velocity difference between ions and charge grains,
! p3 - total electric charge of grains, [cm-3]
!1             2             3             4             5             6             7             8             9             10            11            12            13            14            15            
!z(cm)            time(yr)      T_n           T_i           T_e           v_n           v_i           nh            aic           ae            aio           vg            p1            p2            p3            
1.3450782492e+14  1.70495e+00   1.13668e+01   1.34623e+01   1.32286e+01   2.50000e+06   2.49975e+06   1.00000e+04   1.73315e-04   4.14674e-08   4.15967e-08   3.48637e-17   9.97999e-18   9.75185e-07   -1.04508e-08  
6.5321168632e+14  8.27979e+00   1.13668e+01   1.34623e+01   1.32288e+01   2.50000e+06   2.49974e+06   1.00000e+04   1.73317e-04   4.14676e-08   4.15969e-08   3.30524e-17   9.98000e-18   1.30789e-06   -1.04508e-08  
2.5655643316e+15  3.25198e+01   1.13668e+01   1.34625e+01   1.32289e+01   2.50000e+06   2.49971e+06   1.00000e+04   1.73322e-04   4.14682e-08   4.15975e-08   2.79338e-17   9.98011e-18   1.27020e-05   -1.04510e-08  
8.0027134175e+15  1.01438e+02   1.13668e+01   1.34630e+01   1.32294e+01   2.50000e+06   2.49961e+06   1.00000e+04   1.73339e-04   4.14694e-08   4.15987e-08   9.37395e-18   9.98048e-18   3.01468e-06   -1.04514e-08  
2.1167455917e+16  2.68308e+02   1.13668e+01   1.34668e+01   1.32332e+01   2.50000e+06   2.49921e+06   1.00000e+04   1.73387e-04   4.14747e-08   4.16038e-08   -6.31378e-17  9.98158e-18   6.84182e-06   -1.04532e-08  
4.7530034065e+16  6.02468e+02   1.13674e+01   1.35525e+01   1.33163e+01   2.49999e+06   2.49667e+06   1.00001e+04   1.73566e-04   4.15530e-08   4.16813e-08   -4.29750e-16  9.98091e-18   4.91848e-07   -1.04724e-08  
7.8746629745e+16  9.98162e+02   1.13838e+01   1.61856e+01   1.58581e+01   2.49991e+06   2.48187e+06   1.00004e+04   1.74369e-04   4.33736e-08   4.34878e-08   -2.56666e-15  9.91780e-18   1.15065e-07   -1.08029e-08  
9.4471785946e+16  1.19750e+03   1.14828e+01   3.14014e+01   3.06169e+01   2.49974e+06   2.45294e+06   1.00011e+04   1.75890e-04   4.97880e-08   4.98741e-08   -1.05424e-14  1.03997e-17   2.62040e-07   -1.31684e-08  
1.0234018423e+17  1.29725e+03   1.17805e+01   7.36710e+01   7.07677e+01   2.49949e+06   2.41237e+06   1.00021e+04   1.78082e-04   5.86675e-08   5.87342e-08   -3.14307e-14  1.13534e-17   7.32109e-07   -2.27544e-08  
1.0631228612e+17  1.34761e+03   1.23515e+01   1.47632e+02   1.11754e+02   2.49920e+06   2.36715e+06   1.00033e+04   1.80669e-04   6.55979e-08   6.56573e-08   -7.46949e-14  1.08783e-17   2.08420e-06   -3.35215e-08  
1.0831749986e+17  1.37304e+03   1.30456e+01   2.35757e+02   1.40269e+02   2.49893e+06   2.32911e+06   1.00044e+04   1.82911e-04   6.96755e-08   6.97325e-08   -1.33130e-13  9.67098e-18   3.98694e-06   -4.15643e-08  
1.0934188894e+17  1.38603e+03   1.36455e+01   3.06417e+02   1.59139e+02   2.49874e+06   2.30301e+06   1.00052e+04   1.84484e-04   7.20137e-08   7.20696e-08   -1.88185e-13  8.74127e-18   5.59909e-06   -4.70818e-08  
1.0985455562e+17  1.39253e+03   1.40478e+01   3.52279e+02   1.70235e+02   2.49862e+06   2.28768e+06   1.00057e+04   1.85425e-04   7.32795e-08   7.33349e-08   -2.28255e-13  8.20682e-18   6.73578e-06   -5.03705e-08  
1.1015135396e+17  1.39630e+03   1.43222e+01   3.79797e+02   1.77390e+02   2.49855e+06   2.27797e+06   1.00060e+04   1.86026e-04   7.40477e-08   7.41029e-08   -2.37841e-13  7.88069e-18   7.42612e-06   -5.24860e-08  
1.1048386861e+17  1.40051e+03   1.46733e+01   4.18734e+02   1.86091e+02   2.49845e+06   2.26631e+06   1.00064e+04   1.86755e-04   7.49438e-08   7.49988e-08   -2.66693e-13  7.50235e-18   8.30968e-06   -5.51142e-08  
1.1067298168e+17  1.40291e+03   1.48964e+01   4.44406e+02   1.91369e+02   2.49840e+06   2.25927e+06   1.00066e+04   1.87199e-04   7.54713e-08   7.55261e-08   -2.85360e-13  7.28235e-18   8.89056e-06   -5.67233e-08  
1.1088733481e+17  1.40563e+03   1.51728e+01   4.76663e+02   1.97762e+02   2.49833e+06   2.25092e+06   1.00069e+04   1.87730e-04   7.60855e-08   7.61402e-08   -2.94552e-13  7.02908e-18   9.55938e-06   -5.86946e-08  
1.1113154327e+17  1.40873e+03   1.55215e+01   5.17712e+02   2.05673e+02   2.49825e+06   2.24088e+06   1.00073e+04   1.88375e-04   7.68069e-08   7.68614e-08   -3.28775e-13  6.73660e-18   1.04903e-05   -6.11442e-08  
1.1139786822e+17  1.41211e+03   1.59485e+01   5.68083e+02   2.15043e+02   2.49815e+06   2.22925e+06   1.00077e+04   1.89130e-04   7.76183e-08   7.76727e-08   -3.53396e-13  6.41542e-18   1.18793e-05   -6.40151e-08  
1.1166931015e+17  1.41555e+03   1.64420e+01   6.12156e+02   2.25348e+02   2.49804e+06   2.21662e+06   1.00081e+04   1.89962e-04   7.84654e-08   7.85196e-08   -3.82562e-13  6.08684e-18   1.38590e-05   -6.72132e-08  
1.1194376894e+17  1.41903e+03   1.70104e+01   6.63390e+02   2.36969e+02   2.49792e+06   2.20296e+06   1.00086e+04   1.90874e-04   7.93293e-08   7.93834e-08   -4.16729e-13  5.75354e-18   1.69720e-05   -7.08666e-08  
1.1222115031e+17  1.42255e+03   1.76679e+01   7.26517e+02   2.50010e+02   2.49779e+06   2.18819e+06   1.00092e+04   1.91877e-04   8.01866e-08   8.02407e-08   -4.55620e-13  5.41776e-18   2.37982e-05   -7.50204e-08  
1.1250165383e+17  1.42611e+03   1.84316e+01   8.01064e+02   2.64646e+02   2.49764e+06   2.17219e+06   1.00098e+04   1.92984e-04   8.10031e-08   8.10571e-08   -4.99619e-13  5.08163e-18   4.72128e-05   -7.97177e-08  
1.1264687153e+17  1.42795e+03   1.88715e+01   8.44006e+02   2.72850e+02   2.49756e+06   2.16347e+06   1.00101e+04   1.93598e-04   8.13940e-08   8.14480e-08   -5.36182e-13  4.90939e-18   8.87864e-05   -8.23040e-08  
1.1281244208e+17  1.43005e+03   1.94145e+01   8.96762e+02   2.82934e+02   2.49746e+06   2.15313e+06   1.00105e+04   1.94333e-04   8.18084e-08   8.18623e-08   -5.52056e-13  4.71506e-18   9.43799e-03   -8.55150e-08  
1.1298146668e+17  1.43220e+03   2.00186e+01   9.54995e+02   2.94123e+02   2.49736e+06   2.14214e+06   1.00109e+04   1.95125e-04   8.21991e-08   8.22530e-08   -5.96057e-13  4.51921e-18   1.05871e-04   -8.91255e-08  
1.1316318070e+17  1.43450e+03   2.07306e+01   1.02285e+03   3.07079e+02   2.49723e+06   2.12981e+06   1.00114e+04   1.96029e-04   8.25894e-08   8.26434e-08   -6.31193e-13  4.31240e-18   5.39787e-05   -9.33346e-08  
1.1334868909e+17  1.43686e+03   2.15309e+01   1.09812e+03   3.21413e+02   2.49710e+06   2.11664e+06   1.00120e+04   1.97009e-04   8.29565e-08   8.30106e-08   -6.71681e-13  4.10578e-18   3.94310e-05   -9.80124e-08  
1.1353688858e+17  1.43925e+03   2.24282e+01   1.18112e+03   3.37331e+02   2.49696e+06   2.10266e+06   1.00126e+04   1.98070e-04   8.33191e-08   8.33735e-08   -7.16205e-13  3.90152e-18   3.58363e-05   -1.03183e-07  
1.1372817968e+17  1.44167e+03   2.34384e+01   1.27288e+03   3.55130e+02   2.49680e+06   2.08778e+06   1.00132e+04   1.99221e-04   8.37018e-08   8.37565e-08   -7.66533e-13  3.69986e-18   3.54860e-05   -1.08997e-07  
1.1393807754e+17  1.44434e+03   2.46767e+01   1.38289e+03   3.76734e+02   2.49662e+06   2.07064e+06   1.00140e+04   2.00578e-04   8.41575e-08   8.42128e-08   -8.24972e-13  3.51523e-18   3.65325e-05   -1.16195e-07  
1.1416296728e+17  1.44719e+03   2.61748e+01   1.51262e+03   4.03228e+02   2.49640e+06   2.05126e+06   1.00149e+04   2.02151e-04   8.46988e-08   8.47550e-08   -9.24401e-13  3.26212e-18   3.74449e-05   -1.25163e-07  
1.1439113818e+17  1.45009e+03   2.79048e+01   1.65806e+03   4.33833e+02   2.49616e+06   2.03046e+06   1.00159e+04   2.03888e-04   8.53095e-08   8.53666e-08   -1.00760e-12  3.04662e-18   3.90326e-05   -1.35562e-07  
1.1462560979e+17  1.45307e+03   2.99401e+01   1.82352e+03   4.70072e+02   2.49589e+06   2.00783e+06   1.00170e+04   2.05837e-04   8.60040e-08   8.60624e-08   -1.10553e-12  2.83589e-18   3.73223e-05   -1.48148e-07  
1.1486183897e+17  1.45607e+03   3.22979e+01   2.00837e+03   5.12160e+02   2.49559e+06   1.98367e+06   1.00183e+04   2.07989e-04   8.67761e-08   8.68360e-08   -1.21737e-12  2.63450e-18   3.65497e-05   -1.63150e-07  
1.1498621270e+17  1.45764e+03   3.36811e+01   2.11364e+03   5.36743e+02   2.49542e+06   1.97037e+06   1.00190e+04   2.09204e-04   8.72128e-08   8.72737e-08   -1.25132e-12  2.53354e-18   3.56538e-05   -1.71900e-07  
1.1511157686e+17  1.45924e+03   3.51867e+01   2.21347e+03   5.63626e+02   2.49523e+06   1.95655e+06   1.00197e+04   2.10490e-04   8.76751e-08   8.77371e-08   -1.35003e-12  2.43521e-18   3.33622e-05   -1.81638e-07  
1.1524545156e+17  1.46094e+03   3.69285e+01   2.32120e+03   5.94680e+02   2.49503e+06   1.94131e+06   1.00206e+04   2.11933e-04   8.81942e-08   8.82574e-08   -1.39198e-12  2.33394e-18   3.08911e-05   -1.93131e-07  
1.1538317523e+17  1.46269e+03   3.88793e+01   2.44770e+03   6.28981e+02   2.49480e+06   1.92511e+06   1.00215e+04   2.13498e-04   8.87564e-08   8.88211e-08   -1.50998e-12  2.23372e-18   2.94607e-05   -2.06049e-07  
1.1553033588e+17  1.46456e+03   4.11605e+01   2.59425e+03   6.68733e+02   2.49454e+06   1.90721e+06   1.00226e+04   2.15264e-04   8.93899e-08   8.94562e-08   -1.64965e-12  2.13146e-18   2.89313e-05   -2.21079e-07  
1.1568256870e+17  1.46649e+03   4.37542e+01   2.75832e+03   7.12960e+02   2.49426e+06   1.88802e+06   1.00238e+04   2.17194e-04   9.00818e-08   9.01500e-08   -1.76171e-12  2.03092e-18   2.64639e-05   -2.38194e-07  
1.1584360630e+17  1.46854e+03   4.67872e+01   2.94611e+03   7.63051e+02   2.49393e+06   1.86699e+06   1.00251e+04   2.19356e-04   9.08549e-08   9.09253e-08   -1.88872e-12  1.93012e-18   2.43024e-05   -2.58157e-07  
1.1600715557e+17  1.47061e+03   5.02070e+01   3.15277e+03   8.16747e+02   2.49357e+06   1.84483e+06   1.00266e+04   2.21679e-04   9.16844e-08   9.17571e-08   -2.03247e-12  1.83359e-18   2.53107e-05   -2.80123e-07  
1.1617194785e+17  1.47271e+03   5.40379e+01   3.37849e+03   8.73167e+02   2.49318e+06   1.82171e+06   1.00282e+04   2.24149e-04   9.25653e-08   9.26407e-08   -2.19251e-12  1.74243e-18   2.37466e-05   -3.03618e-07  
1.1633675434e+17  1.47480e+03   5.83008e+01   3.62353e+03   9.31017e+02   2.49276e+06   1.79777e+06   1.00299e+04   2.26745e-04   9.34918e-08   9.35699e-08   -2.37235e-12  1.65703e-18   2.43327e-05   -3.29012e-07  
1.1650674905e+17  1.47696e+03   6.31960e+01   3.89931e+03   9.91882e+02   2.49229e+06   1.77224e+06   1.00319e+04   2.29549e-04   9.44944e-08   9.45756e-08   -2.57410e-12  1.57495e-18   2.36471e-05   -3.56551e-07  
1.1668300261e+17  1.47921e+03   6.88635e+01   4.21539e+03   1.05510e+03   2.49175e+06   1.74489e+06   1.00341e+04   2.32717e-04   9.55799e-08   9.56634e-08   -2.80108e-12  1.49530e-18   2.40091e-05   -3.76450e-07  
1.1685963373e+17  1.48145e+03   7.52023e+01   4.57233e+03   1.11840e+03   2.49117e+06   1.71661e+06   1.00365e+04   2.36078e-04   9.67019e-08   9.67888e-08   -3.05007e-12  1.42276e-18   2.24284e-05   -4.07552e-07  
1.1704026615e+17  1.48375e+03   8.24173e+01   4.91395e+03   1.18304e+03   2.49051e+06   1.68683e+06   1.00392e+04   2.39591e-04   9.78846e-08   9.79752e-08   -3.33032e-12  1.35494e-18   2.10941e-05   -4.41043e-07  
1.1722453222e+17  1.48609e+03   9.05865e+01   5.28341e+03   1.24820e+03   2.48978e+06   1.65559e+06   1.00423e+04   2.43213e-04   9.91262e-08   9.92207e-08   -3.64587e-12  1.29235e-18   2.14655e-05   -4.76686e-07  
1.1741474558e+17  1.48852e+03   9.98939e+01   5.68764e+03   1.31589e+03   2.48895e+06   1.62250e+06   1.00457e+04   2.46927e-04   1.00442e-07   1.00541e-07   -3.99811e-12  1.23424e-18   2.13525e-05   -5.14599e-07  
1.1751069534e+17  1.48974e+03   1.04926e+02   5.90042e+03   1.34992e+03   2.48850e+06   1.60550e+06   1.00475e+04   2.48772e-04   1.01117e-07   1.01218e-07   -4.28081e-12  1.20759e-18   1.89114e-05   -5.34531e-07  
1.1760758155e+17  1.49097e+03   1.10232e+02   6.12131e+03   1.38442e+03   2.48802e+06   1.58814e+06   1.00495e+04   2.50600e-04   1.01807e-07   1.01910e-07   -4.38943e-12  1.18236e-18   1.84604e-05   -5.55481e-07  
1.1770490800e+17  1.49221e+03   1.15785e+02   6.34931e+03   1.41880e+03   2.48752e+06   1.57053e+06   1.00516e+04   2.52392e-04   1.02506e-07   1.02611e-07   -4.70268e-12  1.15875e-18   1.79717e-05   -5.77454e-07  
1.1780623479e+17  1.49350e+03   1.21800e+02   6.59318e+03   1.45439e+03   2.48697e+06   1.55201e+06   1.00538e+04   2.54190e-04   1.03239e-07   1.03348e-07   -4.82584e-12  1.13604e-18   1.68052e-05   -6.00648e-07  
1.1791226807e+17  1.49485e+03   1.28343e+02   6.85534e+03   1.49183e+03   2.48637e+06   1.53244e+06   1.00563e+04   2.55977e-04   1.04013e-07   1.04124e-07   -5.18416e-12  1.11430e-18   1.64353e-05   -6.25668e-07  
1.1802141984e+17  1.49625e+03   1.35342e+02   7.13249e+03   1.53006e+03   2.48571e+06   1.51213e+06   1.00590e+04   2.57694e-04   1.04814e-07   1.04928e-07   -5.57357e-12  1.09422e-18   1.61656e-05   -6.52299e-07  
1.1813383085e+17  1.49768e+03   1.42829e+02   7.42545e+03   1.56990e+03   2.48500e+06   1.49105e+06   1.00619e+04   2.59304e-04   1.05642e-07   1.05759e-07   -5.86182e-12  1.07592e-18   1.49137e-05   -6.80334e-07  
1.1824981296e+17  1.49916e+03   1.50864e+02   7.73543e+03   1.61108e+03   2.48423e+06   1.46916e+06   1.00651e+04   2.60765e-04   1.06498e-07   1.06617e-07   -6.17443e-12  1.05950e-18   1.43203e-05   -7.10056e-07  
1.1836770669e+17  1.50066e+03   1.59377e+02   8.05804e+03   1.65264e+03   2.48340e+06   1.44677e+06   1.00685e+04   2.62009e-04   1.07366e-07   1.07490e-07   -6.51194e-12  1.04518e-18   1.41693e-05   -7.40944e-07  
1.1848845991e+17  1.50220e+03   1.68498e+02   8.39577e+03   1.69609e+03   2.48250e+06   1.42374e+06   1.00722e+04   2.63005e-04   1.08253e-07   1.08380e-07   -6.87579e-12  1.03311e-18   1.21037e-05   -7.74533e-07  
1.1861375607e+17  1.50380e+03   1.78444e+02   8.75342e+03   1.74095e+03   2.48151e+06   1.39977e+06   1.00763e+04   2.63691e-04   1.09166e-07   1.09296e-07   -7.27258e-12  1.02332e-18   1.10544e-05   -8.11385e-07  
1.1873993234e+17  1.50541e+03   1.89029e+02   9.12014e+03   1.78640e+03   2.48046e+06   1.37559e+06   1.00807e+04   2.63964e-04   1.10074e-07   1.10209e-07   -7.69986e-12  1.01623e-18   9.30005e-06   -8.50505e-07  
1.1886731831e+17  1.50704e+03   2.00372e+02   9.49626e+03   1.83216e+03   2.47933e+06   1.35117e+06   1.00853e+04   2.63781e-04   1.10976e-07   1.11116e-07   -8.15683e-12  1.01199e-18   9.77956e-06   -8.91394e-07  
1.1899785039e+17  1.50871e+03   2.12767e+02   9.88699e+03   1.87889e+03   2.47810e+06   1.32619e+06   1.00904e+04   2.63091e-04   1.11882e-07   1.12025e-07   -8.64985e-12  1.01049e-18   8.26749e-06   -9.33566e-07  
1.1913273392e+17  1.51044e+03   2.26488e+02   1.02957e+04   1.92681e+03   2.47675e+06   1.30045e+06   1.00959e+04   2.61842e-04   1.12791e-07   1.12940e-07   -9.18443e-12  1.01201e-18   8.23797e-06   -9.79815e-07  
1.1927341368e+17  1.51224e+03   2.41888e+02   1.07264e+04   1.97636e+03   2.47525e+06   1.27373e+06   1.01021e+04   2.59934e-04   1.13707e-07   1.13860e-07   -9.75603e-12  1.01686e-18   7.28709e-06   -1.02794e-06  
1.1941921494e+17  1.51410e+03   2.59111e+02   1.11774e+04   2.02713e+03   2.47361e+06   1.24623e+06   1.01088e+04   2.57355e-04   1.14614e-07   1.14772e-07   -1.06521e-11  1.02501e-18   6.96195e-06   -1.08090e-06  
1.1956749936e+17  1.51600e+03   2.78015e+02   1.16410e+04   2.07813e+03   2.47183e+06   1.21852e+06   1.01161e+04   2.54188e-04   1.15486e-07   1.15650e-07   -1.13021e-11  1.03629e-18   6.28280e-06   -1.13462e-06  
1.1972054447e+17  1.51797e+03   2.99044e+02   1.21254e+04   2.13054e+03   2.46989e+06   1.19024e+06   1.01241e+04   2.50407e-04   1.16325e-07   1.16495e-07   -1.19850e-11  1.05020e-18   4.92257e-06   -1.19484e-06  
1.1987585482e+17  1.51996e+03   3.21984e+02   1.26248e+04   2.18292e+03   2.46781e+06   1.16192e+06   1.01327e+04   2.46149e-04   1.17108e-07   1.17284e-07   -1.26891e-11  1.06577e-18   4.26440e-06   -1.25744e-06  
1.2003882617e+17  1.52205e+03   3.47788e+02   1.31611e+04   2.23637e+03   2.46551e+06   1.13268e+06   1.01422e+04   2.41381e-04   1.17847e-07   1.18030e-07   -1.34175e-11  1.08208e-18   3.97960e-06   -1.32657e-06  
1.2020523293e+17  1.52419e+03   3.75961e+02   1.37285e+04   2.28946e+03   2.46303e+06   1.10337e+06   1.01524e+04   2.36288e-04   1.18508e-07   1.18699e-07   -1.41636e-11  1.09675e-18   3.22862e-06   -1.39730e-06  
1.2037510162e+17  1.52638e+03   4.06612e+02   1.43414e+04   2.34178e+03   2.46036e+06   1.07407e+06   1.01635e+04   2.30896e-04   1.19080e-07   1.19278e-07   -1.49260e-11  1.10790e-18   3.14127e-06   -1.47268e-06  
1.2054514234e+17  1.52857e+03   4.39212e+02   1.50181e+04   2.39253e+03   2.45755e+06   1.04542e+06   1.01751e+04   2.25094e-04   1.19543e-07   1.19749e-07   -1.57247e-11  1.11335e-18   2.44624e-06   -1.54828e-06  
1.2072044080e+17  1.53083e+03   4.74774e+02   1.58624e+04   2.44278e+03   2.45449e+06   1.01662e+06   1.01878e+04   2.18484e-04   1.19901e-07   1.20114e-07   -1.65726e-11  1.11263e-18   2.57295e-06   -1.62880e-06  
1.2090091716e+17  1.53317e+03   5.13373e+02   1.63513e+04   2.49281e+03   2.45117e+06   9.87801e+05   1.02015e+04   2.10674e-04   1.20139e-07   1.20360e-07   -1.74824e-11  1.10562e-18   1.88629e-06   -1.71142e-06  
1.2108586928e+17  1.53556e+03   5.54879e+02   1.68378e+04   2.54191e+03   2.44757e+06   9.59149e+05   1.02165e+04   2.01143e-04   1.20244e-07   1.20473e-07   -1.84487e-11  1.09308e-18   1.69371e-06   -1.79911e-06  
1.2127397714e+17  1.53800e+03   5.98882e+02   1.73253e+04   2.58984e+03   2.44371e+06   9.30948e+05   1.02325e+04   1.89365e-04   1.20206e-07   1.20444e-07   -1.94831e-11  1.07645e-18   1.60001e-06   -1.88770e-06  
1.2146625977e+17  1.54049e+03   6.45391e+02   1.78202e+04   2.63712e+03   2.43953e+06   9.03112e+05   1.02499e+04   1.74779e-04   1.20017e-07   1.20263e-07   -2.05784e-11  1.05659e-18   9.17745e-07   -1.98071e-06  
1.2165965525e+17  1.54301e+03   6.93309e+02   1.83201e+04   2.68274e+03   2.43512e+06   8.76130e+05   1.02683e+04   1.57281e-04   1.19676e-07   1.19931e-07   -2.17030e-11  1.03359e-18   3.23478e-07   -2.07825e-06  
1.2185439048e+17  1.54554e+03   7.42243e+02   1.88319e+04   2.72618e+03   2.43045e+06   8.49987e+05   1.02878e+04   1.36219e-04   1.19185e-07   1.19448e-07   -2.28420e-11  9.98804e-19   -1.94531e-07  -2.17752e-06  
1.2204929070e+17  1.54809e+03   7.91365e+02   1.93601e+04   2.76721e+03   2.42555e+06   8.24841e+05   1.03083e+04   1.11426e-04   1.18552e-07   1.18825e-07   -2.39788e-11  9.22551e-19   -2.90810e-07  -2.27875e-06  
1.2224570540e+17  1.55065e+03   8.40465e+02   1.99175e+04   2.80611e+03   2.42041e+06   8.00515e+05   1.03298e+04   8.23384e-05   1.17782e-07   1.18064e-07   -2.50999e-11  8.39472e-19   -3.77776e-07  -2.37986e-06  
1.2244361586e+17  1.55325e+03   8.88978e+02   2.05166e+04   2.84279e+03   2.41502e+06   7.77012e+05   1.03524e+04   4.89612e-05   1.16883e-07   1.17174e-07   -2.61847e-11  6.82047e-19   -6.90472e-07  -2.48162e-06  
1.2264281421e+17  1.55587e+03   9.36292e+02   2.11754e+04   2.87735e+03   2.40940e+06   7.54354e+05   1.03761e+04   1.25533e-05   1.15867e-07   1.16169e-07   -2.72141e-11  2.72665e-19   -7.45550e-07  -2.58355e-06  
1.2270085106e+17  1.55709e+03   4.77108e+03   2.13778e+04   2.88718e+03   6.05225e+05   7.47936e+05   5.62816e+04   -1.57951e+01  2.13169e-08   2.13740e-08   -3.98814e-09  1.99052e+16   -1.91077e+22  -2.65919e-06  
1.2270085106e+17  1.55709e+03   4.77108e+03   2.13778e+04   2.88718e+03   6.05225e+05   7.47936e+05   5.62816e+04   -1.57951e+01  2.13169e-08   2.13740e-08   -3.98814e-09  -1.56395e+17  -1.11801e+20  -2.65919e-06  
