# The contrubition of interstellar infrared, optical, UV, CR induced UV radiation fields to dust heating, standard conditions
# v_ext      total(erg/s) ir(fraction) vis          uv           fuv          cr           | 
0.000e+00    1.787e-12    1.591e-01    1.220e-01    9.218e-02    6.267e-01    1.149e-05    | 
1.000e-01    1.583e-12    1.741e-01    1.252e-01    9.172e-02    6.090e-01    1.297e-05    | 
1.080e-01    1.568e-12    1.753e-01    1.255e-01    9.168e-02    6.075e-01    1.309e-05    | 
1.166e-01    1.552e-12    1.767e-01    1.257e-01    9.163e-02    6.060e-01    1.323e-05    | 
1.259e-01    1.535e-12    1.781e-01    1.260e-01    9.157e-02    6.043e-01    1.337e-05    | 
1.359e-01    1.517e-12    1.797e-01    1.263e-01    9.151e-02    6.024e-01    1.353e-05    | 
1.468e-01    1.497e-12    1.814e-01    1.267e-01    9.144e-02    6.005e-01    1.371e-05    | 
1.585e-01    1.476e-12    1.833e-01    1.270e-01    9.136e-02    5.983e-01    1.390e-05    | 
1.711e-01    1.455e-12    1.853e-01    1.274e-01    9.127e-02    5.960e-01    1.411e-05    | 
1.848e-01    1.431e-12    1.876e-01    1.278e-01    9.117e-02    5.934e-01    1.434e-05    | 
1.995e-01    1.407e-12    1.900e-01    1.282e-01    9.106e-02    5.907e-01    1.459e-05    | 
2.154e-01    1.381e-12    1.926e-01    1.287e-01    9.094e-02    5.877e-01    1.487e-05    | 
2.326e-01    1.353e-12    1.955e-01    1.292e-01    9.080e-02    5.845e-01    1.517e-05    | 
2.512e-01    1.324e-12    1.987e-01    1.297e-01    9.064e-02    5.810e-01    1.550e-05    | 
2.712e-01    1.294e-12    2.021e-01    1.303e-01    9.046e-02    5.772e-01    1.587e-05    | 
2.929e-01    1.262e-12    2.059e-01    1.308e-01    9.026e-02    5.730e-01    1.627e-05    | 
3.162e-01    1.228e-12    2.100e-01    1.315e-01    9.003e-02    5.685e-01    1.671e-05    | 
3.415e-01    1.193e-12    2.145e-01    1.321e-01    8.976e-02    5.636e-01    1.720e-05    | 
3.687e-01    1.157e-12    2.194e-01    1.328e-01    8.947e-02    5.583e-01    1.774e-05    | 
3.981e-01    1.119e-12    2.249e-01    1.335e-01    8.913e-02    5.524e-01    1.834e-05    | 
4.299e-01    1.080e-12    2.308e-01    1.343e-01    8.874e-02    5.461e-01    1.901e-05    | 
4.642e-01    1.040e-12    2.374e-01    1.351e-01    8.830e-02    5.392e-01    1.975e-05    | 
5.012e-01    9.979e-13    2.446e-01    1.359e-01    8.779e-02    5.317e-01    2.057e-05    | 
5.412e-01    9.553e-13    2.525e-01    1.367e-01    8.721e-02    5.235e-01    2.149e-05    | 
5.843e-01    9.117e-13    2.613e-01    1.375e-01    8.655e-02    5.146e-01    2.251e-05    | 
6.310e-01    8.675e-13    2.710e-01    1.383e-01    8.579e-02    5.049e-01    2.366e-05    | 
6.813e-01    8.226e-13    2.816e-01    1.391e-01    8.492e-02    4.943e-01    2.495e-05    | 
7.356e-01    7.775e-13    2.934e-01    1.398e-01    8.392e-02    4.828e-01    2.640e-05    | 
7.943e-01    7.322e-13    3.065e-01    1.405e-01    8.277e-02    4.702e-01    2.803e-05    | 
8.577e-01    6.871e-13    3.209e-01    1.411e-01    8.146e-02    4.565e-01    2.987e-05    | 
9.261e-01    6.424e-13    3.368e-01    1.415e-01    7.996e-02    4.417e-01    3.195e-05    | 
1.000e+00    5.983e-13    3.543e-01    1.418e-01    7.825e-02    4.255e-01    3.431e-05    | 
1.080e+00    5.552e-13    3.737e-01    1.419e-01    7.629e-02    4.081e-01    3.697e-05    | 
1.166e+00    5.134e-13    3.950e-01    1.416e-01    7.408e-02    3.892e-01    3.998e-05    | 
1.259e+00    4.729e-13    4.184e-01    1.409e-01    7.156e-02    3.690e-01    4.340e-05    | 
1.359e+00    4.342e-13    4.441e-01    1.398e-01    6.873e-02    3.473e-01    4.727e-05    | 
1.468e+00    3.974e-13    4.720e-01    1.382e-01    6.557e-02    3.242e-01    5.165e-05    | 
1.585e+00    3.628e-13    5.022e-01    1.358e-01    6.205e-02    2.998e-01    5.658e-05    | 
1.711e+00    3.304e-13    5.347e-01    1.327e-01    5.818e-02    2.743e-01    6.213e-05    | 
1.848e+00    3.003e-13    5.692e-01    1.288e-01    5.397e-02    2.479e-01    6.835e-05    | 
1.995e+00    2.727e-13    6.056e-01    1.239e-01    4.945e-02    2.209e-01    7.527e-05    | 
2.154e+00    2.475e-13    6.435e-01    1.180e-01    4.468e-02    1.936e-01    8.294e-05    | 
2.326e+00    2.248e-13    6.823e-01    1.110e-01    3.971e-02    1.668e-01    9.130e-05    | 
2.512e+00    2.044e-13    7.211e-01    1.032e-01    3.463e-02    1.409e-01    1.004e-04    | 
2.712e+00    1.862e-13    7.593e-01    9.448e-02    2.964e-02    1.163e-01    1.103e-04    | 
2.929e+00    1.700e-13    7.961e-01    8.512e-02    2.481e-02    9.380e-02    1.207e-04    | 
3.162e+00    1.558e-13    8.305e-01    7.534e-02    2.027e-02    7.364e-02    1.318e-04    | 
3.415e+00    1.432e-13    8.620e-01    6.541e-02    1.613e-02    5.618e-02    1.433e-04    | 
3.687e+00    1.322e-13    8.900e-01    5.565e-02    1.246e-02    4.157e-02    1.553e-04    | 
3.981e+00    1.224e-13    9.142e-01    4.633e-02    9.353e-03    2.977e-02    1.677e-04    | 
4.299e+00    1.138e-13    9.346e-01    3.772e-02    6.802e-03    2.059e-02    1.804e-04    | 
4.642e+00    1.061e-13    9.512e-01    2.999e-02    4.782e-03    1.372e-02    1.935e-04    | 
5.012e+00    9.920e-14    9.643e-01    2.326e-02    3.244e-03    8.797e-03    2.069e-04    | 
5.412e+00    9.298e-14    9.745e-01    1.759e-02    2.118e-03    5.411e-03    2.208e-04    | 
5.843e+00    8.731e-14    9.821e-01    1.296e-02    1.329e-03    3.185e-03    2.351e-04    | 
6.310e+00    8.212e-14    9.877e-01    9.280e-03    7.987e-04    1.790e-03    2.499e-04    | 
6.813e+00    7.734e-14    9.917e-01    6.455e-03    4.586e-04    9.563e-04    2.654e-04    | 
7.356e+00    7.289e-14    9.944e-01    4.354e-03    2.508e-04    4.845e-04    2.816e-04    | 
7.943e+00    6.875e-14    9.963e-01    2.843e-03    1.302e-04    2.318e-04    2.986e-04    | 
8.577e+00    6.487e-14    9.975e-01    1.793e-03    6.391e-05    1.042e-04    3.164e-04    | 
9.261e+00    6.123e-14    9.982e-01    1.090e-03    2.954e-05    4.388e-05    3.352e-04    | 
1.000e+01    5.781e-14    9.987e-01    6.376e-04    1.280e-05    1.720e-05    3.551e-04    | 
1.080e+01    5.458e-14    9.990e-01    3.576e-04    5.172e-06    6.242e-06    3.761e-04    | 
1.166e+01    5.153e-14    9.991e-01    1.918e-04    1.940e-06    2.085e-06    3.983e-04    | 
1.259e+01    4.865e-14    9.991e-01    9.805e-05    6.713e-07    6.365e-07    4.219e-04    | 
1.359e+01    4.592e-14    9.991e-01    4.760e-05    2.131e-07    1.762e-07    4.470e-04    | 
1.468e+01    4.332e-14    9.991e-01    2.187e-05    6.160e-08    4.415e-08    4.738e-04    | 
1.585e+01    4.086e-14    9.991e-01    9.466e-06    1.611e-08    9.879e-09    5.024e-04    | 
1.711e+01    3.851e-14    9.990e-01    3.842e-06    3.780e-09    1.957e-09    5.330e-04    | 
1.848e+01    3.627e-14    9.990e-01    1.455e-06    7.893e-10    3.401e-10    5.659e-04    | 
1.995e+01    3.414e-14    9.989e-01    5.114e-07    1.454e-10    5.135e-11    6.013e-04    | 
2.154e+01    3.210e-14    9.988e-01    1.658e-07    2.339e-11    6.660e-12    6.394e-04    | 
2.326e+01    3.015e-14    9.988e-01    4.925e-08    3.252e-12    7.319e-13    6.808e-04    | 
2.512e+01    2.829e-14    9.987e-01    1.332e-08    3.862e-13    6.749e-14    7.256e-04    | 
2.712e+01    2.651e-14    9.986e-01    3.250e-09    3.870e-14    5.140e-15    7.744e-04    | 
2.929e+01    2.480e-14    9.985e-01    7.112e-10    3.229e-15    3.185e-16    8.276e-04    | 
3.162e+01    2.317e-14    9.984e-01    1.382e-10    2.211e-16    1.580e-17    8.857e-04    | 
3.415e+01    2.162e-14    9.983e-01    2.363e-11    1.223e-17    6.158e-19    9.495e-04    | 
3.687e+01    2.013e-14    9.982e-01    3.518e-12    5.373e-19    1.852e-20    1.020e-03    | 
3.981e+01    1.871e-14    9.980e-01    4.508e-13    1.842e-20    4.205e-22    1.097e-03    | 
4.299e+01    1.737e-14    9.979e-01    4.916e-14    4.827e-22    7.054e-24    1.182e-03    | 
4.642e+01    1.609e-14    9.977e-01    4.506e-15    9.471e-24    8.530e-26    1.276e-03    | 
5.012e+01    1.487e-14    9.975e-01    3.416e-16    1.359e-25    7.244e-28    1.380e-03    | 
5.412e+01    1.373e-14    9.973e-01    2.112e-17    1.392e-27    4.199e-30    1.495e-03    | 
5.843e+01    1.295e-14    9.971e-01    1.023e-18    9.652e-30    1.573e-32    1.585e-03    | 
6.310e+01    1.194e-14    9.969e-01    3.988e-20    4.617e-32    3.862e-35    1.719e-03    | 
6.813e+01    1.068e-14    9.965e-01    1.237e-21    1.485e-34    6.021e-38    1.922e-03    | 
7.356e+01    9.794e-15    9.962e-01    2.828e-23    2.939e-37    5.436e-41    2.096e-03    | 
7.943e+01    8.973e-15    9.959e-01    4.785e-25    3.539e-40    2.797e-44    2.288e-03    | 
8.577e+01    8.210e-15    9.955e-01    5.849e-27    2.494e-43    7.846e-48    2.500e-03    | 
