! p1 - total abundance of grain mantle molecules, [molecules/H]
! p2 - abundance of hydrocarbon molecules in ice mantles, CnHm, n >=2,  [molecules/H]
! p3 - parameter of H2 formation on grains (reaction *H+*H), rate = a*n_H_tot*n_H, a [cm3 s-1]
! p4 - electron concentration, [cm-3]
! p5 - ion concentration (without PAHs and small grains), [cm-3]
! p6 - total electric charge of grains, [cm-3]
!1             2             3             4             5             6             7             8             9             10            11            
!time(yrs)     T_n           T_i           T_e           oph2          p1            p2            p3            p4            p5            p6            
1.0000000e+00  1.00030e+01   1.00112e+01   1.00112e+01   1.00000e-01   1.96309e-09   2.44064e-15   1.19892e-21   2.78996e+00   2.78997e+00   -2.21147e-07  
1.0746078e+00  1.00033e+01   1.00116e+01   1.00116e+01   1.00000e-01   2.10954e-09   3.00561e-15   1.28293e-21   2.78906e+00   2.78906e+00   -2.21147e-07  
1.1547820e+00  1.00036e+01   1.00120e+01   1.00120e+01   1.00000e-01   2.26692e-09   3.69641e-15   1.37344e-21   2.78809e+00   2.78809e+00   -2.21148e-07  
1.2409378e+00  1.00039e+01   1.00125e+01   1.00125e+01   1.00000e-01   2.43605e-09   4.53932e-15   1.46696e-21   2.78704e+00   2.78704e+00   -2.21148e-07  
1.3335214e+00  1.00042e+01   1.00130e+01   1.00130e+01   1.00000e-01   2.61780e-09   5.56552e-15   1.56699e-21   2.78591e+00   2.78591e+00   -2.21149e-07  
1.4330126e+00  1.00045e+01   1.00136e+01   1.00136e+01   1.00000e-01   2.81313e-09   6.81175e-15   1.67352e-21   2.78470e+00   2.78470e+00   -2.21150e-07  
1.5399265e+00  1.00049e+01   1.00142e+01   1.00142e+01   1.00000e-01   3.02303e-09   8.32104e-15   1.78694e-21   2.78339e+00   2.78339e+00   -2.21150e-07  
1.6548171e+00  1.00054e+01   1.00148e+01   1.00148e+01   1.00000e-01   3.24860e-09   1.01434e-14   1.90572e-21   2.78199e+00   2.78199e+00   -2.21151e-07  
1.7782794e+00  1.00058e+01   1.00155e+01   1.00155e+01   1.00000e-01   3.49102e-09   1.23364e-14   2.03215e-21   2.78048e+00   2.78048e+00   -2.21152e-07  
1.9109530e+00  1.00063e+01   1.00163e+01   1.00163e+01   1.00000e-01   3.75153e-09   1.49659e-14   2.16405e-21   2.77886e+00   2.77886e+00   -2.21153e-07  
2.0535250e+00  1.00069e+01   1.00171e+01   1.00171e+01   1.00000e-01   4.03150e-09   1.81064e-14   2.30731e-21   2.77711e+00   2.77711e+00   -2.21154e-07  
2.2067341e+00  1.00075e+01   1.00180e+01   1.00180e+01   1.00000e-01   4.33238e-09   2.18414e-14   2.45634e-21   2.77523e+00   2.77523e+00   -2.21155e-07  
2.3713737e+00  1.00082e+01   1.00189e+01   1.00189e+01   1.00000e-01   4.65572e-09   2.62637e-14   2.61452e-21   2.77320e+00   2.77320e+00   -2.21156e-07  
2.5482967e+00  1.00089e+01   1.00200e+01   1.00200e+01   1.00000e-01   5.00322e-09   3.14753e-14   2.78107e-21   2.77103e+00   2.77103e+00   -2.21157e-07  
2.7384196e+00  1.00097e+01   1.00211e+01   1.00211e+01   1.00000e-01   5.37666e-09   3.75876e-14   2.95674e-21   2.76869e+00   2.76869e+00   -2.21158e-07  
2.9427272e+00  1.00106e+01   1.00223e+01   1.00223e+01   1.00000e-01   5.77801e-09   4.47224e-14   3.14060e-21   2.76617e+00   2.76617e+00   -2.21160e-07  
3.1622777e+00  1.00116e+01   1.00236e+01   1.00236e+01   1.00000e-01   6.20933e-09   5.30123e-14   3.33567e-21   2.76346e+00   2.76346e+00   -2.21161e-07  
3.3982083e+00  1.00127e+01   1.00250e+01   1.00250e+01   1.00000e-01   6.67288e-09   6.26042e-14   3.54213e-21   2.76054e+00   2.76054e+00   -2.21163e-07  
3.6517413e+00  1.00139e+01   1.00265e+01   1.00265e+01   1.00000e-01   7.17106e-09   7.36628e-14   3.76011e-21   2.75740e+00   2.75740e+00   -2.21165e-07  
3.9241898e+00  1.00152e+01   1.00282e+01   1.00282e+01   1.00000e-01   7.70647e-09   8.63782e-14   3.99227e-21   2.75403e+00   2.75403e+00   -2.21167e-07  
4.2169650e+00  1.00166e+01   1.00300e+01   1.00300e+01   1.00000e-01   8.28189e-09   1.00975e-13   4.23590e-21   2.75040e+00   2.75040e+00   -2.21169e-07  
4.5315836e+00  1.00182e+01   1.00319e+01   1.00319e+01   1.00000e-01   8.90032e-09   1.17726e-13   4.49853e-21   2.74650e+00   2.74650e+00   -2.21171e-07  
4.8696753e+00  1.00199e+01   1.00340e+01   1.00340e+01   1.00000e-01   9.56496e-09   1.36967e-13   4.77990e-21   2.74230e+00   2.74230e+00   -2.21173e-07  
5.2329911e+00  1.00218e+01   1.00363e+01   1.00363e+01   1.00000e-01   1.02793e-08   1.59114e-13   5.08639e-21   2.73779e+00   2.73780e+00   -2.21176e-07  
5.6234133e+00  1.00239e+01   1.00388e+01   1.00388e+01   1.00000e-01   1.10470e-08   1.84678e-13   5.42205e-21   2.73295e+00   2.73295e+00   -2.21179e-07  
6.0429639e+00  1.00261e+01   1.00414e+01   1.00414e+01   1.00000e-01   1.18721e-08   2.14285e-13   5.79548e-21   2.72774e+00   2.72774e+00   -2.21182e-07  
6.4938163e+00  1.00286e+01   1.00443e+01   1.00443e+01   1.00000e-01   1.27588e-08   2.48686e-13   6.21481e-21   2.72214e+00   2.72215e+00   -2.21185e-07  
6.9783058e+00  1.00314e+01   1.00475e+01   1.00475e+01   1.00000e-01   1.37118e-08   2.88772e-13   6.69438e-21   2.71614e+00   2.71614e+00   -2.21189e-07  
7.4989421e+00  1.00344e+01   1.00509e+01   1.00509e+01   1.00000e-01   1.47359e-08   3.35587e-13   7.25363e-21   2.70969e+00   2.70969e+00   -2.21193e-07  
8.0584219e+00  1.00377e+01   1.00545e+01   1.00545e+01   1.00000e-01   1.58366e-08   3.90338e-13   7.91401e-21   2.70276e+00   2.70276e+00   -2.21198e-07  
8.6596432e+00  1.00413e+01   1.00585e+01   1.00585e+01   1.00000e-01   1.70192e-08   4.54421e-13   8.71332e-21   2.69534e+00   2.69534e+00   -2.21202e-07  
9.3057204e+00  1.00453e+01   1.00629e+01   1.00629e+01   1.00000e-01   1.82900e-08   5.29435e-13   9.69190e-21   2.68738e+00   2.68738e+00   -2.21207e-07  
1.0000000e+01  1.00496e+01   1.00676e+01   1.00676e+01   1.00000e-01   1.96553e-08   6.17207e-13   1.09088e-20   2.67884e+00   2.67884e+00   -2.21213e-07  
1.0746078e+01  1.00543e+01   1.00727e+01   1.00727e+01   1.00000e-01   2.11220e-08   7.19827e-13   1.24384e-20   2.66970e+00   2.66970e+00   -2.21219e-07  
1.1547820e+01  1.00595e+01   1.00782e+01   1.00782e+01   1.00000e-01   2.26972e-08   8.39665e-13   1.43825e-20   2.65991e+00   2.65992e+00   -2.21226e-07  
1.2409378e+01  1.00651e+01   1.00842e+01   1.00842e+01   1.00000e-01   2.43887e-08   9.79414e-13   1.68630e-20   2.64944e+00   2.64944e+00   -2.21233e-07  
1.3335214e+01  1.00712e+01   1.00906e+01   1.00906e+01   1.00000e-01   2.62043e-08   1.14211e-12   2.00340e-20   2.63824e+00   2.63824e+00   -2.21240e-07  
1.4330126e+01  1.00779e+01   1.00977e+01   1.00977e+01   1.00000e-01   2.81526e-08   1.33119e-12   2.41022e-20   2.62628e+00   2.62628e+00   -2.21249e-07  
1.5399265e+01  1.00852e+01   1.01053e+01   1.01053e+01   1.00000e-01   3.02423e-08   1.55050e-12   2.92797e-20   2.61350e+00   2.61350e+00   -2.21258e-07  
1.6548171e+01  1.00931e+01   1.01135e+01   1.01135e+01   1.00000e-01   3.24825e-08   1.80436e-12   3.58414e-20   2.59986e+00   2.59986e+00   -2.21268e-07  
1.7782794e+01  1.01017e+01   1.01224e+01   1.01224e+01   1.00000e-01   3.48828e-08   2.09761e-12   4.40222e-20   2.58531e+00   2.58531e+00   -2.21279e-07  
1.9109530e+01  1.01110e+01   1.01321e+01   1.01321e+01   1.00000e-01   3.74533e-08   2.43565e-12   5.41253e-20   2.56982e+00   2.56982e+00   -2.21290e-07  
2.0535250e+01  1.01212e+01   1.01425e+01   1.01425e+01   1.00000e-01   4.02044e-08   2.82452e-12   6.63595e-20   2.55332e+00   2.55332e+00   -2.21303e-07  
2.2067341e+01  1.01322e+01   1.01539e+01   1.01539e+01   1.00000e-01   4.31478e-08   3.27096e-12   8.08605e-20   2.53577e+00   2.53577e+00   -2.21317e-07  
2.3713737e+01  1.01441e+01   1.01661e+01   1.01661e+01   1.00000e-01   4.62958e-08   3.78250e-12   9.76368e-20   2.51712e+00   2.51712e+00   -2.21331e-07  
2.5482967e+01  1.01571e+01   1.01793e+01   1.01793e+01   1.00000e-01   4.96623e-08   4.36758e-12   1.16543e-19   2.49732e+00   2.49732e+00   -2.21347e-07  
2.7384196e+01  1.01711e+01   1.01937e+01   1.01937e+01   1.00000e-01   5.32628e-08   5.03563e-12   1.37280e-19   2.47632e+00   2.47632e+00   -2.21365e-07  
2.9427272e+01  1.01862e+01   1.02091e+01   1.02091e+01   1.00000e-01   5.71148e-08   5.79727e-12   1.59432e-19   2.45407e+00   2.45407e+00   -2.21384e-07  
3.1622777e+01  1.02026e+01   1.02258e+01   1.02258e+01   1.00000e-01   6.12378e-08   6.66447e-12   1.82542e-19   2.43052e+00   2.43052e+00   -2.21404e-07  
3.3982083e+01  1.02202e+01   1.02439e+01   1.02438e+01   1.00000e-01   6.56528e-08   7.65078e-12   2.06194e-19   2.40562e+00   2.40562e+00   -2.21426e-07  
3.6517413e+01  1.02393e+01   1.02633e+01   1.02633e+01   1.00000e-01   7.03828e-08   8.77157e-12   2.30098e-19   2.37933e+00   2.37933e+00   -2.21450e-07  
3.9241898e+01  1.02599e+01   1.02843e+01   1.02843e+01   1.00000e-01   7.54518e-08   1.00444e-11   2.54132e-19   2.35160e+00   2.35160e+00   -2.21476e-07  
4.2169650e+01  1.02821e+01   1.03069e+01   1.03069e+01   1.00000e-01   8.08848e-08   1.14892e-11   2.78337e-19   2.32239e+00   2.32239e+00   -2.21504e-07  
4.5315836e+01  1.03061e+01   1.03313e+01   1.03313e+01   1.00000e-01   8.67075e-08   1.31291e-11   3.02867e-19   2.29166e+00   2.29167e+00   -2.21534e-07  
4.8696753e+01  1.03319e+01   1.03575e+01   1.03575e+01   1.00000e-01   9.29465e-08   1.49905e-11   3.27928e-19   2.25938e+00   2.25939e+00   -2.21567e-07  
5.2329911e+01  1.03596e+01   1.03858e+01   1.03858e+01   1.00000e-01   9.96298e-08   1.71041e-11   3.53726e-19   2.22552e+00   2.22552e+00   -2.21602e-07  
5.6234133e+01  1.03895e+01   1.04161e+01   1.04161e+01   1.00000e-01   1.06787e-07   1.95052e-11   3.80455e-19   2.19005e+00   2.19005e+00   -2.21640e-07  
6.0429639e+01  1.04216e+01   1.04488e+01   1.04488e+01   1.00000e-01   1.14449e-07   2.22350e-11   4.08291e-19   2.15294e+00   2.15295e+00   -2.21681e-07  
6.4938163e+01  1.04561e+01   1.04839e+01   1.04839e+01   1.00000e-01   1.22649e-07   2.53410e-11   4.37394e-19   2.11420e+00   2.11420e+00   -2.21725e-07  
6.9783058e+01  1.04932e+01   1.05216e+01   1.05216e+01   1.00000e-01   1.31423e-07   2.88787e-11   4.67914e-19   2.07380e+00   2.07381e+00   -2.21773e-07  
7.4989421e+01  1.05330e+01   1.05621e+01   1.05621e+01   1.00000e-01   1.40807e-07   3.29127e-11   4.99993e-19   2.03175e+00   2.03175e+00   -2.21801e-07  
8.0584219e+01  1.05757e+01   1.06055e+01   1.06055e+01   1.00000e-01   1.50842e-07   3.75180e-11   5.33766e-19   1.98804e+00   1.98804e+00   -2.21830e-07  
8.6596432e+01  1.06215e+01   1.06521e+01   1.06521e+01   1.00000e-01   1.61569e-07   4.27823e-11   5.69367e-19   1.94269e+00   1.94269e+00   -2.21860e-07  
9.3057204e+01  1.06705e+01   1.07020e+01   1.07020e+01   1.00000e-01   1.73033e-07   4.88075e-11   6.06923e-19   1.89572e+00   1.89572e+00   -2.21893e-07  
1.0000000e+02  1.07231e+01   1.07554e+01   1.07554e+01   1.00000e-01   1.85281e-07   5.57123e-11   6.46563e-19   1.84716e+00   1.84716e+00   -2.21928e-07  
1.0746078e+02  1.07794e+01   1.08127e+01   1.08127e+01   1.00000e-01   1.98363e-07   6.36350e-11   6.88418e-19   1.79704e+00   1.79705e+00   -2.21965e-07  
1.1547820e+02  1.08396e+01   1.08739e+01   1.08739e+01   1.00000e-01   2.12332e-07   7.27366e-11   7.32615e-19   1.74543e+00   1.74543e+00   -2.22006e-07  
1.2409378e+02  1.09040e+01   1.09395e+01   1.09395e+01   1.00000e-01   2.27244e-07   8.32042e-11   7.79294e-19   1.69236e+00   1.69237e+00   -2.22049e-07  
1.3335214e+02  1.09728e+01   1.10095e+01   1.10095e+01   1.00000e-01   2.43159e-07   9.52549e-11   8.28597e-19   1.63791e+00   1.63792e+00   -2.22096e-07  
1.4330126e+02  1.10463e+01   1.10842e+01   1.10842e+01   1.00000e-01   2.60139e-07   1.09140e-10   8.80676e-19   1.58215e+00   1.58216e+00   -2.22145e-07  
1.5399265e+02  1.11247e+01   1.11640e+01   1.11640e+01   1.00000e-01   2.78253e-07   1.25152e-10   9.35695e-19   1.52517e+00   1.52518e+00   -2.22199e-07  
1.6548171e+02  1.12083e+01   1.12490e+01   1.12490e+01   1.00000e-01   2.97572e-07   1.43626e-10   9.93836e-19   1.46706e+00   1.46706e+00   -2.22255e-07  
1.7782794e+02  1.12973e+01   1.13395e+01   1.13395e+01   1.00000e-01   3.18171e-07   1.64947e-10   1.05530e-18   1.40791e+00   1.40792e+00   -2.22316e-07  
1.9109530e+02  1.13919e+01   1.14358e+01   1.14358e+01   1.00000e-01   3.40134e-07   1.89558e-10   1.12031e-18   1.34786e+00   1.34787e+00   -2.22381e-07  
2.0535250e+02  1.14925e+01   1.15380e+01   1.15380e+01   1.00000e-01   3.63546e-07   2.17959e-10   1.18912e-18   1.28701e+00   1.28702e+00   -2.22449e-07  
2.2067341e+02  1.15991e+01   1.16464e+01   1.16463e+01   1.00000e-01   3.88502e-07   2.50717e-10   1.26202e-18   1.22550e+00   1.22551e+00   -2.22522e-07  
2.3713737e+02  1.17119e+01   1.17610e+01   1.17610e+01   1.00000e-01   4.15103e-07   2.88462e-10   1.33934e-18   1.16348e+00   1.16349e+00   -2.22598e-07  
2.5482967e+02  1.18311e+01   1.18821e+01   1.18821e+01   1.00000e-01   4.43459e-07   3.31893e-10   1.42147e-18   1.10110e+00   1.10112e+00   -2.22679e-07  
2.7384196e+02  1.19566e+01   1.20097e+01   1.20097e+01   1.00000e-01   4.73687e-07   3.81763e-10   1.50883e-18   1.03855e+00   1.03857e+00   -2.22763e-07  
2.9427272e+02  1.20886e+01   1.21437e+01   1.21437e+01   1.00000e-01   5.05918e-07   4.38870e-10   1.60188e-18   9.76005e-01   9.76028e-01   -2.22851e-07  
3.1622777e+02  1.22268e+01   1.22842e+01   1.22842e+01   1.00000e-01   5.40295e-07   5.04029e-10   1.70106e-18   9.13689e-01   9.13714e-01   -2.22941e-07  
3.3982083e+02  1.23712e+01   1.24309e+01   1.24309e+01   1.00000e-01   5.76978e-07   5.78029e-10   1.80656e-18   8.51830e-01   8.51859e-01   -2.23033e-07  
3.6517413e+02  1.25214e+01   1.25836e+01   1.25836e+01   1.00000e-01   6.16156e-07   6.61568e-10   1.91753e-18   7.90683e-01   7.90716e-01   -2.23126e-07  
3.9241898e+02  1.26771e+01   1.27420e+01   1.27419e+01   1.00000e-01   6.58075e-07   7.55177e-10   2.02829e-18   7.30529e-01   7.30566e-01   -2.23218e-07  
4.2169650e+02  1.28378e+01   1.29055e+01   1.29054e+01   1.00000e-01   7.03219e-07   8.59292e-10   2.09363e-18   6.71669e-01   6.71710e-01   -2.23307e-07  
4.5315836e+02  1.30028e+01   1.30737e+01   1.30736e+01   1.00000e-01   7.59690e-07   1.11936e-09   6.04225e-19   6.14424e-01   6.14469e-01   -2.23392e-07  
4.8696753e+02  1.31715e+01   1.32459e+01   1.32458e+01   1.00000e-01   8.47979e-07   2.65536e-09   6.60539e-19   5.59130e-01   5.59180e-01   -2.23469e-07  
5.2329911e+02  1.33433e+01   1.34216e+01   1.34215e+01   1.00000e-01   9.44749e-07   4.45859e-09   7.20326e-19   5.06095e-01   5.06149e-01   -2.23461e-07  
5.6234133e+02  1.35173e+01   1.36001e+01   1.36000e+01   1.00000e-01   1.05078e-06   6.54001e-09   7.80976e-19   4.55618e-01   4.55677e-01   -2.23434e-07  
6.0429639e+02  1.36930e+01   1.37810e+01   1.37809e+01   1.00000e-01   1.16691e-06   8.90751e-09   8.42910e-19   4.08001e-01   4.08063e-01   -2.23387e-07  
6.4938163e+02  1.38699e+01   1.39639e+01   1.39638e+01   1.00000e-01   1.29403e-06   1.15666e-08   9.06464e-19   3.63493e-01   3.63559e-01   -2.23314e-07  
6.9783058e+02  1.40474e+01   1.41487e+01   1.41486e+01   1.00000e-01   1.43313e-06   1.45203e-08   9.72035e-19   3.22279e-01   3.22348e-01   -2.23210e-07  
7.4989421e+02  1.42256e+01   1.43355e+01   1.43353e+01   1.00000e-01   1.58526e-06   1.77682e-08   1.04018e-18   2.84462e-01   2.84533e-01   -2.23071e-07  
8.0584219e+02  1.44046e+01   1.45248e+01   1.45246e+01   1.00000e-01   1.75158e-06   2.13059e-08   1.11166e-18   2.50059e-01   2.50132e-01   -2.22889e-07  
8.6596432e+02  1.45849e+01   1.47176e+01   1.47173e+01   1.00000e-01   1.93338e-06   2.51234e-08   1.18751e-18   2.19003e-01   2.19078e-01   -2.22657e-07  
9.3057204e+02  1.47673e+01   1.49150e+01   1.49147e+01   1.00000e-01   2.13207e-06   2.92028e-08   1.26906e-18   1.91155e-01   1.91231e-01   -2.22368e-07  
1.0000000e+03  1.49528e+01   1.51186e+01   1.51182e+01   1.00000e-01   2.34921e-06   3.35167e-08   1.35806e-18   1.66321e-01   1.66398e-01   -2.22010e-07  
1.0746078e+03  1.51427e+01   1.53305e+01   1.53300e+01   1.00000e-01   2.58651e-06   3.80246e-08   1.45686e-18   1.44271e-01   1.44350e-01   -2.21573e-07  
1.1547820e+03  1.53388e+01   1.55529e+01   1.55523e+01   1.00000e-01   2.84588e-06   4.26704e-08   1.56873e-18   1.24763e-01   1.24844e-01   -2.21042e-07  
1.2409378e+03  1.55426e+01   1.57886e+01   1.57879e+01   1.00000e-01   3.12939e-06   4.73796e-08   1.69839e-18   1.07558e-01   1.07642e-01   -2.20400e-07  
1.3335214e+03  1.57562e+01   1.60407e+01   1.60397e+01   1.00000e-01   3.43934e-06   5.20574e-08   1.85279e-18   9.24379e-02   9.25260e-02   -2.19627e-07  
1.4330126e+03  1.59818e+01   1.63125e+01   1.63113e+01   1.00000e-01   3.77818e-06   5.65900e-08   2.04216e-18   7.92081e-02   7.93015e-02   -2.18699e-07  
1.5399265e+03  1.62215e+01   1.66077e+01   1.66062e+01   1.00000e-01   4.14856e-06   6.08515e-08   2.28101e-18   6.77039e-02   6.78040e-02   -2.17592e-07  
1.6548171e+03  1.64779e+01   1.69302e+01   1.69282e+01   1.00000e-01   4.55322e-06   6.47218e-08   2.58774e-18   5.77795e-02   5.78876e-02   -2.16232e-07  
1.7782794e+03  1.67534e+01   1.72836e+01   1.72810e+01   1.00000e-01   4.99491e-06   6.81160e-08   2.97997e-18   4.93036e-02   4.94210e-02   -2.14639e-07  
1.9109530e+03  1.70505e+01   1.76706e+01   1.76673e+01   1.00000e-01   5.47634e-06   7.10148e-08   3.46440e-18   4.21709e-02   4.22989e-02   -2.12830e-07  
2.0535250e+03  1.73716e+01   1.80927e+01   1.80884e+01   1.00000e-01   6.00025e-06   7.34709e-08   4.02859e-18   3.62727e-02   3.64126e-02   -2.10836e-07  
2.2067341e+03  1.77189e+01   1.85491e+01   1.85437e+01   1.00000e-01   6.56960e-06   7.55805e-08   4.64517e-18   3.14859e-02   3.16393e-02   -2.08717e-07  
2.3713737e+03  1.80943e+01   1.90375e+01   1.90308e+01   1.00000e-01   7.18778e-06   7.74471e-08   5.28428e-18   2.76685e-02   2.78369e-02   -2.06556e-07  
2.5482967e+03  1.84993e+01   1.95546e+01   1.95465e+01   1.00000e-01   7.85877e-06   7.91607e-08   5.92289e-18   2.46610e-02   2.48461e-02   -2.04442e-07  
2.7384196e+03  1.89352e+01   2.00979e+01   2.00881e+01   1.00000e-01   8.58866e-06   8.07934e-08   6.54961e-18   2.22967e-02   2.25008e-02   -2.02436e-07  
2.9427272e+03  1.94029e+01   2.06662e+01   2.06547e+01   1.00000e-01   9.38375e-06   8.24036e-08   7.16851e-18   2.04154e-02   2.06412e-02   -2.00558e-07  
3.1622777e+03  1.99030e+01   2.12614e+01   2.12479e+01   1.00000e-01   1.02499e-05   8.40408e-08   7.80241e-18   1.88690e-02   1.91202e-02   -1.98782e-07  
3.3982083e+03  2.04362e+01   2.18880e+01   2.18726e+01   1.00000e-01   1.11929e-05   8.57509e-08   8.48982e-18   1.75237e-02   1.78055e-02   -1.97041e-07  
3.6517413e+03  2.10029e+01   2.25520e+01   2.25345e+01   1.00000e-01   1.22179e-05   8.75798e-08   9.26939e-18   1.62805e-02   1.66000e-02   -1.95192e-07  
3.9241898e+03  2.16039e+01   2.32614e+01   2.32417e+01   1.00000e-01   1.33293e-05   8.95776e-08   1.01575e-17   1.50599e-02   1.54276e-02   -1.93073e-07  
4.2169650e+03  2.22399e+01   2.40259e+01   2.40040e+01   1.00000e-01   1.45310e-05   9.18033e-08   1.11405e-17   1.38012e-02   1.42321e-02   -1.90467e-07  
4.5315836e+03  2.29114e+01   2.48574e+01   2.48339e+01   1.00000e-01   1.58266e-05   9.43315e-08   1.21884e-17   1.24653e-02   1.29810e-02   -1.87082e-07  
4.8696753e+03  2.36196e+01   2.57695e+01   2.57463e+01   1.00000e-01   1.72197e-05   9.72619e-08   1.32642e-17   1.10414e-02   1.16729e-02   -1.82530e-07  
5.2329911e+03  2.43651e+01   2.67754e+01   2.67583e+01   1.00000e-01   1.87138e-05   1.00732e-07   1.42008e-17   9.55455e-03   1.03441e-02   -1.76398e-07  
5.6234133e+03  2.51482e+01   2.78753e+01   2.78806e+01   1.00000e-01   2.03132e-05   1.04936e-07   1.53280e-17   8.07588e-03   9.07777e-03   -1.68383e-07  
6.0429639e+03  2.59680e+01   2.90372e+01   2.91045e+01   1.00000e-01   2.20164e-05   1.10133e-07   1.64928e-17   6.72203e-03   7.99754e-03   -1.58174e-07  
6.4938163e+03  2.68218e+01   3.02063e+01   3.04113e+01   1.00000e-01   2.38217e-05   1.16663e-07   1.76874e-17   5.57691e-03   7.17861e-03   -1.46012e-07  
6.9783058e+03  2.77002e+01   3.13185e+01   3.17568e+01   1.00000e-01   2.57239e-05   1.24934e-07   1.89141e-17   4.68612e-03   6.62980e-03   -1.32820e-07  
7.4989421e+03  2.85830e+01   3.23412e+01   3.30478e+01   1.00000e-01   2.77143e-05   1.35364e-07   2.01601e-17   4.05839e-03   6.28131e-03   -1.20336e-07  
8.0584219e+03  2.94333e+01   3.32897e+01   3.41293e+01   1.00000e-01   2.97814e-05   1.48291e-07   2.13872e-17   3.69113e-03   6.00441e-03   -1.11891e-07  
8.6596432e+03  3.01952e+01   3.42000e+01   3.48598e+01   1.00000e-01   3.19151e-05   1.63847e-07   2.25222e-17   3.58558e-03   5.66590e-03   -1.09596e-07  
9.3057204e+03  3.08089e+01   3.50633e+01   3.52722e+01   1.00000e-01   3.41135e-05   1.81827e-07   2.34678e-17   3.70358e-03   5.24687e-03   -1.13415e-07  
1.0000000e+04  3.12600e+01   3.57793e+01   3.55670e+01   1.00000e-01   3.63890e-05   2.01655e-07   2.41719e-17   3.90179e-03   4.89708e-03   -1.18962e-07  
1.0746078e+04  3.16029e+01   3.62923e+01   3.58478e+01   1.00000e-01   3.87632e-05   2.22676e-07   2.46837e-17   4.04576e-03   4.71244e-03   -1.22684e-07  
1.1547820e+04  3.18975e+01   3.66745e+01   3.61170e+01   1.00000e-01   4.12549e-05   2.44515e-07   2.50893e-17   4.12456e-03   4.63847e-03   -1.24648e-07  
1.2409378e+04  3.21707e+01   3.70001e+01   3.63746e+01   1.00000e-01   4.38765e-05   2.67075e-07   2.54430e-17   4.17025e-03   4.60853e-03   -1.25780e-07  
1.3335214e+04  3.24288e+01   3.72982e+01   3.66211e+01   1.00000e-01   4.66352e-05   2.90379e-07   2.57670e-17   4.20258e-03   4.59323e-03   -1.26582e-07  
1.4330126e+04  3.26722e+01   3.75752e+01   3.68548e+01   1.00000e-01   4.95366e-05   3.14480e-07   2.60688e-17   4.22947e-03   4.58379e-03   -1.27247e-07  
1.5399265e+04  3.28999e+01   3.78314e+01   3.70741e+01   1.00000e-01   5.25850e-05   3.39428e-07   2.63506e-17   4.25394e-03   4.57799e-03   -1.27843e-07  
1.6548171e+04  3.31113e+01   3.80662e+01   3.72779e+01   1.00000e-01   5.57848e-05   3.65266e-07   2.66135e-17   4.27732e-03   4.57520e-03   -1.28403e-07  
1.7782794e+04  3.33062e+01   3.82796e+01   3.74659e+01   1.00000e-01   5.91400e-05   3.92032e-07   2.68578e-17   4.30028e-03   4.57516e-03   -1.28939e-07  
1.9109530e+04  3.34852e+01   3.84721e+01   3.76382e+01   1.00000e-01   6.26547e-05   4.19763e-07   2.70839e-17   4.32322e-03   4.57771e-03   -1.29462e-07  
2.0535250e+04  3.36490e+01   3.86446e+01   3.77954e+01   1.00000e-01   6.63332e-05   4.48500e-07   2.72923e-17   4.34646e-03   4.58277e-03   -1.29979e-07  
2.2067341e+04  3.37990e+01   3.87986e+01   3.79384e+01   9.99999e-02   7.01797e-05   4.78286e-07   2.74836e-17   4.37027e-03   4.59035e-03   -1.30495e-07  
2.3713737e+04  3.39367e+01   3.89356e+01   3.80685e+01   9.99999e-02   7.41991e-05   5.09171e-07   2.76581e-17   4.39496e-03   4.60053e-03   -1.31017e-07  
2.5482967e+04  3.40639e+01   3.90571e+01   3.81869e+01   9.99999e-02   7.83961e-05   5.41214e-07   2.78167e-17   4.42085e-03   4.61348e-03   -1.31550e-07  
2.7384196e+04  3.41821e+01   3.91649e+01   3.82948e+01   9.99999e-02   8.27762e-05   5.74477e-07   2.79605e-17   4.44830e-03   4.62941e-03   -1.32103e-07  
2.9427272e+04  3.42933e+01   3.92604e+01   3.83936e+01   9.99999e-02   8.73449e-05   6.09031e-07   2.80903e-17   4.47770e-03   4.64857e-03   -1.32681e-07  
3.1622777e+04  3.43987e+01   3.93450e+01   3.84844e+01   9.99999e-02   9.21079e-05   6.44952e-07   2.82073e-17   4.50945e-03   4.67126e-03   -1.33291e-07  
3.3982083e+04  3.45000e+01   3.94199e+01   3.85682e+01   9.99999e-02   9.70710e-05   6.82324e-07   2.83126e-17   4.54395e-03   4.69779e-03   -1.33940e-07  
3.6517413e+04  3.45981e+01   3.94859e+01   3.86457e+01   9.99999e-02   1.02240e-04   7.21239e-07   2.84075e-17   4.58158e-03   4.72844e-03   -1.34633e-07  
3.9241898e+04  3.46937e+01   3.95436e+01   3.87173e+01   9.99999e-02   1.07620e-04   7.61799e-07   2.84932e-17   4.62266e-03   4.76347e-03   -1.35374e-07  
4.2169650e+04  3.47873e+01   3.95935e+01   3.87835e+01   9.99999e-02   1.13216e-04   8.04121e-07   2.85707e-17   4.66747e-03   4.80309e-03   -1.36166e-07  
4.5315836e+04  3.48792e+01   3.96361e+01   3.88443e+01   9.99999e-02   1.19030e-04   8.48339e-07   2.86411e-17   4.71621e-03   4.84746e-03   -1.37008e-07  
4.8696753e+04  3.49697e+01   3.96717e+01   3.89002e+01   9.99999e-02   1.25066e-04   8.94612e-07   2.87054e-17   4.76901e-03   4.89666e-03   -1.37900e-07  
5.2329911e+04  3.50591e+01   3.97011e+01   3.89515e+01   9.99999e-02   1.31323e-04   9.43134e-07   2.87645e-17   4.82587e-03   4.95067e-03   -1.38839e-07  
5.6234133e+04  3.51478e+01   3.97251e+01   3.89986e+01   9.99998e-02   1.37800e-04   9.94141e-07   2.88189e-17   4.88666e-03   5.00936e-03   -1.39818e-07  
6.0429639e+04  3.52363e+01   3.97447e+01   3.90425e+01   9.99998e-02   1.44494e-04   1.04793e-06   2.88694e-17   4.95112e-03   5.07246e-03   -1.40831e-07  
6.4938163e+04  3.53253e+01   3.97613e+01   3.90841e+01   9.99998e-02   1.51397e-04   1.10487e-06   2.89163e-17   5.01876e-03   5.13952e-03   -1.41865e-07  
6.9783058e+04  3.54154e+01   3.97766e+01   3.91246e+01   9.99998e-02   1.58503e-04   1.16544e-06   2.89601e-17   5.08885e-03   5.20986e-03   -1.42908e-07  
7.4989421e+04  3.55072e+01   3.97921e+01   3.91652e+01   9.99998e-02   1.65800e-04   1.23023e-06   2.90010e-17   5.16034e-03   5.28249e-03   -1.43942e-07  
8.0584219e+04  3.56018e+01   3.98101e+01   3.92078e+01   9.99998e-02   1.73274e-04   1.29999e-06   2.90392e-17   5.23181e-03   5.35606e-03   -1.44946e-07  
8.6596432e+04  3.57002e+01   3.98330e+01   3.92542e+01   9.99998e-02   1.80910e-04   1.37568e-06   2.90749e-17   5.30149e-03   5.42887e-03   -1.45895e-07  
9.3057204e+04  3.58030e+01   3.98632e+01   3.93063e+01   9.99998e-02   1.88690e-04   1.45846e-06   2.91083e-17   5.36724e-03   5.49885e-03   -1.46761e-07  
1.0000000e+05  3.59118e+01   3.99036e+01   3.93668e+01   9.99997e-02   1.96591e-04   1.54983e-06   2.91394e-17   5.42684e-03   5.56380e-03   -1.47519e-07  
1.0746078e+05  3.60279e+01   3.99570e+01   3.94382e+01   9.99997e-02   2.04592e-04   1.65157e-06   2.91685e-17   5.47826e-03   5.62170e-03   -1.48147e-07  
1.1547820e+05  3.61526e+01   4.00256e+01   3.95225e+01   9.99997e-02   2.12666e-04   1.76582e-06   2.91955e-17   5.52020e-03   5.67116e-03   -1.48633e-07  
1.2409378e+05  3.62871e+01   4.01106e+01   3.96210e+01   9.99997e-02   2.20788e-04   1.89512e-06   2.92206e-17   5.55253e-03   5.71189e-03   -1.48981e-07  
1.3335214e+05  3.64325e+01   4.02124e+01   3.97344e+01   9.99997e-02   2.28928e-04   2.04230e-06   2.92438e-17   5.57651e-03   5.74495e-03   -1.49211e-07  
1.4330126e+05  3.65891e+01   4.03299e+01   3.98622e+01   9.99997e-02   2.37061e-04   2.21053e-06   2.92651e-17   5.59461e-03   5.77255e-03   -1.49359e-07  
1.5399265e+05  3.67569e+01   4.04613e+01   4.00032e+01   9.99996e-02   2.45158e-04   2.40318e-06   2.92843e-17   5.60995e-03   5.79755e-03   -1.49468e-07  
1.6548171e+05  3.69349e+01   4.06038e+01   4.01550e+01   9.99996e-02   2.53194e-04   2.62383e-06   2.93014e-17   5.62553e-03   5.82275e-03   -1.49577e-07  
1.7782794e+05  3.71214e+01   4.07544e+01   4.03152e+01   9.99996e-02   2.61145e-04   2.87616e-06   2.93160e-17   5.64370e-03   5.85032e-03   -1.49718e-07  
1.9109530e+05  3.73142e+01   4.09103e+01   4.04810e+01   9.99996e-02   2.68993e-04   3.16403e-06   2.93281e-17   5.66583e-03   5.88150e-03   -1.49909e-07  
2.0535250e+05  3.75118e+01   4.10698e+01   4.06509e+01   9.99996e-02   2.76720e-04   3.49146e-06   2.93378e-17   5.69239e-03   5.91670e-03   -1.50157e-07  
2.2067341e+05  3.77127e+01   4.12319e+01   4.08235e+01   9.99996e-02   2.84315e-04   3.86268e-06   2.93452e-17   5.72321e-03   5.95566e-03   -1.50457e-07  
2.3713737e+05  3.79157e+01   4.13957e+01   4.09980e+01   9.99996e-02   2.91776e-04   4.28219e-06   2.93515e-17   5.75782e-03   5.99787e-03   -1.50805e-07  
2.5482967e+05  3.81201e+01   4.15606e+01   4.11738e+01   9.99996e-02   2.99111e-04   4.75476e-06   2.93597e-17   5.79604e-03   6.04307e-03   -1.51197e-07  
2.7384196e+05  3.83261e+01   4.17264e+01   4.13507e+01   9.99996e-02   3.06370e-04   5.28531e-06   2.93806e-17   5.83939e-03   6.09268e-03   -1.51649e-07  
2.9427272e+05  3.85405e+01   4.18947e+01   4.15321e+01   9.99996e-02   3.13743e-04   5.87874e-06   2.94544e-17   5.89658e-03   6.15501e-03   -1.52255e-07  
3.1622777e+05  3.87954e+01   4.20891e+01   4.17442e+01   9.99997e-02   3.21671e-04   6.53893e-06   2.95966e-17   5.98920e-03   6.25017e-03   -1.53226e-07  
3.3982083e+05  3.91300e+01   4.23525e+01   4.20287e+01   9.99997e-02   3.29899e-04   7.26679e-06   2.96827e-17   6.12226e-03   6.38219e-03   -1.54689e-07  
3.6517413e+05  3.95184e+01   4.26633e+01   4.23616e+01   9.99997e-02   3.37843e-04   8.06155e-06   2.97440e-17   6.28621e-03   6.54291e-03   -1.56551e-07  
3.9241898e+05  3.99466e+01   4.30115e+01   4.27318e+01   9.99998e-02   3.45358e-04   8.92325e-06   2.98028e-17   6.47523e-03   6.72703e-03   -1.58624e-07  
4.2169650e+05  4.04166e+01   4.34006e+01   4.31424e+01   9.99999e-02   3.52404e-04   9.85192e-06   2.98605e-17   6.68916e-03   6.93445e-03   -1.60879e-07  
4.5315836e+05  4.09349e+01   4.38379e+01   4.36002e+01   1.00000e-01   3.58951e-04   1.08464e-05   2.99169e-17   6.93028e-03   7.16749e-03   -1.63312e-07  
4.8696753e+05  4.15060e+01   4.43283e+01   4.41100e+01   1.00000e-01   3.64985e-04   1.19039e-05   2.99715e-17   7.20171e-03   7.42936e-03   -1.65925e-07  
5.2329911e+05  4.21359e+01   4.48780e+01   4.46778e+01   1.00000e-01   3.70495e-04   1.30192e-05   3.00236e-17   7.50742e-03   7.72416e-03   -1.68721e-07  
5.6234133e+05  4.28281e+01   4.54907e+01   4.53072e+01   1.00001e-01   3.75484e-04   1.41845e-05   3.00725e-17   7.85228e-03   8.05687e-03   -1.71702e-07  
6.0429639e+05  4.35828e+01   4.61664e+01   4.59980e+01   1.00001e-01   3.79962e-04   1.53882e-05   3.01170e-17   8.24227e-03   8.43366e-03   -1.74866e-07  
6.4938163e+05  4.43916e+01   4.68963e+01   4.67417e+01   1.00002e-01   3.83951e-04   1.66150e-05   3.01558e-17   8.68464e-03   8.86196e-03   -1.78203e-07  
6.9783058e+05  4.52429e+01   4.76680e+01   4.75259e+01   1.00002e-01   3.87481e-04   1.78452e-05   3.01878e-17   9.18838e-03   9.35102e-03   -1.81698e-07  
7.4989421e+05  4.61104e+01   4.84538e+01   4.83231e+01   1.00003e-01   3.90592e-04   1.90546e-05   3.02120e-17   9.76416e-03   9.91172e-03   -1.85315e-07  
8.0584219e+05  4.69635e+01   4.92212e+01   4.91013e+01   1.00004e-01   3.93334e-04   2.02158e-05   3.02283e-17   1.04250e-02   1.05573e-02   -1.89006e-07  
8.6596432e+05  4.77592e+01   4.99255e+01   4.98162e+01   1.00005e-01   3.95766e-04   2.12995e-05   3.02368e-17   1.11864e-02   1.13036e-02   -1.92698e-07  
9.3057204e+05  4.84560e+01   5.05234e+01   5.04248e+01   1.00006e-01   3.97952e-04   2.22766e-05   3.02388e-17   1.20680e-02   1.21703e-02   -1.96313e-07  
1.0000000e+06  4.90261e+01   5.09863e+01   5.08987e+01   1.00008e-01   3.99962e-04   2.31208e-05   3.02357e-17   1.30956e-02   1.31834e-02   -1.99783e-07  
1.0746078e+06  4.94613e+01   5.13049e+01   5.12286e+01   1.00010e-01   4.01863e-04   2.38103e-05   3.02290e-17   1.43066e-02   1.43805e-02   -2.03063e-07  
1.1547820e+06  4.97740e+01   5.14911e+01   5.14261e+01   1.00012e-01   4.03718e-04   2.43286e-05   3.02197e-17   1.57578e-02   1.58183e-02   -2.06144e-07  
1.2409378e+06  4.99870e+01   5.15672e+01   5.15134e+01   1.00014e-01   4.05582e-04   2.46639e-05   3.02085e-17   1.75360e-02   1.75837e-02   -2.09037e-07  
1.3335214e+06  5.01404e+01   5.15750e+01   5.15319e+01   1.00017e-01   4.07493e-04   2.48092e-05   3.01954e-17   1.97426e-02   1.97782e-02   -2.11742e-07  
1.4330126e+06  5.02640e+01   5.15585e+01   5.15244e+01   1.00020e-01   4.09449e-04   2.47676e-05   3.01813e-17   2.22863e-02   2.23115e-02   -2.14077e-07  
1.5399265e+06  5.04007e+01   5.15967e+01   5.15682e+01   1.00023e-01   4.11362e-04   2.45694e-05   3.01670e-17   2.44049e-02   2.44236e-02   -2.15648e-07  
1.6548171e+06  5.05185e+01   5.16749e+01   5.16485e+01   1.00026e-01   4.13099e-04   2.42754e-05   3.01536e-17   2.53568e-02   2.53731e-02   -2.16327e-07  
1.7782794e+06  5.05720e+01   5.17281e+01   5.17017e+01   1.00030e-01   4.14605e-04   2.39429e-05   3.01418e-17   2.53701e-02   2.53867e-02   -2.16395e-07  
1.9109530e+06  5.05772e+01   5.17568e+01   5.17293e+01   1.00034e-01   4.15880e-04   2.36117e-05   3.01321e-17   2.48073e-02   2.48257e-02   -2.16081e-07  
2.0535250e+06  5.05635e+01   5.17859e+01   5.17561e+01   1.00038e-01   4.16918e-04   2.33159e-05   3.01245e-17   2.38340e-02   2.38555e-02   -2.15465e-07  
2.2067341e+06  5.05530e+01   5.18363e+01   5.18032e+01   1.00043e-01   4.17686e-04   2.30936e-05   3.01192e-17   2.25502e-02   2.25761e-02   -2.14562e-07  
2.3713737e+06  5.05506e+01   5.19063e+01   5.18689e+01   1.00048e-01   4.18141e-04   2.29882e-05   3.01165e-17   2.11633e-02   2.11946e-02   -2.13447e-07  
2.5482967e+06  5.05463e+01   5.19673e+01   5.19257e+01   1.00053e-01   4.18292e-04   2.30287e-05   3.01160e-17   2.00248e-02   2.00612e-02   -2.12388e-07  
2.7384196e+06  5.05325e+01   5.19928e+01   5.19487e+01   1.00059e-01   4.18250e-04   2.31996e-05   3.01169e-17   1.93834e-02   1.94228e-02   -2.11707e-07  
2.9427272e+06  5.05109e+01   5.19804e+01   5.19359e+01   1.00065e-01   4.18176e-04   2.34400e-05   3.01181e-17   1.92404e-02   1.92803e-02   -2.11516e-07  
3.1622777e+06  5.04923e+01   5.19485e+01   5.19051e+01   1.00071e-01   4.18190e-04   2.36758e-05   3.01184e-17   1.94536e-02   1.94923e-02   -2.11706e-07  
3.3982083e+06  5.04826e+01   5.19161e+01   5.18744e+01   1.00078e-01   4.18332e-04   2.38536e-05   3.01176e-17   1.98256e-02   1.98623e-02   -2.12059e-07  
3.6517413e+06  5.04816e+01   5.18961e+01   5.18558e+01   1.00085e-01   4.18565e-04   2.39591e-05   3.01159e-17   2.01455e-02   2.01807e-02   -2.12357e-07  
3.9241898e+06  5.04861e+01   5.18936e+01   5.18539e+01   1.00093e-01   4.18811e-04   2.40160e-05   3.01138e-17   2.02664e-02   2.03010e-02   -2.12465e-07  
4.2169650e+06  5.04916e+01   5.19037e+01   5.18638e+01   1.00102e-01   4.18997e-04   2.40670e-05   3.01121e-17   2.01892e-02   2.02242e-02   -2.12388e-07  
4.5315836e+06  5.04943e+01   5.19155e+01   5.18750e+01   1.00111e-01   4.19100e-04   2.41446e-05   3.01110e-17   2.00382e-02   2.00738e-02   -2.12238e-07  
4.8696753e+06  5.04938e+01   5.19212e+01   5.18804e+01   1.00121e-01   4.19153e-04   2.42524e-05   3.01102e-17   1.99355e-02   1.99716e-02   -2.12129e-07  
5.2329911e+06  5.04923e+01   5.19212e+01   5.18804e+01   1.00132e-01   4.19203e-04   2.43726e-05   3.01094e-17   1.99101e-02   1.99462e-02   -2.12095e-07  
5.6234133e+06  5.04920e+01   5.19206e+01   5.18799e+01   1.00143e-01   4.19271e-04   2.44880e-05   3.01084e-17   1.99151e-02   1.99512e-02   -2.12093e-07  
6.0429639e+06  5.04926e+01   5.19220e+01   5.18813e+01   1.00156e-01   4.19347e-04   2.45968e-05   3.01072e-17   1.99025e-02   1.99386e-02   -2.12075e-07  
6.4938163e+06  5.04933e+01   5.19248e+01   5.18840e+01   1.00169e-01   4.19419e-04   2.47060e-05   3.01061e-17   1.98683e-02   1.99045e-02   -2.12038e-07  
6.9783058e+06  5.04937e+01   5.19274e+01   5.18865e+01   1.00183e-01   4.19486e-04   2.48195e-05   3.01049e-17   1.98324e-02   1.98688e-02   -2.11999e-07  
7.4989421e+06  5.04940e+01   5.19295e+01   5.18885e+01   1.00199e-01   4.19553e-04   2.49354e-05   3.01038e-17   1.98028e-02   1.98393e-02   -2.11967e-07  
8.0584219e+06  5.04944e+01   5.19317e+01   5.18906e+01   1.00215e-01   4.19623e-04   2.50516e-05   3.01026e-17   1.97738e-02   1.98104e-02   -2.11936e-07  
8.6596432e+06  5.04948e+01   5.19340e+01   5.18928e+01   1.00233e-01   4.19695e-04   2.51682e-05   3.01014e-17   1.97428e-02   1.97796e-02   -2.11904e-07  
9.3057204e+06  5.04952e+01   5.19364e+01   5.18950e+01   1.00252e-01   4.19767e-04   2.52853e-05   3.01001e-17   1.97116e-02   1.97485e-02   -2.11871e-07  
1.0000000e+07  5.04956e+01   5.19387e+01   5.18972e+01   1.00272e-01   4.19840e-04   2.54025e-05   3.00989e-17   1.96806e-02   1.97177e-02   -2.11839e-07  
1.0746078e+07  5.04961e+01   5.19410e+01   5.18994e+01   1.00294e-01   4.19913e-04   2.55191e-05   3.00976e-17   1.96497e-02   1.96869e-02   -2.11808e-07  
1.1547820e+07  5.04965e+01   5.19433e+01   5.19016e+01   1.00318e-01   4.19986e-04   2.56347e-05   3.00964e-17   1.96190e-02   1.96564e-02   -2.11777e-07  
1.2409378e+07  5.04969e+01   5.19455e+01   5.19037e+01   1.00343e-01   4.20059e-04   2.57487e-05   3.00952e-17   1.95889e-02   1.96263e-02   -2.11746e-07  
1.3335214e+07  5.04973e+01   5.19478e+01   5.19058e+01   1.00370e-01   4.20130e-04   2.58606e-05   3.00940e-17   1.95593e-02   1.95970e-02   -2.11716e-07  
1.4330126e+07  5.04976e+01   5.19499e+01   5.19079e+01   1.00399e-01   4.20200e-04   2.59697e-05   3.00928e-17   1.95306e-02   1.95684e-02   -2.11686e-07  
1.5399265e+07  5.04980e+01   5.19520e+01   5.19098e+01   1.00431e-01   4.20268e-04   2.60754e-05   3.00916e-17   1.95029e-02   1.95408e-02   -2.11658e-07  
1.6548171e+07  5.04983e+01   5.19540e+01   5.19117e+01   1.00464e-01   4.20334e-04   2.61770e-05   3.00905e-17   1.94763e-02   1.95143e-02   -2.11631e-07  
1.7782794e+07  5.04987e+01   5.19559e+01   5.19135e+01   1.00501e-01   4.20397e-04   2.62739e-05   3.00895e-17   1.94510e-02   1.94892e-02   -2.11605e-07  
1.9109530e+07  5.04990e+01   5.19577e+01   5.19152e+01   1.00540e-01   4.20456e-04   2.63655e-05   3.00885e-17   1.94272e-02   1.94655e-02   -2.11580e-07  
2.0535250e+07  5.04993e+01   5.19594e+01   5.19168e+01   1.00582e-01   4.20512e-04   2.64514e-05   3.00876e-17   1.94050e-02   1.94434e-02   -2.11557e-07  
2.2067341e+07  5.04995e+01   5.19609e+01   5.19183e+01   1.00626e-01   4.20563e-04   2.65311e-05   3.00867e-17   1.93844e-02   1.94229e-02   -2.11536e-07  
2.3713737e+07  5.04998e+01   5.19623e+01   5.19196e+01   1.00675e-01   4.20611e-04   2.66043e-05   3.00859e-17   1.93656e-02   1.94042e-02   -2.11516e-07  
2.5482967e+07  5.05000e+01   5.19636e+01   5.19208e+01   1.00727e-01   4.20654e-04   2.66708e-05   3.00852e-17   1.93485e-02   1.93872e-02   -2.11498e-07  
2.7384196e+07  5.05002e+01   5.19648e+01   5.19219e+01   1.00782e-01   4.20693e-04   2.67304e-05   3.00846e-17   1.93333e-02   1.93720e-02   -2.11483e-07  
2.9427272e+07  5.05003e+01   5.19658e+01   5.19228e+01   1.00842e-01   4.20728e-04   2.67831e-05   3.00840e-17   1.93198e-02   1.93586e-02   -2.11468e-07  
3.1622777e+07  5.05004e+01   5.19667e+01   5.19237e+01   1.00907e-01   4.20758e-04   2.68292e-05   3.00835e-17   1.93081e-02   1.93469e-02   -2.11456e-07  
3.3982083e+07  5.05006e+01   5.19674e+01   5.19244e+01   1.00976e-01   4.20784e-04   2.68689e-05   3.00831e-17   1.92980e-02   1.93369e-02   -2.11446e-07  
3.6517413e+07  5.05006e+01   5.19680e+01   5.19250e+01   1.01050e-01   4.20806e-04   2.69025e-05   3.00828e-17   1.92895e-02   1.93285e-02   -2.11437e-07  
3.9241898e+07  5.05007e+01   5.19685e+01   5.19254e+01   1.01130e-01   4.20824e-04   2.69305e-05   3.00825e-17   1.92824e-02   1.93214e-02   -2.11429e-07  
4.2169650e+07  5.05007e+01   5.19689e+01   5.19258e+01   1.01216e-01   4.20839e-04   2.69535e-05   3.00823e-17   1.92767e-02   1.93157e-02   -2.11423e-07  
4.5315836e+07  5.05008e+01   5.19693e+01   5.19261e+01   1.01308e-01   4.20851e-04   2.69719e-05   3.00821e-17   1.92721e-02   1.93111e-02   -2.11418e-07  
4.8696753e+07  5.05008e+01   5.19695e+01   5.19263e+01   1.01407e-01   4.20861e-04   2.69864e-05   3.00819e-17   1.92685e-02   1.93075e-02   -2.11414e-07  
5.2329911e+07  5.05008e+01   5.19697e+01   5.19265e+01   1.01513e-01   4.20868e-04   2.69976e-05   3.00818e-17   1.92657e-02   1.93048e-02   -2.11411e-07  
5.6234133e+07  5.05008e+01   5.19698e+01   5.19266e+01   1.01627e-01   4.20874e-04   2.70061e-05   3.00817e-17   1.92637e-02   1.93027e-02   -2.11409e-07  
6.0429639e+07  5.05007e+01   5.19699e+01   5.19267e+01   1.01750e-01   4.20878e-04   2.70123e-05   3.00817e-17   1.92622e-02   1.93012e-02   -2.11408e-07  
6.4938163e+07  5.05007e+01   5.19699e+01   5.19267e+01   1.01882e-01   4.20881e-04   2.70168e-05   3.00816e-17   1.92611e-02   1.93002e-02   -2.11406e-07  
6.9783058e+07  5.05006e+01   5.19699e+01   5.19267e+01   1.02023e-01   4.20884e-04   2.70199e-05   3.00816e-17   1.92604e-02   1.92995e-02   -2.11406e-07  
7.4989421e+07  5.05006e+01   5.19699e+01   5.19267e+01   1.02175e-01   4.20885e-04   2.70221e-05   3.00816e-17   1.92599e-02   1.92990e-02   -2.11405e-07  
8.0584219e+07  5.05005e+01   5.19698e+01   5.19266e+01   1.02338e-01   4.20886e-04   2.70235e-05   3.00816e-17   1.92595e-02   1.92986e-02   -2.11405e-07  
8.6596432e+07  5.05005e+01   5.19698e+01   5.19266e+01   1.02513e-01   4.20887e-04   2.70245e-05   3.00816e-17   1.92593e-02   1.92984e-02   -2.11404e-07  
9.3057204e+07  5.05004e+01   5.19697e+01   5.19265e+01   1.02701e-01   4.20887e-04   2.70251e-05   3.00816e-17   1.92592e-02   1.92983e-02   -2.11404e-07  
1.0000000e+08  5.05003e+01   5.19696e+01   5.19264e+01   1.02903e-01   4.20888e-04   2.70254e-05   3.00816e-17   1.92591e-02   1.92982e-02   -2.11404e-07  
