! three parameters are given: shock speed (cm/s), turbulent velocity (cm/s), number of specimen levels: 
1.5000e+06    2.0000e+04    2
!depth(cm)        gas_temp(K)  el_temp      dust_temp(K) gasvel(cm/s) concHe(cm-3) conc_pH2     conc_oH2     conc_H       conc_e       conc_H_nucl  conc_mol     1           2           
6.3344490938e+13  1.70051e+01  1.83324e+01  9.26206e+00  1.50000e+06  1.80000e+03  4.99630e+03  4.99630e+03  4.26113e+00  1.79427e-03  2.00000e+04  5.32316e-04  5.2878e-04  3.5366e-06  
2.0071531102e+14  1.70051e+01  1.83325e+01  9.26206e+00  1.50000e+06  1.80000e+03  4.99630e+03  4.99630e+03  4.26113e+00  1.79427e-03  2.00000e+04  5.32313e-04  5.2878e-04  3.5366e-06  
5.1179534833e+14  1.70051e+01  1.83325e+01  9.26206e+00  1.50000e+06  1.80000e+03  4.99630e+03  4.99630e+03  4.26113e+00  1.79428e-03  2.00000e+04  5.32305e-04  5.2877e-04  3.5365e-06  
1.3075097508e+15  1.70051e+01  1.83325e+01  9.26206e+00  1.50000e+06  1.80000e+03  4.99630e+03  4.99630e+03  4.26113e+00  1.79428e-03  2.00000e+04  5.32286e-04  5.2875e-04  3.5364e-06  
2.9156301986e+15  1.70052e+01  1.83327e+01  9.26206e+00  1.50000e+06  1.80000e+03  4.99631e+03  4.99631e+03  4.26113e+00  1.79430e-03  2.00000e+04  5.32250e-04  5.2871e-04  3.5362e-06  
6.8892897007e+15  1.70053e+01  1.83337e+01  9.26206e+00  1.50000e+06  1.80000e+03  4.99631e+03  4.99632e+03  4.26114e+00  1.79436e-03  2.00001e+04  5.32179e-04  5.2864e-04  3.5359e-06  
1.5428014000e+16  1.70057e+01  1.83454e+01  9.26207e+00  1.49998e+06  1.80002e+03  4.99636e+03  4.99636e+03  4.26118e+00  1.79494e-03  2.00003e+04  5.32262e-04  5.2874e-04  3.5239e-06  
3.2626924025e+16  1.70323e+01  1.96693e+01  9.26290e+00  1.49978e+06  1.80027e+03  4.99704e+03  4.99704e+03  4.26146e+00  1.83612e-03  2.00030e+04  5.49373e-04  5.4573e-04  3.6395e-06  