! p1 - total abundance of grain mantle molecules, [molecules/H]
! p2 - abundance of hydrocarbon molecules in ice mantles, CnHm, n >=2,  [molecules/H]
! p3 - parameter of H2 formation on grains (reaction *H+*H), rate = a*n_H_tot*n_H, a [cm3 s-1]
! p4 - electron concentration, [cm-3]
! p5 - ion concentration (without PAHs and small grains), [cm-3]
! p6 - total electric charge of grains, [cm-3]
!1             2             3             4             5             6             7             8             9             10            11            
!time(yrs)     T_n           T_i           T_e           oph2          p1            p2            p3            p4            p5            p6            
1.0000000e+00  1.00024e+01   1.00068e+01   1.00068e+01   1.00000e-01   1.68253e-09   3.11978e-15   1.51132e-21   3.38493e+00   3.38493e+00   -2.21324e-07  
1.0366329e+00  1.00026e+01   1.00070e+01   1.00070e+01   1.00000e-01   1.74416e-09   3.46332e-15   1.56225e-21   3.38430e+00   3.38430e+00   -2.21325e-07  
1.0746078e+00  1.00027e+01   1.00072e+01   1.00072e+01   1.00000e-01   1.80805e-09   3.84366e-15   1.61444e-21   3.38365e+00   3.38365e+00   -2.21325e-07  
1.1139739e+00  1.00028e+01   1.00074e+01   1.00074e+01   1.00000e-01   1.87428e-09   4.26459e-15   1.66828e-21   3.38297e+00   3.38297e+00   -2.21325e-07  
1.1547820e+00  1.00029e+01   1.00076e+01   1.00076e+01   1.00000e-01   1.94294e-09   4.73025e-15   1.72366e-21   3.38227e+00   3.38227e+00   -2.21326e-07  
1.1970850e+00  1.00030e+01   1.00078e+01   1.00078e+01   1.00000e-01   2.01412e-09   5.24518e-15   1.78046e-21   3.38154e+00   3.38154e+00   -2.21326e-07  
1.2409378e+00  1.00032e+01   1.00080e+01   1.00080e+01   1.00000e-01   2.08791e-09   5.81434e-15   1.83993e-21   3.38079e+00   3.38079e+00   -2.21326e-07  
1.2863969e+00  1.00033e+01   1.00083e+01   1.00083e+01   1.00000e-01   2.16440e-09   6.44313e-15   1.89960e-21   3.38001e+00   3.38001e+00   -2.21326e-07  
1.3335214e+00  1.00034e+01   1.00085e+01   1.00085e+01   1.00000e-01   2.24370e-09   7.13749e-15   1.96089e-21   3.37920e+00   3.37920e+00   -2.21327e-07  
1.3823722e+00  1.00036e+01   1.00088e+01   1.00088e+01   1.00000e-01   2.32590e-09   7.90383e-15   2.02592e-21   3.37835e+00   3.37835e+00   -2.21327e-07  
1.4330126e+00  1.00038e+01   1.00090e+01   1.00090e+01   1.00000e-01   2.41112e-09   8.74916e-15   2.09146e-21   3.37748e+00   3.37748e+00   -2.21327e-07  
1.4855080e+00  1.00039e+01   1.00093e+01   1.00093e+01   1.00000e-01   2.49946e-09   9.68108e-15   2.15902e-21   3.37658e+00   3.37658e+00   -2.21328e-07  
1.5399265e+00  1.00041e+01   1.00096e+01   1.00096e+01   1.00000e-01   2.59105e-09   1.07079e-14   2.22855e-21   3.37564e+00   3.37564e+00   -2.21328e-07  
1.5963385e+00  1.00043e+01   1.00099e+01   1.00099e+01   1.00000e-01   2.68599e-09   1.18384e-14   2.30068e-21   3.37466e+00   3.37466e+00   -2.21329e-07  
1.6548171e+00  1.00045e+01   1.00102e+01   1.00102e+01   1.00000e-01   2.78441e-09   1.30824e-14   2.37392e-21   3.37366e+00   3.37366e+00   -2.21329e-07  
1.7154379e+00  1.00047e+01   1.00105e+01   1.00105e+01   1.00000e-01   2.88644e-09   1.44503e-14   2.44828e-21   3.37261e+00   3.37261e+00   -2.21330e-07  
1.7782794e+00  1.00049e+01   1.00109e+01   1.00109e+01   1.00000e-01   2.99222e-09   1.59532e-14   2.52475e-21   3.37152e+00   3.37152e+00   -2.21330e-07  
1.8434230e+00  1.00051e+01   1.00112e+01   1.00112e+01   1.00000e-01   3.10187e-09   1.76032e-14   2.60426e-21   3.37040e+00   3.37040e+00   -2.21330e-07  
1.9109530e+00  1.00054e+01   1.00116e+01   1.00116e+01   1.00000e-01   3.21555e-09   1.94134e-14   2.68453e-21   3.36923e+00   3.36923e+00   -2.21331e-07  
1.9809568e+00  1.00056e+01   1.00119e+01   1.00119e+01   1.00000e-01   3.33340e-09   2.13973e-14   2.76957e-21   3.36802e+00   3.36802e+00   -2.21331e-07  
2.0535250e+00  1.00059e+01   1.00123e+01   1.00123e+01   1.00000e-01   3.45557e-09   2.35699e-14   2.85391e-21   3.36676e+00   3.36676e+00   -2.21332e-07  
2.1287517e+00  1.00062e+01   1.00127e+01   1.00127e+01   1.00000e-01   3.58222e-09   2.59468e-14   2.94189e-21   3.36546e+00   3.36546e+00   -2.21333e-07  
2.2067341e+00  1.00064e+01   1.00131e+01   1.00131e+01   1.00000e-01   3.71352e-09   2.85446e-14   3.03173e-21   3.36411e+00   3.36411e+00   -2.21333e-07  
2.2875732e+00  1.00068e+01   1.00136e+01   1.00136e+01   1.00000e-01   3.84963e-09   3.13809e-14   3.12356e-21   3.36271e+00   3.36271e+00   -2.21334e-07  
2.3713737e+00  1.00071e+01   1.00140e+01   1.00140e+01   1.00000e-01   3.99074e-09   3.44744e-14   3.21688e-21   3.36126e+00   3.36126e+00   -2.21334e-07  
2.4582441e+00  1.00074e+01   1.00145e+01   1.00145e+01   1.00000e-01   4.13703e-09   3.78444e-14   3.31279e-21   3.35975e+00   3.35975e+00   -2.21335e-07  
2.5482967e+00  1.00078e+01   1.00150e+01   1.00150e+01   1.00000e-01   4.28868e-09   4.15115e-14   3.41292e-21   3.35819e+00   3.35819e+00   -2.21336e-07  
2.6416483e+00  1.00081e+01   1.00155e+01   1.00155e+01   1.00000e-01   4.44590e-09   4.54970e-14   3.51394e-21   3.35657e+00   3.35657e+00   -2.21336e-07  
2.7384196e+00  1.00085e+01   1.00160e+01   1.00160e+01   1.00000e-01   4.60889e-09   4.98232e-14   3.61605e-21   3.35490e+00   3.35490e+00   -2.21337e-07  
2.8387360e+00  1.00089e+01   1.00166e+01   1.00166e+01   1.00000e-01   4.77787e-09   5.45129e-14   3.72287e-21   3.35316e+00   3.35316e+00   -2.21338e-07  
2.9427272e+00  1.00093e+01   1.00172e+01   1.00172e+01   1.00000e-01   4.95304e-09   5.95901e-14   3.83018e-21   3.35135e+00   3.35135e+00   -2.21339e-07  
3.0505279e+00  1.00098e+01   1.00178e+01   1.00178e+01   1.00000e-01   5.13465e-09   6.50793e-14   3.94349e-21   3.34948e+00   3.34948e+00   -2.21339e-07  
3.1622777e+00  1.00103e+01   1.00184e+01   1.00184e+01   1.00000e-01   5.32292e-09   7.10056e-14   4.05717e-21   3.34754e+00   3.34754e+00   -2.21340e-07  
3.2781212e+00  1.00108e+01   1.00190e+01   1.00191e+01   1.00000e-01   5.51810e-09   7.73949e-14   4.17365e-21   3.34553e+00   3.34553e+00   -2.21341e-07  
3.3982083e+00  1.00113e+01   1.00197e+01   1.00197e+01   1.00000e-01   5.72045e-09   8.42734e-14   4.29299e-21   3.34344e+00   3.34344e+00   -2.21342e-07  
3.5226947e+00  1.00118e+01   1.00204e+01   1.00204e+01   1.00000e-01   5.93024e-09   9.16682e-14   4.41516e-21   3.34128e+00   3.34128e+00   -2.21343e-07  
3.6517413e+00  1.00124e+01   1.00212e+01   1.00212e+01   1.00000e-01   6.14772e-09   9.96067e-14   4.53849e-21   3.33904e+00   3.33904e+00   -2.21344e-07  
3.7855152e+00  1.00130e+01   1.00219e+01   1.00219e+01   1.00000e-01   6.37319e-09   1.08117e-13   4.67093e-21   3.33672e+00   3.33672e+00   -2.21345e-07  
3.9241898e+00  1.00136e+01   1.00227e+01   1.00227e+01   1.00000e-01   6.60694e-09   1.17228e-13   4.79971e-21   3.33431e+00   3.33431e+00   -2.21346e-07  
4.0679443e+00  1.00143e+01   1.00235e+01   1.00235e+01   1.00000e-01   6.84928e-09   1.26969e-13   4.93529e-21   3.33181e+00   3.33181e+00   -2.21347e-07  
4.2169650e+00  1.00150e+01   1.00244e+01   1.00244e+01   1.00000e-01   7.10052e-09   1.37370e-13   5.07638e-21   3.32922e+00   3.32922e+00   -2.21348e-07  
4.3714448e+00  1.00157e+01   1.00253e+01   1.00253e+01   1.00000e-01   7.36098e-09   1.48465e-13   5.21857e-21   3.32654e+00   3.32654e+00   -2.21350e-07  
4.5315836e+00  1.00165e+01   1.00262e+01   1.00262e+01   1.00000e-01   7.63102e-09   1.60286e-13   5.36701e-21   3.32376e+00   3.32376e+00   -2.21351e-07  
4.6975888e+00  1.00173e+01   1.00272e+01   1.00272e+01   1.00000e-01   7.91097e-09   1.72869e-13   5.51982e-21   3.32088e+00   3.32088e+00   -2.21352e-07  
4.8696753e+00  1.00181e+01   1.00282e+01   1.00282e+01   1.00000e-01   8.20122e-09   1.86254e-13   5.67800e-21   3.31790e+00   3.31790e+00   -2.21354e-07  
5.0480657e+00  1.00190e+01   1.00292e+01   1.00292e+01   1.00000e-01   8.50212e-09   2.00482e-13   5.84212e-21   3.31480e+00   3.31481e+00   -2.21355e-07  
5.2329911e+00  1.00199e+01   1.00303e+01   1.00303e+01   1.00000e-01   8.81408e-09   2.15599e-13   6.01256e-21   3.31160e+00   3.31160e+00   -2.21357e-07  
5.4246909e+00  1.00209e+01   1.00315e+01   1.00315e+01   1.00000e-01   9.13751e-09   2.31656e-13   6.19031e-21   3.30828e+00   3.30828e+00   -2.21358e-07  
5.6234133e+00  1.00219e+01   1.00326e+01   1.00326e+01   1.00000e-01   9.47282e-09   2.48711e-13   6.37766e-21   3.30484e+00   3.30484e+00   -2.21360e-07  
5.8294153e+00  1.00230e+01   1.00339e+01   1.00339e+01   1.00000e-01   9.82045e-09   2.66827e-13   6.57270e-21   3.30128e+00   3.30128e+00   -2.21361e-07  
6.0429639e+00  1.00241e+01   1.00351e+01   1.00351e+01   1.00000e-01   1.01809e-08   2.86075e-13   6.77984e-21   3.29759e+00   3.29759e+00   -2.21363e-07  
6.2643354e+00  1.00253e+01   1.00365e+01   1.00365e+01   1.00000e-01   1.05545e-08   3.06535e-13   6.99797e-21   3.29376e+00   3.29376e+00   -2.21365e-07  
6.4938163e+00  1.00265e+01   1.00379e+01   1.00379e+01   1.00000e-01   1.09419e-08   3.28297e-13   7.22917e-21   3.28980e+00   3.28980e+00   -2.21367e-07  
6.7317038e+00  1.00278e+01   1.00393e+01   1.00393e+01   1.00000e-01   1.13435e-08   3.51459e-13   7.47694e-21   3.28570e+00   3.28570e+00   -2.21369e-07  
6.9783058e+00  1.00292e+01   1.00408e+01   1.00408e+01   1.00000e-01   1.17598e-08   3.76131e-13   7.74276e-21   3.28146e+00   3.28146e+00   -2.21371e-07  
7.2339416e+00  1.00306e+01   1.00424e+01   1.00424e+01   1.00000e-01   1.21915e-08   4.02435e-13   8.02933e-21   3.27706e+00   3.27706e+00   -2.21373e-07  
7.4989421e+00  1.00320e+01   1.00440e+01   1.00440e+01   1.00000e-01   1.26390e-08   4.30502e-13   8.33980e-21   3.27251e+00   3.27251e+00   -2.21375e-07  
7.7736503e+00  1.00336e+01   1.00457e+01   1.00457e+01   1.00000e-01   1.31029e-08   4.60478e-13   8.68370e-21   3.26780e+00   3.26780e+00   -2.21378e-07  
8.0584219e+00  1.00352e+01   1.00475e+01   1.00475e+01   1.00000e-01   1.35839e-08   4.92519e-13   9.04690e-21   3.26293e+00   3.26293e+00   -2.21380e-07  
8.3536255e+00  1.00369e+01   1.00493e+01   1.00493e+01   1.00000e-01   1.40825e-08   5.26793e-13   9.45456e-21   3.25789e+00   3.25789e+00   -2.21383e-07  
8.6596432e+00  1.00387e+01   1.00512e+01   1.00512e+01   1.00000e-01   1.45994e-08   5.63484e-13   9.90376e-21   3.25267e+00   3.25267e+00   -2.21385e-07  
8.9768713e+00  1.00405e+01   1.00532e+01   1.00532e+01   1.00000e-01   1.51352e-08   6.02783e-13   1.04021e-20   3.24727e+00   3.24727e+00   -2.21388e-07  
9.3057204e+00  1.00425e+01   1.00553e+01   1.00553e+01   1.00000e-01   1.56906e-08   6.44899e-13   1.09571e-20   3.24168e+00   3.24168e+00   -2.21391e-07  
9.6466162e+00  1.00445e+01   1.00574e+01   1.00574e+01   1.00000e-01   1.62664e-08   6.90052e-13   1.15778e-20   3.23590e+00   3.23590e+00   -2.21394e-07  
1.0000000e+01  1.00466e+01   1.00597e+01   1.00597e+01   1.00000e-01   1.68632e-08   7.38475e-13   1.22749e-20   3.22993e+00   3.22993e+00   -2.21397e-07  
1.0366329e+01  1.00488e+01   1.00620e+01   1.00620e+01   1.00000e-01   1.74817e-08   7.90417e-13   1.30536e-20   3.22375e+00   3.22375e+00   -2.21400e-07  
1.0746078e+01  1.00511e+01   1.00644e+01   1.00644e+01   1.00000e-01   1.81229e-08   8.46139e-13   1.39448e-20   3.21736e+00   3.21736e+00   -2.21403e-07  
1.1139739e+01  1.00535e+01   1.00669e+01   1.00669e+01   1.00000e-01   1.87873e-08   9.05920e-13   1.49400e-20   3.21075e+00   3.21075e+00   -2.21407e-07  
1.1547820e+01  1.00560e+01   1.00696e+01   1.00696e+01   1.00000e-01   1.94759e-08   9.70054e-13   1.60750e-20   3.20393e+00   3.20393e+00   -2.21410e-07  
1.1970850e+01  1.00586e+01   1.00723e+01   1.00723e+01   1.00000e-01   2.01895e-08   1.03885e-12   1.73622e-20   3.19687e+00   3.19687e+00   -2.21414e-07  
1.2409378e+01  1.00614e+01   1.00752e+01   1.00752e+01   1.00000e-01   2.09289e-08   1.11264e-12   1.88231e-20   3.18959e+00   3.18959e+00   -2.21418e-07  
1.2863969e+01  1.00642e+01   1.00781e+01   1.00781e+01   1.00000e-01   2.16950e-08   1.19177e-12   2.04923e-20   3.18206e+00   3.18206e+00   -2.21422e-07  
1.3335214e+01  1.00672e+01   1.00812e+01   1.00812e+01   1.00000e-01   2.24886e-08   1.27661e-12   2.23824e-20   3.17428e+00   3.17428e+00   -2.21427e-07  
1.3823722e+01  1.00703e+01   1.00844e+01   1.00844e+01   1.00000e-01   2.33107e-08   1.36755e-12   2.45426e-20   3.16625e+00   3.16625e+00   -2.21431e-07  
1.4330126e+01  1.00735e+01   1.00878e+01   1.00878e+01   1.00000e-01   2.41622e-08   1.46500e-12   2.69902e-20   3.15795e+00   3.15795e+00   -2.21436e-07  
1.4855080e+01  1.00769e+01   1.00912e+01   1.00912e+01   1.00000e-01   2.50439e-08   1.56938e-12   2.97779e-20   3.14939e+00   3.14939e+00   -2.21440e-07  
1.5399265e+01  1.00804e+01   1.00949e+01   1.00949e+01   1.00000e-01   2.59569e-08   1.68117e-12   3.29441e-20   3.14056e+00   3.14056e+00   -2.21445e-07  
1.5963385e+01  1.00841e+01   1.00986e+01   1.00986e+01   1.00000e-01   2.69021e-08   1.80083e-12   3.65353e-20   3.13144e+00   3.13144e+00   -2.21451e-07  
1.6548171e+01  1.00879e+01   1.01025e+01   1.01025e+01   1.00000e-01   2.78805e-08   1.92889e-12   4.06011e-20   3.12203e+00   3.12203e+00   -2.21456e-07  
1.7154379e+01  1.00919e+01   1.01066e+01   1.01066e+01   1.00000e-01   2.88929e-08   2.06588e-12   4.51943e-20   3.11233e+00   3.11233e+00   -2.21462e-07  
1.7782794e+01  1.00960e+01   1.01108e+01   1.01108e+01   1.00000e-01   2.99405e-08   2.21236e-12   5.03705e-20   3.10232e+00   3.10232e+00   -2.21467e-07  
1.8434230e+01  1.01003e+01   1.01152e+01   1.01152e+01   1.00000e-01   3.10242e-08   2.36895e-12   5.61846e-20   3.09200e+00   3.09200e+00   -2.21474e-07  
1.9109530e+01  1.01048e+01   1.01198e+01   1.01198e+01   9.99999e-02   3.21450e-08   2.53628e-12   6.26953e-20   3.08136e+00   3.08136e+00   -2.21480e-07  
1.9809568e+01  1.01095e+01   1.01246e+01   1.01246e+01   9.99999e-02   3.33040e-08   2.71501e-12   6.99581e-20   3.07040e+00   3.07040e+00   -2.21486e-07  
2.0535250e+01  1.01143e+01   1.01295e+01   1.01295e+01   9.99999e-02   3.45022e-08   2.90585e-12   7.80267e-20   3.05910e+00   3.05910e+00   -2.21493e-07  
2.1287517e+01  1.01194e+01   1.01347e+01   1.01347e+01   9.99999e-02   3.57407e-08   3.10956e-12   8.69503e-20   3.04746e+00   3.04746e+00   -2.21500e-07  
2.2067341e+01  1.01247e+01   1.01400e+01   1.01400e+01   9.99999e-02   3.70205e-08   3.32693e-12   9.67722e-20   3.03547e+00   3.03547e+00   -2.21508e-07  
2.2875732e+01  1.01301e+01   1.01456e+01   1.01456e+01   9.99999e-02   3.83429e-08   3.55880e-12   1.07528e-19   3.02313e+00   3.02313e+00   -2.21516e-07  
2.3713737e+01  1.01358e+01   1.01513e+01   1.01513e+01   9.99999e-02   3.97091e-08   3.80605e-12   1.19241e-19   3.01043e+00   3.01043e+00   -2.21524e-07  
2.4582441e+01  1.01417e+01   1.01573e+01   1.01573e+01   9.99999e-02   4.11202e-08   4.06965e-12   1.31931e-19   2.99735e+00   2.99735e+00   -2.21532e-07  
2.5482967e+01  1.01479e+01   1.01636e+01   1.01636e+01   9.99999e-02   4.25777e-08   4.35058e-12   1.45589e-19   2.98390e+00   2.98390e+00   -2.21541e-07  
2.6416483e+01  1.01543e+01   1.01701e+01   1.01701e+01   9.99999e-02   4.40828e-08   4.64992e-12   1.60212e-19   2.97006e+00   2.97006e+00   -2.21550e-07  
2.7384196e+01  1.01609e+01   1.01768e+01   1.01768e+01   9.99999e-02   4.56371e-08   4.96880e-12   1.75771e-19   2.95583e+00   2.95583e+00   -2.21559e-07  
2.8387360e+01  1.01678e+01   1.01838e+01   1.01838e+01   9.99999e-02   4.72422e-08   5.30843e-12   1.92229e-19   2.94120e+00   2.94121e+00   -2.21569e-07  
2.9427272e+01  1.01750e+01   1.01911e+01   1.01911e+01   9.99999e-02   4.88997e-08   5.67009e-12   2.09535e-19   2.92617e+00   2.92617e+00   -2.21579e-07  
3.0505279e+01  1.01825e+01   1.01986e+01   1.01986e+01   9.99999e-02   5.06113e-08   6.05516e-12   2.27629e-19   2.91072e+00   2.91073e+00   -2.21590e-07  
3.1622777e+01  1.01902e+01   1.02064e+01   1.02064e+01   9.99999e-02   5.23791e-08   6.46511e-12   2.46444e-19   2.89486e+00   2.89486e+00   -2.21600e-07  
3.2781212e+01  1.01983e+01   1.02146e+01   1.02146e+01   9.99999e-02   5.42049e-08   6.90151e-12   2.65905e-19   2.87857e+00   2.87857e+00   -2.21612e-07  
3.3982083e+01  1.02066e+01   1.02230e+01   1.02230e+01   9.99998e-02   5.60909e-08   7.36603e-12   2.85937e-19   2.86185e+00   2.86185e+00   -2.21624e-07  
3.5226947e+01  1.02153e+01   1.02318e+01   1.02318e+01   9.99998e-02   5.80392e-08   7.86048e-12   3.06465e-19   2.84469e+00   2.84469e+00   -2.21636e-07  
3.6517413e+01  1.02243e+01   1.02409e+01   1.02409e+01   9.99998e-02   6.00523e-08   8.38678e-12   3.27416e-19   2.82708e+00   2.82708e+00   -2.21649e-07  
3.7855152e+01  1.02337e+01   1.02504e+01   1.02504e+01   9.99998e-02   6.21325e-08   8.94701e-12   3.48725e-19   2.80903e+00   2.80903e+00   -2.21662e-07  
3.9241898e+01  1.02434e+01   1.02602e+01   1.02602e+01   9.99998e-02   6.42823e-08   9.54339e-12   3.70331e-19   2.79053e+00   2.79053e+00   -2.21676e-07  
4.0679443e+01  1.02535e+01   1.02703e+01   1.02703e+01   9.99998e-02   6.65044e-08   1.01783e-11   3.92185e-19   2.77156e+00   2.77156e+00   -2.21690e-07  
4.2169650e+01  1.02639e+01   1.02809e+01   1.02809e+01   9.99998e-02   6.88013e-08   1.08544e-11   4.14250e-19   2.75213e+00   2.75213e+00   -2.21705e-07  
4.3714448e+01  1.02748e+01   1.02918e+01   1.02918e+01   9.99997e-02   7.11759e-08   1.15744e-11   4.36497e-19   2.73224e+00   2.73224e+00   -2.21721e-07  
4.5315836e+01  1.02860e+01   1.03032e+01   1.03032e+01   9.99997e-02   7.36310e-08   1.23412e-11   4.58911e-19   2.71187e+00   2.71187e+00   -2.21737e-07  
4.6975888e+01  1.02977e+01   1.03150e+01   1.03150e+01   9.99997e-02   7.61694e-08   1.31582e-11   4.81488e-19   2.69103e+00   2.69103e+00   -2.21753e-07  
4.8696753e+01  1.03098e+01   1.03272e+01   1.03272e+01   9.99997e-02   7.87940e-08   1.40287e-11   5.04234e-19   2.66971e+00   2.66971e+00   -2.21771e-07  
5.0480657e+01  1.03223e+01   1.03399e+01   1.03399e+01   9.99997e-02   8.15078e-08   1.49566e-11   5.27165e-19   2.64791e+00   2.64791e+00   -2.21789e-07  
5.2329911e+01  1.03353e+01   1.03530e+01   1.03530e+01   9.99996e-02   8.43138e-08   1.59460e-11   5.50302e-19   2.62563e+00   2.62563e+00   -2.21807e-07  
5.4246909e+01  1.03488e+01   1.03666e+01   1.03666e+01   9.99996e-02   8.72149e-08   1.70011e-11   5.73677e-19   2.60286e+00   2.60286e+00   -2.21827e-07  
5.6234133e+01  1.03628e+01   1.03807e+01   1.03807e+01   9.99996e-02   9.02143e-08   1.81267e-11   5.97323e-19   2.57961e+00   2.57961e+00   -2.21847e-07  
5.8294153e+01  1.03773e+01   1.03953e+01   1.03953e+01   9.99996e-02   9.33151e-08   1.93279e-11   6.21278e-19   2.55587e+00   2.55587e+00   -2.21868e-07  
6.0429639e+01  1.03922e+01   1.04104e+01   1.04104e+01   9.99995e-02   9.65204e-08   2.06104e-11   6.45581e-19   2.53165e+00   2.53165e+00   -2.21889e-07  
6.2643354e+01  1.04078e+01   1.04261e+01   1.04261e+01   9.99995e-02   9.98334e-08   2.19799e-11   6.70273e-19   2.50694e+00   2.50694e+00   -2.21912e-07  
6.4938163e+01  1.04239e+01   1.04424e+01   1.04424e+01   9.99995e-02   1.03258e-07   2.34432e-11   6.95394e-19   2.48174e+00   2.48174e+00   -2.21935e-07  
6.7317038e+01  1.04405e+01   1.04592e+01   1.04592e+01   9.99994e-02   1.06796e-07   2.50070e-11   7.20986e-19   2.45607e+00   2.45607e+00   -2.21959e-07  
6.9783058e+01  1.04578e+01   1.04766e+01   1.04766e+01   9.99994e-02   1.10452e-07   2.66792e-11   7.47089e-19   2.42991e+00   2.42991e+00   -2.21984e-07  
7.2339416e+01  1.04757e+01   1.04946e+01   1.04946e+01   9.99993e-02   1.14230e-07   2.84677e-11   7.73745e-19   2.40327e+00   2.40328e+00   -2.22010e-07  
7.4989421e+01  1.04942e+01   1.05133e+01   1.05133e+01   9.99993e-02   1.18132e-07   3.03816e-11   8.00992e-19   2.37616e+00   2.37617e+00   -2.22037e-07  
7.7736503e+01  1.05133e+01   1.05326e+01   1.05326e+01   9.99992e-02   1.22163e-07   3.24305e-11   8.28872e-19   2.34858e+00   2.34859e+00   -2.22060e-07  
8.0584219e+01  1.05331e+01   1.05526e+01   1.05526e+01   9.99992e-02   1.26327e-07   3.46249e-11   8.57423e-19   2.32054e+00   2.32054e+00   -2.22077e-07  
8.3536255e+01  1.05536e+01   1.05733e+01   1.05733e+01   9.99991e-02   1.30627e-07   3.69759e-11   8.86684e-19   2.29203e+00   2.29203e+00   -2.22094e-07  
8.6596432e+01  1.05748e+01   1.05947e+01   1.05947e+01   9.99991e-02   1.35066e-07   3.94959e-11   9.16695e-19   2.26306e+00   2.26306e+00   -2.22112e-07  
8.9768713e+01  1.05967e+01   1.06168e+01   1.06168e+01   9.99990e-02   1.39650e-07   4.21982e-11   9.47497e-19   2.23364e+00   2.23365e+00   -2.22130e-07  
9.3057204e+01  1.06194e+01   1.06397e+01   1.06397e+01   9.99989e-02   1.44382e-07   4.50970e-11   9.79127e-19   2.20378e+00   2.20379e+00   -2.22149e-07  
9.6466162e+01  1.06429e+01   1.06634e+01   1.06633e+01   9.99989e-02   1.49267e-07   4.82081e-11   1.01162e-18   2.17349e+00   2.17349e+00   -2.22169e-07  
1.0000000e+02  1.06671e+01   1.06878e+01   1.06878e+01   9.99988e-02   1.54309e-07   5.15481e-11   1.04503e-18   2.14277e+00   2.14277e+00   -2.22189e-07  
1.0366329e+02  1.06922e+01   1.07131e+01   1.07131e+01   9.99987e-02   1.59512e-07   5.51354e-11   1.07939e-18   2.11163e+00   2.11163e+00   -2.22210e-07  
1.0746078e+02  1.07181e+01   1.07392e+01   1.07392e+01   9.99986e-02   1.64881e-07   5.89898e-11   1.11473e-18   2.08008e+00   2.08009e+00   -2.22232e-07  
1.1139739e+02  1.07448e+01   1.07662e+01   1.07662e+01   9.99985e-02   1.70421e-07   6.31327e-11   1.15111e-18   2.04814e+00   2.04814e+00   -2.22255e-07  
1.1547820e+02  1.07725e+01   1.07941e+01   1.07941e+01   9.99984e-02   1.76137e-07   6.75872e-11   1.18857e-18   2.01581e+00   2.01581e+00   -2.22278e-07  
1.1970850e+02  1.08010e+01   1.08229e+01   1.08229e+01   9.99983e-02   1.82033e-07   7.23784e-11   1.22714e-18   1.98310e+00   1.98311e+00   -2.22303e-07  
1.2409378e+02  1.08305e+01   1.08527e+01   1.08527e+01   9.99982e-02   1.88114e-07   7.75334e-11   1.26689e-18   1.95004e+00   1.95004e+00   -2.22328e-07  
1.2863969e+02  1.08609e+01   1.08834e+01   1.08834e+01   9.99980e-02   1.94386e-07   8.30816e-11   1.30785e-18   1.91662e+00   1.91663e+00   -2.22354e-07  
1.3335214e+02  1.08924e+01   1.09151e+01   1.09151e+01   9.99979e-02   2.00855e-07   8.90547e-11   1.35009e-18   1.88287e+00   1.88287e+00   -2.22381e-07  
1.3823722e+02  1.09248e+01   1.09478e+01   1.09478e+01   9.99978e-02   2.07525e-07   9.54868e-11   1.39364e-18   1.84879e+00   1.84880e+00   -2.22409e-07  
1.4330126e+02  1.09583e+01   1.09816e+01   1.09816e+01   9.99976e-02   2.14403e-07   1.02415e-10   1.43858e-18   1.81441e+00   1.81442e+00   -2.22437e-07  
1.4855080e+02  1.09928e+01   1.10164e+01   1.10164e+01   9.99975e-02   2.21494e-07   1.09879e-10   1.48495e-18   1.77974e+00   1.77974e+00   -2.22467e-07  
1.5399265e+02  1.10284e+01   1.10523e+01   1.10523e+01   9.99973e-02   2.28804e-07   1.17922e-10   1.53283e-18   1.74479e+00   1.74479e+00   -2.22498e-07  
1.5963385e+02  1.10651e+01   1.10893e+01   1.10893e+01   9.99971e-02   2.36340e-07   1.26589e-10   1.58228e-18   1.70957e+00   1.70958e+00   -2.22530e-07  
1.6548171e+02  1.11029e+01   1.11275e+01   1.11275e+01   9.99969e-02   2.44107e-07   1.35931e-10   1.63338e-18   1.67412e+00   1.67412e+00   -2.22563e-07  
1.7154379e+02  1.11418e+01   1.11668e+01   1.11668e+01   9.99967e-02   2.52114e-07   1.46000e-10   1.68619e-18   1.63843e+00   1.63844e+00   -2.22597e-07  
1.7782794e+02  1.11820e+01   1.12072e+01   1.12072e+01   9.99965e-02   2.60366e-07   1.56854e-10   1.74081e-18   1.60254e+00   1.60255e+00   -2.22632e-07  
1.8434230e+02  1.12233e+01   1.12489e+01   1.12489e+01   9.99963e-02   2.68872e-07   1.68552e-10   1.79733e-18   1.56645e+00   1.56646e+00   -2.22668e-07  
1.9109530e+02  1.12658e+01   1.12918e+01   1.12918e+01   9.99960e-02   2.77637e-07   1.81160e-10   1.85582e-18   1.53019e+00   1.53020e+00   -2.22705e-07  
1.9809568e+02  1.13095e+01   1.13359e+01   1.13359e+01   9.99958e-02   2.86672e-07   1.94746e-10   1.91640e-18   1.49378e+00   1.49379e+00   -2.22744e-07  
2.0535250e+02  1.13545e+01   1.13812e+01   1.13812e+01   9.99955e-02   2.95982e-07   2.09383e-10   1.97916e-18   1.45724e+00   1.45725e+00   -2.22784e-07  
2.1287517e+02  1.14007e+01   1.14278e+01   1.14278e+01   9.99952e-02   3.05578e-07   2.25147e-10   2.04420e-18   1.42057e+00   1.42059e+00   -2.22825e-07  
2.2067341e+02  1.14481e+01   1.14757e+01   1.14757e+01   9.99949e-02   3.15469e-07   2.42118e-10   2.11163e-18   1.38382e+00   1.38383e+00   -2.22867e-07  
2.2875732e+02  1.14969e+01   1.15248e+01   1.15248e+01   9.99946e-02   3.25664e-07   2.60380e-10   2.18154e-18   1.34699e+00   1.34701e+00   -2.22911e-07  
2.3713737e+02  1.15468e+01   1.15752e+01   1.15752e+01   9.99943e-02   3.36174e-07   2.80016e-10   2.25399e-18   1.31012e+00   1.31013e+00   -2.22955e-07  
2.4582441e+02  1.15981e+01   1.16268e+01   1.16268e+01   9.99939e-02   3.47012e-07   3.01116e-10   2.32901e-18   1.27321e+00   1.27323e+00   -2.23002e-07  
2.5482967e+02  1.16506e+01   1.16797e+01   1.16797e+01   9.99935e-02   3.58189e-07   3.23767e-10   2.40653e-18   1.23630e+00   1.23632e+00   -2.23049e-07  
2.6416483e+02  1.17043e+01   1.17339e+01   1.17339e+01   9.99932e-02   3.69722e-07   3.48055e-10   2.48632e-18   1.19942e+00   1.19943e+00   -2.23098e-07  
2.7384196e+02  1.17593e+01   1.17893e+01   1.17893e+01   9.99927e-02   3.81627e-07   3.74065e-10   2.56780e-18   1.16258e+00   1.16259e+00   -2.23148e-07  
2.8387360e+02  1.18155e+01   1.18459e+01   1.18459e+01   9.99923e-02   3.93928e-07   4.01874e-10   2.64975e-18   1.12581e+00   1.12583e+00   -2.23199e-07  
2.9427272e+02  1.18729e+01   1.19037e+01   1.19037e+01   9.99919e-02   4.06655e-07   4.31553e-10   2.72947e-18   1.08914e+00   1.08916e+00   -2.23251e-07  
3.0505279e+02  1.19314e+01   1.19626e+01   1.19626e+01   9.99914e-02   4.19853e-07   4.63170e-10   2.80083e-18   1.05260e+00   1.05262e+00   -2.23305e-07  
3.1622777e+02  1.19910e+01   1.20227e+01   1.20227e+01   9.99909e-02   4.33600e-07   4.96805e-10   2.84820e-18   1.01622e+00   1.01624e+00   -2.23360e-07  
3.2781212e+02  1.20517e+01   1.20837e+01   1.20837e+01   9.99904e-02   4.48058e-07   5.32654e-10   2.82383e-18   9.80024e-01   9.80049e-01   -2.23416e-07  
3.3982083e+02  1.21134e+01   1.21458e+01   1.21458e+01   9.99898e-02   4.63675e-07   5.71609e-10   2.52915e-18   9.44054e-01   9.44081e-01   -2.23473e-07  
3.5226947e+02  1.21760e+01   1.22088e+01   1.22088e+01   9.99893e-02   4.82356e-07   6.17450e-10   5.59723e-19   9.08341e-01   9.08370e-01   -2.23532e-07  
3.6517413e+02  1.22395e+01   1.22726e+01   1.22726e+01   9.99887e-02   5.10009e-07   1.18142e-09   3.48649e-19   8.72922e-01   8.72953e-01   -2.23591e-07  
3.7855152e+02  1.23037e+01   1.23372e+01   1.23372e+01   9.99881e-02   5.39400e-07   1.86722e-09   3.66917e-19   8.37834e-01   8.37867e-01   -2.23651e-07  
3.9241898e+02  1.23686e+01   1.24025e+01   1.24024e+01   9.99874e-02   5.70160e-07   2.62291e-09   3.85361e-19   8.03116e-01   8.03151e-01   -2.23712e-07  
4.0679443e+02  1.24341e+01   1.24682e+01   1.24682e+01   9.99868e-02   6.02353e-07   3.45232e-09   4.03382e-19   7.68809e-01   7.68847e-01   -2.23773e-07  
4.2169650e+02  1.25000e+01   1.25344e+01   1.25344e+01   9.99861e-02   6.36043e-07   4.35880e-09   4.20965e-19   7.34957e-01   7.34997e-01   -2.23835e-07  
4.3714448e+02  1.25663e+01   1.26009e+01   1.26009e+01   9.99854e-02   6.71295e-07   5.34561e-09   4.38149e-19   7.01605e-01   7.01647e-01   -2.23898e-07  
4.5315836e+02  1.26327e+01   1.26676e+01   1.26676e+01   9.99847e-02   7.08176e-07   6.41601e-09   4.54966e-19   6.68797e-01   6.68842e-01   -2.23960e-07  
4.6975888e+02  1.26992e+01   1.27343e+01   1.27343e+01   9.99839e-02   7.46756e-07   7.57323e-09   4.71440e-19   6.36580e-01   6.36628e-01   -2.24023e-07  
4.8696753e+02  1.27656e+01   1.28009e+01   1.28008e+01   9.99832e-02   7.87103e-07   8.82047e-09   4.87586e-19   6.05003e-01   6.05054e-01   -2.24085e-07  
5.0480657e+02  1.28317e+01   1.28672e+01   1.28671e+01   9.99824e-02   8.29291e-07   1.01609e-08   5.03413e-19   5.74114e-01   5.74167e-01   -2.24148e-07  
5.2329911e+02  1.28974e+01   1.29330e+01   1.29330e+01   9.99815e-02   8.73393e-07   1.15978e-08   5.18924e-19   5.43959e-01   5.44014e-01   -2.24209e-07  
5.4246909e+02  1.29626e+01   1.29982e+01   1.29982e+01   9.99807e-02   9.19485e-07   1.31342e-08   5.34120e-19   5.14585e-01   5.14644e-01   -2.24270e-07  
5.6234133e+02  1.30270e+01   1.30627e+01   1.30626e+01   9.99798e-02   9.67643e-07   1.47732e-08   5.49001e-19   4.86039e-01   4.86100e-01   -2.24330e-07  
5.8294153e+02  1.30906e+01   1.31262e+01   1.31262e+01   9.99789e-02   1.01795e-06   1.65180e-08   5.63565e-19   4.58362e-01   4.58426e-01   -2.24389e-07  
6.0429639e+02  1.31531e+01   1.31887e+01   1.31887e+01   9.99780e-02   1.07048e-06   1.83718e-08   5.77810e-19   4.31596e-01   4.31661e-01   -2.24446e-07  
6.2643354e+02  1.32144e+01   1.32500e+01   1.32499e+01   9.99771e-02   1.12532e-06   2.03377e-08   5.91736e-19   4.05775e-01   4.05843e-01   -2.24502e-07  
6.4938163e+02  1.32745e+01   1.33099e+01   1.33099e+01   9.99761e-02   1.18255e-06   2.24189e-08   6.05343e-19   3.80928e-01   3.80998e-01   -2.24529e-07  
6.7317038e+02  1.33331e+01   1.33684e+01   1.33684e+01   9.99751e-02   1.24226e-06   2.46185e-08   6.18632e-19   3.57078e-01   3.57150e-01   -2.24555e-07  
6.9783058e+02  1.33901e+01   1.34254e+01   1.34253e+01   9.99741e-02   1.30453e-06   2.69399e-08   6.31608e-19   3.34246e-01   3.34319e-01   -2.24579e-07  
7.2339416e+02  1.34455e+01   1.34807e+01   1.34806e+01   9.99730e-02   1.36946e-06   2.93864e-08   6.44276e-19   3.12447e-01   3.12521e-01   -2.24601e-07  
7.4989421e+02  1.34992e+01   1.35343e+01   1.35342e+01   9.99719e-02   1.43713e-06   3.19613e-08   6.56643e-19   2.91688e-01   2.91763e-01   -2.24621e-07  
7.7736503e+02  1.35511e+01   1.35862e+01   1.35861e+01   9.99708e-02   1.50765e-06   3.46682e-08   6.68718e-19   2.71970e-01   2.72045e-01   -2.24638e-07  
8.0584219e+02  1.36012e+01   1.36363e+01   1.36362e+01   9.99696e-02   1.58111e-06   3.75106e-08   6.80509e-19   2.53287e-01   2.53363e-01   -2.24654e-07  
8.3536255e+02  1.36495e+01   1.36846e+01   1.36846e+01   9.99684e-02   1.65760e-06   4.04923e-08   6.92026e-19   2.35626e-01   2.35701e-01   -2.24666e-07  
8.6596432e+02  1.36960e+01   1.37312e+01   1.37312e+01   9.99672e-02   1.73723e-06   4.36170e-08   7.03278e-19   2.18967e-01   2.19042e-01   -2.24676e-07  
8.9768713e+02  1.37406e+01   1.37761e+01   1.37760e+01   9.99659e-02   1.82011e-06   4.68887e-08   7.14274e-19   2.03286e-01   2.03359e-01   -2.24684e-07  
9.3057204e+02  1.37835e+01   1.38193e+01   1.38192e+01   9.99645e-02   1.90635e-06   5.03115e-08   7.25021e-19   1.88550e-01   1.88623e-01   -2.24688e-07  
9.6466162e+02  1.38246e+01   1.38609e+01   1.38608e+01   9.99631e-02   1.99605e-06   5.38897e-08   7.35526e-19   1.74726e-01   1.74797e-01   -2.24689e-07  
1.0000000e+03  1.38640e+01   1.39009e+01   1.39008e+01   9.99617e-02   2.08934e-06   5.76277e-08   7.45795e-19   1.61775e-01   1.61845e-01   -2.24687e-07  
1.0366329e+03  1.39018e+01   1.39395e+01   1.39394e+01   9.99602e-02   2.18633e-06   6.15302e-08   7.55831e-19   1.49656e-01   1.49724e-01   -2.24681e-07  
1.0746078e+03  1.39381e+01   1.39767e+01   1.39766e+01   9.99586e-02   2.28715e-06   6.56020e-08   7.65637e-19   1.38327e-01   1.38394e-01   -2.24672e-07  
1.1139739e+03  1.39728e+01   1.40126e+01   1.40125e+01   9.99569e-02   2.39193e-06   6.98480e-08   7.75212e-19   1.27745e-01   1.27811e-01   -2.24659e-07  
1.1547820e+03  1.40062e+01   1.40473e+01   1.40472e+01   9.99552e-02   2.50081e-06   7.42736e-08   7.84556e-19   1.17867e-01   1.17931e-01   -2.24641e-07  
1.1970850e+03  1.40382e+01   1.40810e+01   1.40809e+01   9.99535e-02   2.61393e-06   7.88841e-08   7.93666e-19   1.08650e-01   1.08712e-01   -2.24619e-07  
1.2409378e+03  1.40690e+01   1.41138e+01   1.41137e+01   9.99516e-02   2.73142e-06   8.36851e-08   8.02537e-19   1.00053e-01   1.00114e-01   -2.24592e-07  
1.2863969e+03  1.40987e+01   1.41457e+01   1.41456e+01   9.99497e-02   2.85344e-06   8.86826e-08   8.11163e-19   9.20366e-02   9.20962e-02   -2.24560e-07  
1.3335214e+03  1.41273e+01   1.41769e+01   1.41768e+01   9.99476e-02   2.98015e-06   9.38827e-08   8.19539e-19   8.45627e-02   8.46214e-02   -2.24521e-07  
1.3823722e+03  1.41550e+01   1.42075e+01   1.42074e+01   9.99455e-02   3.11170e-06   9.92915e-08   8.27654e-19   7.75962e-02   7.76541e-02   -2.24476e-07  
1.4330126e+03  1.41817e+01   1.42377e+01   1.42376e+01   9.99433e-02   3.24827e-06   1.04916e-07   8.35502e-19   7.11041e-02   7.11617e-02   -2.24424e-07  
1.4855080e+03  1.42077e+01   1.42676e+01   1.42675e+01   9.99411e-02   3.39003e-06   1.10762e-07   8.43071e-19   6.50560e-02   6.51134e-02   -2.24363e-07  
1.5399265e+03  1.42329e+01   1.42973e+01   1.42972e+01   9.99387e-02   3.53715e-06   1.16838e-07   8.50351e-19   5.94239e-02   5.94814e-02   -2.24293e-07  
1.5963385e+03  1.42576e+01   1.43271e+01   1.43270e+01   9.99362e-02   3.68983e-06   1.23150e-07   8.57332e-19   5.41820e-02   5.42400e-02   -2.24212e-07  
1.6548171e+03  1.42817e+01   1.43570e+01   1.43570e+01   9.99336e-02   3.84826e-06   1.29706e-07   8.64001e-19   4.93069e-02   4.93657e-02   -2.24119e-07  
1.7154379e+03  1.43053e+01   1.43873e+01   1.43873e+01   9.99310e-02   4.01265e-06   1.36514e-07   8.70346e-19   4.47775e-02   4.48374e-02   -2.24013e-07  
1.7782794e+03  1.43286e+01   1.44182e+01   1.44183e+01   9.99282e-02   4.18319e-06   1.43581e-07   8.76354e-19   4.05744e-02   4.06357e-02   -2.23890e-07  
1.8434230e+03  1.43515e+01   1.44499e+01   1.44501e+01   9.99253e-02   4.36012e-06   1.50917e-07   8.82011e-19   3.66802e-02   3.67432e-02   -2.23749e-07  
1.9109530e+03  1.43743e+01   1.44826e+01   1.44830e+01   9.99223e-02   4.54365e-06   1.58528e-07   8.87302e-19   3.30792e-02   3.31443e-02   -2.23587e-07  
1.9809568e+03  1.43969e+01   1.45167e+01   1.45174e+01   9.99192e-02   4.73403e-06   1.66425e-07   8.92213e-19   2.97569e-02   2.98243e-02   -2.23400e-07  
2.0535250e+03  1.44195e+01   1.45524e+01   1.45534e+01   9.99160e-02   4.93149e-06   1.74615e-07   8.96725e-19   2.67004e-02   2.67705e-02   -2.23185e-07  
2.1287517e+03  1.44422e+01   1.45902e+01   1.45916e+01   9.99127e-02   5.13629e-06   1.83108e-07   9.00823e-19   2.38976e-02   2.39705e-02   -2.22937e-07  
2.2067341e+03  1.44650e+01   1.46302e+01   1.46322e+01   9.99092e-02   5.34869e-06   1.91913e-07   9.04485e-19   2.13371e-02   2.14132e-02   -2.22652e-07  
2.2875732e+03  1.44879e+01   1.46731e+01   1.46758e+01   9.99057e-02   5.56898e-06   2.01039e-07   9.07690e-19   1.90083e-02   1.90876e-02   -2.22325e-07  
2.3713737e+03  1.45112e+01   1.47191e+01   1.47229e+01   9.99020e-02   5.79744e-06   2.10497e-07   9.10417e-19   1.69005e-02   1.69832e-02   -2.21949e-07  
2.4582441e+03  1.45349e+01   1.47687e+01   1.47738e+01   9.98982e-02   6.03436e-06   2.20295e-07   9.12638e-19   1.50034e-02   1.50897e-02   -2.21519e-07  
2.5482967e+03  1.45589e+01   1.48224e+01   1.48292e+01   9.98943e-02   6.28007e-06   2.30443e-07   9.14325e-19   1.33064e-02   1.33962e-02   -2.21029e-07  
2.6416483e+03  1.45836e+01   1.48804e+01   1.48895e+01   9.98903e-02   6.53489e-06   2.40951e-07   9.15449e-19   1.17982e-02   1.18917e-02   -2.20476e-07  
2.7384196e+03  1.46088e+01   1.49431e+01   1.49550e+01   9.98862e-02   6.79915e-06   2.51829e-07   9.15976e-19   1.04674e-02   1.05645e-02   -2.19855e-07  
2.8387360e+03  1.46346e+01   1.50106e+01   1.50261e+01   9.98820e-02   7.07321e-06   2.63086e-07   9.15868e-19   9.30164e-03   9.40240e-03   -2.19167e-07  
2.9427272e+03  1.46612e+01   1.50828e+01   1.51028e+01   9.98776e-02   7.35746e-06   2.74733e-07   9.15086e-19   8.28809e-03   8.39252e-03   -2.18414e-07  
3.0505279e+03  1.46887e+01   1.51596e+01   1.51849e+01   9.98731e-02   7.65226e-06   2.86779e-07   9.13585e-19   7.41337e-03   7.52151e-03   -2.17601e-07  
3.1622777e+03  1.47169e+01   1.52404e+01   1.52721e+01   9.98685e-02   7.95805e-06   2.99233e-07   9.11321e-19   6.66377e-03   6.77569e-03   -2.16739e-07  
3.2781212e+03  1.47462e+01   1.53245e+01   1.53637e+01   9.98639e-02   8.27531e-06   3.12104e-07   9.08246e-19   6.02551e-03   6.14129e-03   -2.15841e-07  
3.3982083e+03  1.47764e+01   1.54111e+01   1.54587e+01   9.98591e-02   8.60448e-06   3.25400e-07   9.04305e-19   5.48498e-03   5.60474e-03   -2.14922e-07  
3.5226947e+03  1.48077e+01   1.54990e+01   1.55562e+01   9.98542e-02   8.94606e-06   3.39131e-07   8.99440e-19   5.02908e-03   5.15294e-03   -2.14001e-07  
3.6517413e+03  1.48401e+01   1.55873e+01   1.56551e+01   9.98492e-02   9.30052e-06   3.53302e-07   8.93586e-19   4.64548e-03   4.77352e-03   -2.13091e-07  
3.7855152e+03  1.48736e+01   1.56753e+01   1.57544e+01   9.98441e-02   9.66840e-06   3.67921e-07   8.86676e-19   4.32281e-03   4.45513e-03   -2.12208e-07  
3.9241898e+03  1.49084e+01   1.57623e+01   1.58535e+01   9.98389e-02   1.00502e-05   3.82992e-07   8.78637e-19   4.05090e-03   4.18755e-03   -2.11362e-07  
4.0679443e+03  1.49444e+01   1.58479e+01   1.59517e+01   9.98336e-02   1.04466e-05   3.98521e-07   8.69390e-19   3.82081e-03   3.96180e-03   -2.10559e-07  
4.2169650e+03  1.49817e+01   1.59320e+01   1.60488e+01   9.98282e-02   1.08581e-05   4.14509e-07   8.58854e-19   3.62495e-03   3.77024e-03   -2.09801e-07  
4.3714448e+03  1.50204e+01   1.60145e+01   1.61448e+01   9.98227e-02   1.12854e-05   4.30957e-07   8.46940e-19   3.45688e-03   3.60642e-03   -2.09090e-07  
4.5315836e+03  1.50604e+01   1.60957e+01   1.62397e+01   9.98171e-02   1.17291e-05   4.47865e-07   8.33556e-19   3.31132e-03   3.46502e-03   -2.08421e-07  
4.6975888e+03  1.51019e+01   1.61757e+01   1.63337e+01   9.98114e-02   1.21900e-05   4.65227e-07   8.18605e-19   3.18399e-03   3.34176e-03   -2.07793e-07  
4.8696753e+03  1.51448e+01   1.62550e+01   1.64271e+01   9.98057e-02   1.26687e-05   4.83038e-07   8.01985e-19   3.07145e-03   3.23320e-03   -2.07201e-07  
5.0480657e+03  1.51892e+01   1.63336e+01   1.65202e+01   9.97998e-02   1.31660e-05   5.01287e-07   7.83591e-19   2.97096e-03   3.13661e-03   -2.06640e-07  
5.2329911e+03  1.52350e+01   1.64121e+01   1.66133e+01   9.97938e-02   1.36828e-05   5.19960e-07   7.63315e-19   2.88035e-03   3.04981e-03   -2.06106e-07  
5.4246909e+03  1.52824e+01   1.64904e+01   1.67068e+01   9.97877e-02   1.42199e-05   5.39039e-07   7.41047e-19   2.79786e-03   2.97110e-03   -2.05605e-07  
5.6234133e+03  1.53313e+01   1.65691e+01   1.68008e+01   9.97815e-02   1.47781e-05   5.58500e-07   7.16682e-19   2.72210e-03   2.89908e-03   -2.05147e-07  
5.8294153e+03  1.53818e+01   1.66481e+01   1.68958e+01   9.97752e-02   1.53585e-05   5.78314e-07   6.90120e-19   2.65195e-03   2.83266e-03   -2.04706e-07  
6.0429639e+03  1.54339e+01   1.67279e+01   1.69919e+01   9.97688e-02   1.59620e-05   5.98447e-07   6.61287e-19   2.58643e-03   2.77088e-03   -2.04258e-07  
6.2643354e+03  1.54876e+01   1.68085e+01   1.70896e+01   9.97623e-02   1.65897e-05   6.18855e-07   6.30146e-19   2.52466e-03   2.71288e-03   -2.03803e-07  
6.4938163e+03  1.55430e+01   1.68902e+01   1.71890e+01   9.97557e-02   1.72426e-05   6.39491e-07   5.96738e-19   2.46611e-03   2.65815e-03   -2.03354e-07  
6.7317038e+03  1.56000e+01   1.69731e+01   1.72904e+01   9.97490e-02   1.79218e-05   6.60302e-07   5.61252e-19   2.41032e-03   2.60625e-03   -2.02910e-07  
6.9783058e+03  1.56587e+01   1.70573e+01   1.73941e+01   9.97421e-02   1.86287e-05   6.81226e-07   5.24151e-19   2.35686e-03   2.55677e-03   -2.02468e-07  
7.2339416e+03  1.57190e+01   1.71429e+01   1.75002e+01   9.97351e-02   1.93644e-05   7.02204e-07   4.86421e-19   2.30535e-03   2.50935e-03   -2.02026e-07  
7.4989421e+03  1.57811e+01   1.72302e+01   1.76090e+01   9.97280e-02   2.01301e-05   7.23177e-07   4.49989e-19   2.25549e-03   2.46370e-03   -2.01581e-07  
7.7736503e+03  1.58449e+01   1.73192e+01   1.77208e+01   9.97209e-02   2.09269e-05   7.44090e-07   4.18271e-19   2.20696e-03   2.41953e-03   -2.01130e-07  
8.0584219e+03  1.59104e+01   1.74100e+01   1.78360e+01   9.97135e-02   2.17562e-05   7.64870e-07   3.96007e-19   2.15953e-03   2.37661e-03   -2.00672e-07  
8.3536255e+03  1.59776e+01   1.75029e+01   1.79547e+01   9.97061e-02   2.26191e-05   7.85371e-07   3.86619e-19   2.11297e-03   2.33474e-03   -2.00203e-07  
8.6596432e+03  1.60465e+01   1.75977e+01   1.80772e+01   9.96986e-02   2.35172e-05   8.05352e-07   3.89177e-19   2.06716e-03   2.29382e-03   -1.99723e-07  
8.9768713e+03  1.61172e+01   1.76946e+01   1.82037e+01   9.96909e-02   2.44523e-05   8.24564e-07   4.00727e-19   2.02206e-03   2.25381e-03   -1.99229e-07  
9.3057204e+03  1.61896e+01   1.77933e+01   1.83341e+01   9.96832e-02   2.54261e-05   8.42814e-07   4.20045e-19   1.97762e-03   2.21470e-03   -1.98721e-07  
9.6466162e+03  1.62637e+01   1.78941e+01   1.84688e+01   9.96753e-02   2.64404e-05   8.59963e-07   4.48230e-19   1.93378e-03   2.17645e-03   -1.98198e-07  
1.0000000e+04  1.63395e+01   1.79968e+01   1.86080e+01   9.96673e-02   2.74969e-05   8.75926e-07   4.88085e-19   1.89049e-03   2.13901e-03   -1.97657e-07  
1.0366329e+04  1.64170e+01   1.81014e+01   1.87520e+01   9.96593e-02   2.85971e-05   8.90698e-07   5.43413e-19   1.84766e-03   2.10234e-03   -1.97097e-07  
1.0746078e+04  1.64961e+01   1.82080e+01   1.89009e+01   9.96511e-02   2.97424e-05   9.04379e-07   6.17777e-19   1.80525e-03   2.06642e-03   -1.96516e-07  
1.1139739e+04  1.65768e+01   1.83166e+01   1.90551e+01   9.96428e-02   3.09338e-05   9.17174e-07   7.12651e-19   1.76320e-03   2.03122e-03   -1.95912e-07  
1.1547820e+04  1.66591e+01   1.84269e+01   1.92149e+01   9.96345e-02   3.21723e-05   9.29366e-07   8.26443e-19   1.72149e-03   1.99675e-03   -1.95282e-07  
1.1970850e+04  1.67428e+01   1.85391e+01   1.93805e+01   9.96261e-02   3.34586e-05   9.41244e-07   9.55684e-19   1.68010e-03   1.96303e-03   -1.94625e-07  
1.2409378e+04  1.68280e+01   1.86528e+01   1.95522e+01   9.96176e-02   3.47936e-05   9.53056e-07   1.09692e-18   1.63902e-03   1.93010e-03   -1.93939e-07  
1.2863969e+04  1.69144e+01   1.87681e+01   1.97303e+01   9.96090e-02   3.61783e-05   9.64999e-07   1.24766e-18   1.59828e-03   1.89800e-03   -1.93221e-07  
1.3335214e+04  1.70022e+01   1.88847e+01   1.99150e+01   9.96004e-02   3.76138e-05   9.77225e-07   1.40646e-18   1.55787e-03   1.86680e-03   -1.92470e-07  
1.3823722e+04  1.70911e+01   1.90023e+01   2.01064e+01   9.95917e-02   3.91013e-05   9.89850e-07   1.57285e-18   1.51782e-03   1.83656e-03   -1.91683e-07  
1.4330126e+04  1.71809e+01   1.91207e+01   2.03048e+01   9.95830e-02   4.06422e-05   1.00297e-06   1.74723e-18   1.47816e-03   1.80737e-03   -1.90859e-07  
1.4855080e+04  1.72717e+01   1.92397e+01   2.05104e+01   9.95742e-02   4.22376e-05   1.01667e-06   1.93091e-18   1.43891e-03   1.77932e-03   -1.89995e-07  
1.5399265e+04  1.73632e+01   1.93587e+01   2.07233e+01   9.95654e-02   4.38890e-05   1.03102e-06   2.12630e-18   1.40012e-03   1.75253e-03   -1.89088e-07  
1.5963385e+04  1.74553e+01   1.94774e+01   2.09435e+01   9.95566e-02   4.55975e-05   1.04608e-06   2.33725e-18   1.36180e-03   1.72709e-03   -1.88137e-07  
1.6548171e+04  1.75477e+01   1.95954e+01   2.11710e+01   9.95477e-02   4.73641e-05   1.06193e-06   2.56981e-18   1.32399e-03   1.70313e-03   -1.87214e-07  
1.7154379e+04  1.76402e+01   1.97121e+01   2.14060e+01   9.95389e-02   4.91897e-05   1.07861e-06   2.83349e-18   1.28672e-03   1.68078e-03   -1.86274e-07  
1.7782794e+04  1.77327e+01   1.98269e+01   2.16482e+01   9.95301e-02   5.10742e-05   1.09620e-06   3.14285e-18   1.25001e-03   1.66020e-03   -1.85288e-07  
1.8434230e+04  1.78248e+01   1.99391e+01   2.18975e+01   9.95213e-02   5.30171e-05   1.11475e-06   3.51756e-18   1.21389e-03   1.64153e-03   -1.84254e-07  
1.9109530e+04  1.79162e+01   2.00481e+01   2.21537e+01   9.95127e-02   5.50164e-05   1.13433e-06   3.97648e-18   1.17838e-03   1.62493e-03   -1.83168e-07  
1.9809568e+04  1.80067e+01   2.01531e+01   2.24164e+01   9.95041e-02   5.70662e-05   1.15564e-06   4.63969e-18   1.14349e-03   1.61062e-03   -1.82027e-07  
2.0535250e+04  1.80957e+01   2.02529e+01   2.26845e+01   9.94956e-02   5.91624e-05   1.17830e-06   5.29529e-18   1.10929e-03   1.59885e-03   -1.80828e-07  
2.1287517e+04  1.81831e+01   2.03469e+01   2.29576e+01   9.94873e-02   6.13043e-05   1.20203e-06   5.96916e-18   1.07574e-03   1.58976e-03   -1.79567e-07  
2.2067341e+04  1.82686e+01   2.04344e+01   2.32354e+01   9.94792e-02   6.34906e-05   1.22688e-06   6.65840e-18   1.04280e-03   1.58351e-03   -1.78236e-07  
2.2875732e+04  1.83516e+01   2.05147e+01   2.35172e+01   9.94713e-02   6.57195e-05   1.25290e-06   7.36068e-18   1.01040e-03   1.58027e-03   -1.76828e-07  
2.3713737e+04  1.84319e+01   2.05870e+01   2.38025e+01   9.94636e-02   6.79895e-05   1.28013e-06   8.07437e-18   9.78464e-04   1.58019e-03   -1.75332e-07  
2.4582441e+04  1.85091e+01   2.06507e+01   2.40903e+01   9.94562e-02   7.02985e-05   1.30859e-06   8.79832e-18   9.46925e-04   1.58340e-03   -1.73740e-07  
2.5482967e+04  1.85825e+01   2.07051e+01   2.43791e+01   9.94490e-02   7.26443e-05   1.33830e-06   9.53165e-18   9.15722e-04   1.59002e-03   -1.72040e-07  
2.6416483e+04  1.86518e+01   2.07498e+01   2.46670e+01   9.94422e-02   7.50244e-05   1.36928e-06   1.02737e-17   8.84823e-04   1.60008e-03   -1.70222e-07  
2.7384196e+04  1.87165e+01   2.07844e+01   2.49512e+01   9.94357e-02   7.74362e-05   1.40149e-06   1.10238e-17   8.54239e-04   1.61350e-03   -1.68280e-07  
2.8387360e+04  1.87760e+01   2.08089e+01   2.52269e+01   9.94295e-02   7.98764e-05   1.43492e-06   1.17813e-17   8.24051e-04   1.63000e-03   -1.66211e-07  
2.9427272e+04  1.88297e+01   2.08234e+01   2.54869e+01   9.94237e-02   8.23418e-05   1.46952e-06   1.25452e-17   7.94458e-04   1.64896e-03   -1.64029e-07  
3.0505279e+04  1.88768e+01   2.08285e+01   2.57200e+01   9.94183e-02   8.48286e-05   1.50519e-06   1.33143e-17   7.65840e-04   1.66921e-03   -1.61766e-07  
3.1622777e+04  1.89163e+01   2.08253e+01   2.59087e+01   9.94133e-02   8.73329e-05   1.54184e-06   1.40865e-17   7.38855e-04   1.68874e-03   -1.59495e-07  
3.2781212e+04  1.89469e+01   2.08156e+01   2.60272e+01   9.94087e-02   8.98507e-05   1.57931e-06   1.48581e-17   7.14585e-04   1.70429e-03   -1.57353e-07  
3.3982083e+04  1.89669e+01   2.08020e+01   2.60374e+01   9.94046e-02   9.23777e-05   1.61743e-06   1.56230e-17   6.94748e-04   1.71072e-03   -1.55575e-07  
3.5226947e+04  1.89736e+01   2.07888e+01   2.58882e+01   9.94009e-02   9.49101e-05   1.65597e-06   1.63711e-17   6.81968e-04   1.70057e-03   -1.54521e-07  
3.6517413e+04  1.89634e+01   2.07824e+01   2.55202e+01   9.93976e-02   9.74450e-05   1.69469e-06   1.70845e-17   6.79993e-04   1.66411e-03   -1.54673e-07  
3.7855152e+04  1.89318e+01   2.07912e+01   2.48901e+01   9.93945e-02   9.99811e-05   1.73332e-06   1.77395e-17   6.93340e-04   1.59195e-03   -1.56481e-07  
3.9241898e+04  1.88748e+01   2.08232e+01   2.40244e+01   9.93916e-02   1.02519e-04   1.77162e-06   1.83107e-17   7.24946e-04   1.48296e-03   -1.59979e-07  
4.0679443e+04  1.87919e+01   2.08728e+01   2.30734e+01   9.93884e-02   1.05063e-04   1.80937e-06   1.87683e-17   7.70867e-04   1.35565e-03   -1.64346e-07  
4.2169650e+04  1.86895e+01   2.09093e+01   2.22578e+01   9.93848e-02   1.07621e-04   1.84639e-06   1.91045e-17   8.18064e-04   1.24458e-03   -1.68224e-07  
4.3714448e+04  1.85780e+01   2.08974e+01   2.16884e+01   9.93806e-02   1.10199e-04   1.88261e-06   1.93435e-17   8.54239e-04   1.17182e-03   -1.70828e-07  
4.5315836e+04  1.84660e+01   2.08347e+01   2.13203e+01   9.93757e-02   1.12806e-04   1.91797e-06   1.95218e-17   8.77165e-04   1.13355e-03   -1.72284e-07  
4.6975888e+04  1.83579e+01   2.07419e+01   2.10688e+01   9.93701e-02   1.15444e-04   1.95248e-06   1.96688e-17   8.90887e-04   1.11592e-03   -1.73036e-07  
4.8696753e+04  1.82552e+01   2.06381e+01   2.08767e+01   9.93637e-02   1.18116e-04   1.98615e-06   1.98013e-17   8.99627e-04   1.10833e-03   -1.73502e-07  
5.0480657e+04  1.81582e+01   2.05340e+01   2.07152e+01   9.93566e-02   1.20822e-04   2.01900e-06   1.99277e-17   9.05960e-04   1.10520e-03   -1.73823e-07  
5.2329911e+04  1.80667e+01   2.04338e+01   2.05712e+01   9.93488e-02   1.23561e-04   2.05106e-06   2.00515e-17   9.11163e-04   1.10413e-03   -1.74061e-07  
5.4246909e+04  1.79805e+01   2.03387e+01   2.04390e+01   9.93401e-02   1.26335e-04   2.08237e-06   2.01745e-17   9.15825e-04   1.10416e-03   -1.74258e-07  
5.6234133e+04  1.78992e+01   2.02489e+01   2.03155e+01   9.93306e-02   1.29142e-04   2.11296e-06   2.02974e-17   9.20224e-04   1.10489e-03   -1.74432e-07  
5.8294153e+04  1.78226e+01   2.01644e+01   2.01995e+01   9.93202e-02   1.31981e-04   2.14287e-06   2.04206e-17   9.24503e-04   1.10615e-03   -1.74594e-07  
6.0429639e+04  1.77504e+01   2.00847e+01   2.00900e+01   9.93089e-02   1.34853e-04   2.17217e-06   2.05441e-17   9.28744e-04   1.10786e-03   -1.74749e-07  
6.2643354e+04  1.76824e+01   2.00096e+01   1.99865e+01   9.92966e-02   1.37755e-04   2.20088e-06   2.06682e-17   9.33000e-04   1.10994e-03   -1.74901e-07  
6.4938163e+04  1.76183e+01   1.99388e+01   1.98886e+01   9.92834e-02   1.40688e-04   2.22908e-06   2.07929e-17   9.37302e-04   1.11234e-03   -1.75050e-07  
6.7317038e+04  1.75580e+01   1.98720e+01   1.97961e+01   9.92691e-02   1.43649e-04   2.25680e-06   2.09180e-17   9.41671e-04   1.11502e-03   -1.75199e-07  
6.9783058e+04  1.75013e+01   1.98091e+01   1.97089e+01   9.92537e-02   1.46638e-04   2.28410e-06   2.10435e-17   9.46118e-04   1.11794e-03   -1.75349e-07  
7.2339416e+04  1.74481e+01   1.97500e+01   1.96267e+01   9.92372e-02   1.49653e-04   2.31102e-06   2.11693e-17   9.50650e-04   1.12107e-03   -1.75499e-07  
7.4989421e+04  1.73983e+01   1.96943e+01   1.95494e+01   9.92195e-02   1.52693e-04   2.33762e-06   2.12953e-17   9.55268e-04   1.12437e-03   -1.75650e-07  
7.7736503e+04  1.73518e+01   1.96421e+01   1.94771e+01   9.92005e-02   1.55756e-04   2.36394e-06   2.14212e-17   9.59972e-04   1.12782e-03   -1.75803e-07  
8.0584219e+04  1.73085e+01   1.95932e+01   1.94095e+01   9.91803e-02   1.58841e-04   2.39004e-06   2.15469e-17   9.64760e-04   1.13139e-03   -1.75956e-07  
8.3536255e+04  1.72684e+01   1.95475e+01   1.93465e+01   9.91587e-02   1.61945e-04   2.41595e-06   2.16722e-17   9.69631e-04   1.13507e-03   -1.76110e-07  
8.6596432e+04  1.72312e+01   1.95049e+01   1.92882e+01   9.91356e-02   1.65068e-04   2.44173e-06   2.17968e-17   9.74582e-04   1.13884e-03   -1.76265e-07  
8.9768713e+04  1.71971e+01   1.94652e+01   1.92342e+01   9.91111e-02   1.68207e-04   2.46741e-06   2.19204e-17   9.79612e-04   1.14269e-03   -1.76420e-07  
9.3057204e+04  1.71658e+01   1.94284e+01   1.91845e+01   9.90850e-02   1.71360e-04   2.49304e-06   2.20428e-17   9.84721e-04   1.14662e-03   -1.76576e-07  
9.6466162e+04  1.71374e+01   1.93944e+01   1.91390e+01   9.90573e-02   1.74525e-04   2.51867e-06   2.21638e-17   9.89911e-04   1.15063e-03   -1.76732e-07  
1.0000000e+05  1.71117e+01   1.93630e+01   1.90975e+01   9.90278e-02   1.77700e-04   2.54433e-06   2.22830e-17   9.95182e-04   1.15472e-03   -1.76889e-07  
1.0366329e+05  1.70888e+01   1.93341e+01   1.90598e+01   9.89966e-02   1.80883e-04   2.57008e-06   2.24002e-17   1.00054e-03   1.15889e-03   -1.77045e-07  
1.0746078e+05  1.70684e+01   1.93076e+01   1.90258e+01   9.89634e-02   1.84071e-04   2.59594e-06   2.25151e-17   1.00599e-03   1.16316e-03   -1.77202e-07  
1.1139739e+05  1.70506e+01   1.92835e+01   1.89953e+01   9.89283e-02   1.87262e-04   2.62198e-06   2.26275e-17   1.01153e-03   1.16753e-03   -1.77358e-07  
1.1547820e+05  1.70353e+01   1.92616e+01   1.89682e+01   9.88910e-02   1.90453e-04   2.64822e-06   2.27372e-17   1.01718e-03   1.17202e-03   -1.77515e-07  
1.1970850e+05  1.70225e+01   1.92419e+01   1.89442e+01   9.88515e-02   1.93642e-04   2.67471e-06   2.28440e-17   1.02294e-03   1.17665e-03   -1.77671e-07  
1.2409378e+05  1.70120e+01   1.92241e+01   1.89232e+01   9.88097e-02   1.96826e-04   2.70150e-06   2.29477e-17   1.02883e-03   1.18144e-03   -1.77827e-07  
1.2863969e+05  1.70038e+01   1.92083e+01   1.89050e+01   9.87654e-02   2.00003e-04   2.72862e-06   2.30481e-17   1.03484e-03   1.18640e-03   -1.77984e-07  
1.3335214e+05  1.69978e+01   1.91942e+01   1.88894e+01   9.87185e-02   2.03169e-04   2.75613e-06   2.31452e-17   1.04101e-03   1.19155e-03   -1.78140e-07  
1.3823722e+05  1.69939e+01   1.91817e+01   1.88762e+01   9.86688e-02   2.06321e-04   2.78406e-06   2.32388e-17   1.04733e-03   1.19692e-03   -1.78296e-07  
1.4330126e+05  1.69920e+01   1.91708e+01   1.88652e+01   9.86162e-02   2.09457e-04   2.81247e-06   2.33288e-17   1.05383e-03   1.20254e-03   -1.78453e-07  
1.4855080e+05  1.69921e+01   1.91613e+01   1.88564e+01   9.85604e-02   2.12573e-04   2.84139e-06   2.34154e-17   1.06051e-03   1.20842e-03   -1.78610e-07  
1.5399265e+05  1.69940e+01   1.91530e+01   1.88494e+01   9.85013e-02   2.15667e-04   2.87088e-06   2.34985e-17   1.06741e-03   1.21459e-03   -1.78767e-07  
1.5963385e+05  1.69976e+01   1.91460e+01   1.88443e+01   9.84386e-02   2.18735e-04   2.90097e-06   2.35781e-17   1.07453e-03   1.22106e-03   -1.78924e-07  
1.6548171e+05  1.70030e+01   1.91402e+01   1.88408e+01   9.83720e-02   2.21773e-04   2.93173e-06   2.36545e-17   1.08189e-03   1.22786e-03   -1.79082e-07  
1.7154379e+05  1.70100e+01   1.91355e+01   1.88389e+01   9.83014e-02   2.24778e-04   2.96319e-06   2.37276e-17   1.08950e-03   1.23501e-03   -1.79241e-07  
1.7782794e+05  1.70184e+01   1.91317e+01   1.88384e+01   9.82265e-02   2.27747e-04   2.99541e-06   2.37976e-17   1.09739e-03   1.24252e-03   -1.79401e-07  
1.8434230e+05  1.70283e+01   1.91289e+01   1.88392e+01   9.81469e-02   2.30677e-04   3.02843e-06   2.38646e-17   1.10557e-03   1.25040e-03   -1.79560e-07  
1.9109530e+05  1.70395e+01   1.91270e+01   1.88411e+01   9.80624e-02   2.33562e-04   3.06232e-06   2.39289e-17   1.11406e-03   1.25866e-03   -1.79721e-07  
1.9809568e+05  1.70519e+01   1.91259e+01   1.88443e+01   9.79725e-02   2.36400e-04   3.09713e-06   2.39905e-17   1.12285e-03   1.26731e-03   -1.79882e-07  
2.0535250e+05  1.70655e+01   1.91257e+01   1.88485e+01   9.78770e-02   2.39188e-04   3.13291e-06   2.40496e-17   1.13198e-03   1.27635e-03   -1.80043e-07  
2.1287517e+05  1.70802e+01   1.91263e+01   1.88538e+01   9.77754e-02   2.41920e-04   3.16973e-06   2.41064e-17   1.14146e-03   1.28578e-03   -1.80205e-07  
2.2067341e+05  1.70959e+01   1.91278e+01   1.88601e+01   9.76673e-02   2.44594e-04   3.20763e-06   2.41611e-17   1.15131e-03   1.29562e-03   -1.80368e-07  
2.2875732e+05  1.71127e+01   1.91302e+01   1.88675e+01   9.75524e-02   2.47206e-04   3.24669e-06   2.42138e-17   1.16155e-03   1.30586e-03   -1.80532e-07  
2.3713737e+05  1.71305e+01   1.91334e+01   1.88758e+01   9.74301e-02   2.49753e-04   3.28696e-06   2.42646e-17   1.17221e-03   1.31652e-03   -1.80697e-07  
2.4582441e+05  1.71492e+01   1.91376e+01   1.88853e+01   9.73001e-02   2.52230e-04   3.32851e-06   2.43137e-17   1.18333e-03   1.32761e-03   -1.80864e-07  
2.5482967e+05  1.71689e+01   1.91428e+01   1.88957e+01   9.71616e-02   2.54634e-04   3.37139e-06   2.43612e-17   1.19494e-03   1.33916e-03   -1.81034e-07  
2.6416483e+05  1.71895e+01   1.91489e+01   1.89072e+01   9.70143e-02   2.56963e-04   3.41567e-06   2.44071e-17   1.20709e-03   1.35119e-03   -1.81207e-07  
2.7384196e+05  1.72111e+01   1.91560e+01   1.89199e+01   9.68575e-02   2.59213e-04   3.46142e-06   2.44517e-17   1.21985e-03   1.36374e-03   -1.81386e-07  
2.8387360e+05  1.72337e+01   1.91641e+01   1.89336e+01   9.66905e-02   2.61382e-04   3.50869e-06   2.44949e-17   1.23328e-03   1.37686e-03   -1.81571e-07  
2.9427272e+05  1.72573e+01   1.91733e+01   1.89485e+01   9.65125e-02   2.63468e-04   3.55753e-06   2.45369e-17   1.24745e-03   1.39060e-03   -1.81764e-07  
3.0505279e+05  1.72819e+01   1.91836e+01   1.89646e+01   9.63229e-02   2.65468e-04   3.60801e-06   2.45777e-17   1.26243e-03   1.40501e-03   -1.81967e-07  
3.1622777e+05  1.73079e+01   1.91952e+01   1.89820e+01   9.61205e-02   2.67380e-04   3.66019e-06   2.46174e-17   1.27830e-03   1.42017e-03   -1.82181e-07  
3.2781212e+05  1.73350e+01   1.92079e+01   1.90008e+01   9.59045e-02   2.69204e-04   3.71411e-06   2.46560e-17   1.29514e-03   1.43612e-03   -1.82408e-07  
3.3982083e+05  1.73633e+01   1.92218e+01   1.90208e+01   9.56735e-02   2.70939e-04   3.76982e-06   2.46935e-17   1.31302e-03   1.45292e-03   -1.82650e-07  
3.5226947e+05  1.73926e+01   1.92369e+01   1.90419e+01   9.54264e-02   2.72584e-04   3.82737e-06   2.47300e-17   1.33198e-03   1.47063e-03   -1.82906e-07  
3.6517413e+05  1.74231e+01   1.92530e+01   1.90643e+01   9.51615e-02   2.74140e-04   3.88682e-06   2.47653e-17   1.35209e-03   1.48929e-03   -1.83177e-07  
3.7855152e+05  1.74545e+01   1.92702e+01   1.90878e+01   9.48773e-02   2.75607e-04   3.94820e-06   2.47996e-17   1.37336e-03   1.50894e-03   -1.83465e-07  
3.9241898e+05  1.74868e+01   1.92885e+01   1.91123e+01   9.45718e-02   2.76985e-04   4.01158e-06   2.48327e-17   1.39582e-03   1.52958e-03   -1.83768e-07  
4.0679443e+05  1.75201e+01   1.93078e+01   1.91379e+01   9.42430e-02   2.78278e-04   4.07699e-06   2.48647e-17   1.41945e-03   1.55121e-03   -1.84085e-07  
4.2169650e+05  1.75541e+01   1.93281e+01   1.91644e+01   9.38887e-02   2.79486e-04   4.14451e-06   2.48956e-17   1.44422e-03   1.57382e-03   -1.84416e-07  
4.3714448e+05  1.75888e+01   1.93494e+01   1.91918e+01   9.35062e-02   2.80612e-04   4.21417e-06   2.49253e-17   1.47006e-03   1.59734e-03   -1.84758e-07  
4.5315836e+05  1.76241e+01   1.93716e+01   1.92200e+01   9.30929e-02   2.81658e-04   4.28605e-06   2.49538e-17   1.49690e-03   1.62172e-03   -1.85111e-07  
4.6975888e+05  1.76599e+01   1.93948e+01   1.92490e+01   9.26458e-02   2.82629e-04   4.36022e-06   2.49813e-17   1.52461e-03   1.64684e-03   -1.85470e-07  
4.8696753e+05  1.76960e+01   1.94189e+01   1.92787e+01   9.21619e-02   2.83527e-04   4.43674e-06   2.50076e-17   1.55306e-03   1.67259e-03   -1.85834e-07  
5.0480657e+05  1.77322e+01   1.94437e+01   1.93089e+01   9.16379e-02   2.84356e-04   4.51568e-06   2.50327e-17   1.58208e-03   1.69882e-03   -1.86200e-07  
5.2329911e+05  1.77685e+01   1.94692e+01   1.93394e+01   9.10704e-02   2.85122e-04   4.59712e-06   2.50567e-17   1.61148e-03   1.72536e-03   -1.86565e-07  
5.4246909e+05  1.78046e+01   1.94952e+01   1.93703e+01   9.04561e-02   2.85827e-04   4.68111e-06   2.50795e-17   1.64107e-03   1.75204e-03   -1.86927e-07  
5.6234133e+05  1.78403e+01   1.95216e+01   1.94013e+01   8.97914e-02   2.86478e-04   4.76773e-06   2.51010e-17   1.67065e-03   1.77867e-03   -1.87282e-07  
5.8294153e+05  1.78753e+01   1.95480e+01   1.94319e+01   8.90731e-02   2.87079e-04   4.85702e-06   2.51213e-17   1.69999e-03   1.80505e-03   -1.87628e-07  
6.0429639e+05  1.79096e+01   1.95745e+01   1.94623e+01   8.82981e-02   2.87635e-04   4.94902e-06   2.51403e-17   1.72889e-03   1.83099e-03   -1.87964e-07  
6.2643354e+05  1.79432e+01   1.96009e+01   1.94923e+01   8.74634e-02   2.88152e-04   5.04378e-06   2.51581e-17   1.75715e-03   1.85632e-03   -1.88287e-07  
6.4938163e+05  1.79759e+01   1.96270e+01   1.95218e+01   8.65664e-02   2.88635e-04   5.14133e-06   2.51747e-17   1.78459e-03   1.88086e-03   -1.88596e-07  
6.7317038e+05  1.80072e+01   1.96522e+01   1.95500e+01   8.56051e-02   2.89090e-04   5.24167e-06   2.51898e-17   1.81101e-03   1.90445e-03   -1.88889e-07  
6.9783058e+05  1.80367e+01   1.96762e+01   1.95768e+01   8.45779e-02   2.89522e-04   5.34483e-06   2.52034e-17   1.83628e-03   1.92695e-03   -1.89165e-07  
7.2339416e+05  1.80645e+01   1.96988e+01   1.96019e+01   8.34839e-02   2.89938e-04   5.45082e-06   2.52154e-17   1.86026e-03   1.94826e-03   -1.89424e-07  
7.4989421e+05  1.80905e+01   1.97198e+01   1.96253e+01   8.23227e-02   2.90342e-04   5.55967e-06   2.52260e-17   1.88286e-03   1.96829e-03   -1.89664e-07  
7.7736503e+05  1.81145e+01   1.97390e+01   1.96466e+01   8.10948e-02   2.90740e-04   5.67140e-06   2.52350e-17   1.90400e-03   1.98698e-03   -1.89887e-07  
8.0584219e+05  1.81365e+01   1.97563e+01   1.96658e+01   7.98012e-02   2.91139e-04   5.78604e-06   2.52424e-17   1.92365e-03   2.00430e-03   -1.90090e-07  
8.3536255e+05  1.81566e+01   1.97715e+01   1.96829e+01   7.84436e-02   2.91542e-04   5.90365e-06   2.52484e-17   1.94180e-03   2.02026e-03   -1.90276e-07  
8.6596432e+05  1.81746e+01   1.97847e+01   1.96976e+01   7.70244e-02   2.91956e-04   6.02431e-06   2.52529e-17   1.95845e-03   2.03486e-03   -1.90444e-07  
8.9768713e+05  1.81906e+01   1.97956e+01   1.97101e+01   7.55465e-02   2.92386e-04   6.14809e-06   2.52559e-17   1.97365e-03   2.04816e-03   -1.90595e-07  
9.3057204e+05  1.82047e+01   1.98045e+01   1.97204e+01   7.40132e-02   2.92835e-04   6.27512e-06   2.52576e-17   1.98746e-03   2.06020e-03   -1.90729e-07  
9.6466162e+05  1.82172e+01   1.98116e+01   1.97288e+01   7.24283e-02   2.93310e-04   6.40554e-06   2.52581e-17   1.99995e-03   2.07107e-03   -1.90848e-07  
1.0000000e+06  1.82282e+01   1.98170e+01   1.97354e+01   7.07958e-02   2.93814e-04   6.53948e-06   2.52575e-17   2.01121e-03   2.08085e-03   -1.90954e-07  
1.0366329e+06  1.82380e+01   1.98208e+01   1.97405e+01   6.91199e-02   2.94352e-04   6.67715e-06   2.52559e-17   2.02134e-03   2.08963e-03   -1.91046e-07  
1.0746078e+06  1.82466e+01   1.98233e+01   1.97441e+01   6.74051e-02   2.94928e-04   6.81873e-06   2.52534e-17   2.03043e-03   2.09750e-03   -1.91126e-07  
1.1139739e+06  1.82542e+01   1.98246e+01   1.97465e+01   6.56556e-02   2.95546e-04   6.96444e-06   2.52500e-17   2.03858e-03   2.10456e-03   -1.91195e-07  
1.1547820e+06  1.82611e+01   1.98249e+01   1.97478e+01   6.38761e-02   2.96210e-04   7.11452e-06   2.52459e-17   2.04590e-03   2.11089e-03   -1.91255e-07  
1.1970850e+06  1.82673e+01   1.98243e+01   1.97482e+01   6.20709e-02   2.96923e-04   7.26921e-06   2.52412e-17   2.05247e-03   2.11658e-03   -1.91305e-07  
1.2409378e+06  1.82729e+01   1.98230e+01   1.97479e+01   6.02446e-02   2.97689e-04   7.42880e-06   2.52359e-17   2.05839e-03   2.12171e-03   -1.91348e-07  
1.2863969e+06  1.82781e+01   1.98211e+01   1.97469e+01   5.84015e-02   2.98512e-04   7.59354e-06   2.52300e-17   2.06373e-03   2.12634e-03   -1.91384e-07  
1.3335214e+06  1.82830e+01   1.98188e+01   1.97455e+01   5.65458e-02   2.99393e-04   7.76374e-06   2.52237e-17   2.06858e-03   2.13056e-03   -1.91414e-07  
1.3823722e+06  1.82877e+01   1.98161e+01   1.97438e+01   5.46820e-02   3.00338e-04   7.93969e-06   2.52170e-17   2.07299e-03   2.13442e-03   -1.91439e-07  
1.4330126e+06  1.82923e+01   1.98132e+01   1.97417e+01   5.28141e-02   3.01348e-04   8.12170e-06   2.52098e-17   2.07703e-03   2.13796e-03   -1.91459e-07  
1.4855080e+06  1.82967e+01   1.98101e+01   1.97395e+01   5.09462e-02   3.02427e-04   8.31011e-06   2.52023e-17   2.08074e-03   2.14123e-03   -1.91475e-07  
1.5399265e+06  1.83011e+01   1.98068e+01   1.97371e+01   4.90825e-02   3.03578e-04   8.50524e-06   2.51945e-17   2.08418e-03   2.14428e-03   -1.91487e-07  
1.5963385e+06  1.83054e+01   1.98034e+01   1.97345e+01   4.72268e-02   3.04803e-04   8.70743e-06   2.51863e-17   2.08737e-03   2.14712e-03   -1.91497e-07  
1.6548171e+06  1.83096e+01   1.98000e+01   1.97320e+01   4.53833e-02   3.06104e-04   8.91705e-06   2.51778e-17   2.09034e-03   2.14979e-03   -1.91503e-07  
1.7154379e+06  1.83139e+01   1.97966e+01   1.97294e+01   4.35556e-02   3.07486e-04   9.13445e-06   2.51689e-17   2.09313e-03   2.15231e-03   -1.91507e-07  
1.7782794e+06  1.83182e+01   1.97932e+01   1.97268e+01   4.17477e-02   3.08949e-04   9.36001e-06   2.51598e-17   2.09576e-03   2.15470e-03   -1.91509e-07  
1.8434230e+06  1.83225e+01   1.97899e+01   1.97242e+01   3.99633e-02   3.10496e-04   9.59413e-06   2.51503e-17   2.09823e-03   2.15697e-03   -1.91509e-07  
1.9109530e+06  1.83269e+01   1.97867e+01   1.97218e+01   3.82060e-02   3.12129e-04   9.83722e-06   2.51406e-17   2.10058e-03   2.15913e-03   -1.91507e-07  
1.9809568e+06  1.83314e+01   1.97838e+01   1.97197e+01   3.64794e-02   3.13850e-04   1.00897e-05   2.51306e-17   2.10280e-03   2.16120e-03   -1.91504e-07  
2.0535250e+06  1.83361e+01   1.97810e+01   1.97176e+01   3.47869e-02   3.15661e-04   1.03520e-05   2.51204e-17   2.10491e-03   2.16318e-03   -1.91500e-07  
2.1287517e+06  1.83408e+01   1.97784e+01   1.97158e+01   3.31319e-02   3.17563e-04   1.06246e-05   2.51098e-17   2.10691e-03   2.16509e-03   -1.91494e-07  
2.2067341e+06  1.83456e+01   1.97761e+01   1.97142e+01   3.15176e-02   3.19558e-04   1.09079e-05   2.50991e-17   2.10882e-03   2.16691e-03   -1.91487e-07  
2.2875732e+06  1.83506e+01   1.97740e+01   1.97128e+01   2.99469e-02   3.21646e-04   1.12026e-05   2.50880e-17   2.11064e-03   2.16867e-03   -1.91479e-07  
2.3713737e+06  1.83556e+01   1.97722e+01   1.97116e+01   2.84227e-02   3.23828e-04   1.15089e-05   2.50768e-17   2.11238e-03   2.17037e-03   -1.91470e-07  
2.4582441e+06  1.83608e+01   1.97707e+01   1.97108e+01   2.69476e-02   3.26104e-04   1.18276e-05   2.50653e-17   2.11405e-03   2.17201e-03   -1.91461e-07  
2.5482967e+06  1.83663e+01   1.97697e+01   1.97104e+01   2.55239e-02   3.28474e-04   1.21592e-05   2.50538e-17   2.11566e-03   2.17362e-03   -1.91450e-07  
2.6416483e+06  1.83722e+01   1.97693e+01   1.97106e+01   2.41538e-02   3.30938e-04   1.25043e-05   2.50422e-17   2.11723e-03   2.17520e-03   -1.91440e-07  
2.7384196e+06  1.83783e+01   1.97693e+01   1.97112e+01   2.28391e-02   3.33493e-04   1.28633e-05   2.50306e-17   2.11878e-03   2.17676e-03   -1.91429e-07  
2.8387360e+06  1.83847e+01   1.97699e+01   1.97124e+01   2.15812e-02   3.36138e-04   1.32371e-05   2.50191e-17   2.12034e-03   2.17835e-03   -1.91418e-07  
2.9427272e+06  1.83916e+01   1.97711e+01   1.97141e+01   2.03813e-02   3.38870e-04   1.36263e-05   2.50082e-17   2.12196e-03   2.18001e-03   -1.91408e-07  
3.0505279e+06  1.83990e+01   1.97731e+01   1.97167e+01   1.92400e-02   3.41686e-04   1.40314e-05   2.49988e-17   2.12380e-03   2.18188e-03   -1.91398e-07  
3.1622777e+06  1.84078e+01   1.97765e+01   1.97207e+01   1.81571e-02   3.44585e-04   1.44532e-05   2.49940e-17   2.12631e-03   2.18439e-03   -1.91393e-07  
3.2781212e+06  1.84209e+01   1.97841e+01   1.97290e+01   1.71295e-02   3.47575e-04   1.48921e-05   2.50122e-17   2.13187e-03   2.18971e-03   -1.91407e-07  
3.3982083e+06  1.84634e+01   1.98181e+01   1.97650e+01   1.61354e-02   3.50775e-04   1.53472e-05   2.51708e-17   2.15883e-03   2.21480e-03   -1.91547e-07  
3.5226947e+06  1.85951e+01   1.99364e+01   1.98871e+01   1.50829e-02   3.54177e-04   1.58100e-05   2.53309e-17   2.22949e-03   2.27932e-03   -1.91993e-07  
3.6517413e+06  1.87304e+01   2.00572e+01   2.00110e+01   1.39276e-02   3.57361e-04   1.62696e-05   2.54193e-17   2.29816e-03   2.34202e-03   -1.92439e-07  
3.7855152e+06  1.88309e+01   2.01442e+01   2.01002e+01   1.27302e-02   3.60340e-04   1.67249e-05   2.54795e-17   2.35074e-03   2.39019e-03   -1.92754e-07  
3.9241898e+06  1.89054e+01   2.02062e+01   2.01640e+01   1.15594e-02   3.63161e-04   1.71786e-05   2.55220e-17   2.39026e-03   2.42657e-03   -1.92968e-07  
4.0679443e+06  1.89651e+01   2.02543e+01   2.02135e+01   1.04637e-02   3.65851e-04   1.76342e-05   2.55546e-17   2.42100e-03   2.45506e-03   -1.93118e-07  
4.2169650e+06  1.90171e+01   2.02959e+01   2.02562e+01   9.47079e-03   3.68423e-04   1.80947e-05   2.55820e-17   2.44649e-03   2.47884e-03   -1.93231e-07  
4.3714448e+06  1.90661e+01   2.03351e+01   2.02965e+01   8.59255e-03   3.70882e-04   1.85620e-05   2.56070e-17   2.46910e-03   2.50006e-03   -1.93323e-07  
4.5315836e+06  1.91145e+01   2.03744e+01   2.03368e+01   7.83050e-03   3.73231e-04   1.90372e-05   2.56311e-17   2.49030e-03   2.52005e-03   -1.93404e-07  
4.6975888e+06  1.91631e+01   2.04146e+01   2.03779e+01   7.18003e-03   3.75472e-04   1.95208e-05   2.56548e-17   2.51088e-03   2.53952e-03   -1.93479e-07  
4.8696753e+06  1.92127e+01   2.04564e+01   2.04205e+01   6.63313e-03   3.77604e-04   2.00130e-05   2.56786e-17   2.53124e-03   2.55883e-03   -1.93552e-07  
5.0480657e+06  1.92631e+01   2.04996e+01   2.04644e+01   6.17985e-03   3.79628e-04   2.05137e-05   2.57024e-17   2.55157e-03   2.57814e-03   -1.93622e-07  
5.2329911e+06  1.93147e+01   2.05443e+01   2.05099e+01   5.80912e-03   3.81545e-04   2.10226e-05   2.57265e-17   2.57193e-03   2.59750e-03   -1.93691e-07  
5.4246909e+06  1.93670e+01   2.05902e+01   2.05565e+01   5.50973e-03   3.83353e-04   2.15396e-05   2.57505e-17   2.59230e-03   2.61692e-03   -1.93758e-07  
5.6234133e+06  1.94197e+01   2.06369e+01   2.06038e+01   5.27069e-03   3.85056e-04   2.20643e-05   2.57745e-17   2.61265e-03   2.63634e-03   -1.93824e-07  
5.8294153e+06  1.94730e+01   2.06845e+01   2.06520e+01   5.08172e-03   3.86655e-04   2.25965e-05   2.57985e-17   2.63295e-03   2.65573e-03   -1.93887e-07  
6.0429639e+06  1.95259e+01   2.07320e+01   2.07001e+01   4.93351e-03   3.88150e-04   2.31358e-05   2.58221e-17   2.65312e-03   2.67503e-03   -1.93949e-07  
6.2643354e+06  1.95792e+01   2.07801e+01   2.07487e+01   4.81788e-03   3.89545e-04   2.36821e-05   2.58456e-17   2.67314e-03   2.69422e-03   -1.94008e-07  
6.4938163e+06  1.96312e+01   2.08271e+01   2.07962e+01   4.72782e-03   3.90842e-04   2.42350e-05   2.58684e-17   2.69293e-03   2.71319e-03   -1.94064e-07  
6.7317038e+06  1.96832e+01   2.08742e+01   2.08438e+01   4.65766e-03   3.92044e-04   2.47944e-05   2.58909e-17   2.71248e-03   2.73196e-03   -1.94119e-07  
6.9783058e+06  1.97331e+01   2.09194e+01   2.08896e+01   4.60267e-03   3.93154e-04   2.53599e-05   2.59125e-17   2.73169e-03   2.75042e-03   -1.94170e-07  
7.2339416e+06  1.97825e+01   2.09642e+01   2.09348e+01   4.55931e-03   3.94175e-04   2.59314e-05   2.59336e-17   2.75060e-03   2.76861e-03   -1.94219e-07  
7.4989421e+06  1.98295e+01   2.10067e+01   2.09778e+01   4.52475e-03   3.95111e-04   2.65086e-05   2.59536e-17   2.76907e-03   2.78639e-03   -1.94261e-07  
7.7736503e+06  1.98749e+01   2.10478e+01   2.10192e+01   4.49698e-03   3.95966e-04   2.70914e-05   2.59728e-17   2.78693e-03   2.80358e-03   -1.94287e-07  
8.0584219e+06  1.99181e+01   2.10868e+01   2.10586e+01   4.47456e-03   3.96742e-04   2.76795e-05   2.59910e-17   2.80436e-03   2.82037e-03   -1.94320e-07  
8.3536255e+06  1.99585e+01   2.11231e+01   2.10954e+01   4.45586e-03   3.97445e-04   2.82729e-05   2.60080e-17   2.82133e-03   2.83672e-03   -1.94350e-07  
8.6596432e+06  1.99976e+01   2.11582e+01   2.11308e+01   4.44014e-03   3.98078e-04   2.88712e-05   2.60243e-17   2.83790e-03   2.85270e-03   -1.94378e-07  
8.9768713e+06  2.00337e+01   2.11905e+01   2.11634e+01   4.42661e-03   3.98645e-04   2.94745e-05   2.60394e-17   2.85402e-03   2.86824e-03   -1.94403e-07  
9.3057204e+06  2.00673e+01   2.12202e+01   2.11935e+01   4.41434e-03   3.99149e-04   3.00824e-05   2.60534e-17   2.86968e-03   2.88336e-03   -1.94426e-07  
9.6466162e+06  2.00993e+01   2.12485e+01   2.12222e+01   4.40338e-03   3.99595e-04   3.06948e-05   2.60668e-17   2.88498e-03   2.89813e-03   -1.94447e-07  
1.0000000e+07  2.01285e+01   2.12741e+01   2.12481e+01   4.39314e-03   3.99986e-04   3.13114e-05   2.60789e-17   2.89985e-03   2.91249e-03   -1.94466e-07  
1.0366329e+07  2.01551e+01   2.12972e+01   2.12715e+01   4.38308e-03   4.00327e-04   3.19321e-05   2.60900e-17   2.91430e-03   2.92645e-03   -1.94484e-07  
1.0746078e+07  2.01800e+01   2.13187e+01   2.12933e+01   4.37317e-03   4.00620e-04   3.25567e-05   2.61005e-17   2.92841e-03   2.94008e-03   -1.94500e-07  
1.1139739e+07  2.02031e+01   2.13385e+01   2.13134e+01   4.36359e-03   4.00868e-04   3.31848e-05   2.61102e-17   2.94219e-03   2.95339e-03   -1.94514e-07  
1.1547820e+07  2.02242e+01   2.13563e+01   2.13314e+01   4.35393e-03   4.01077e-04   3.38163e-05   2.61190e-17   2.95562e-03   2.96638e-03   -1.94527e-07  
1.1970850e+07  2.02433e+01   2.13723e+01   2.13477e+01   4.34404e-03   4.01247e-04   3.44507e-05   2.61272e-17   2.96874e-03   2.97907e-03   -1.94538e-07  
1.2409378e+07  2.02609e+01   2.13867e+01   2.13623e+01   4.33389e-03   4.01382e-04   3.50878e-05   2.61347e-17   2.98157e-03   2.99148e-03   -1.94548e-07  
1.2863969e+07  2.02772e+01   2.13999e+01   2.13759e+01   4.32366e-03   4.01486e-04   3.57272e-05   2.61417e-17   2.99416e-03   3.00366e-03   -1.94557e-07  
1.3335214e+07  2.02925e+01   2.14123e+01   2.13885e+01   4.31351e-03   4.01559e-04   3.63686e-05   2.61483e-17   3.00651e-03   3.01562e-03   -1.94565e-07  
1.3823722e+07  2.03068e+01   2.14235e+01   2.14000e+01   4.30339e-03   4.01606e-04   3.70114e-05   2.61545e-17   3.01864e-03   3.02736e-03   -1.94572e-07  
1.4330126e+07  2.03199e+01   2.14338e+01   2.14104e+01   4.29319e-03   4.01628e-04   3.76553e-05   2.61603e-17   3.03055e-03   3.03891e-03   -1.94578e-07  
1.4855080e+07  2.03322e+01   2.14432e+01   2.14201e+01   4.28295e-03   4.01627e-04   3.82998e-05   2.61658e-17   3.04226e-03   3.05026e-03   -1.94583e-07  
1.5399265e+07  2.03437e+01   2.14519e+01   2.14290e+01   4.27275e-03   4.01605e-04   3.89444e-05   2.61709e-17   3.05379e-03   3.06144e-03   -1.94587e-07  
1.5963385e+07  2.03547e+01   2.14601e+01   2.14374e+01   4.26268e-03   4.01564e-04   3.95885e-05   2.61759e-17   3.06514e-03   3.07245e-03   -1.94591e-07  
1.6548171e+07  2.03652e+01   2.14679e+01   2.14455e+01   4.25293e-03   4.01505e-04   4.02317e-05   2.61808e-17   3.07634e-03   3.08332e-03   -1.94593e-07  
1.7154379e+07  2.03754e+01   2.14754e+01   2.14532e+01   4.24345e-03   4.01430e-04   4.08732e-05   2.61855e-17   3.08737e-03   3.09404e-03   -1.94595e-07  
1.7782794e+07  2.03854e+01   2.14827e+01   2.14607e+01   4.23432e-03   4.01340e-04   4.15126e-05   2.61902e-17   3.09825e-03   3.10462e-03   -1.94597e-07  
1.8434230e+07  2.03953e+01   2.14900e+01   2.14682e+01   4.22570e-03   4.01237e-04   4.21492e-05   2.61948e-17   3.10899e-03   3.11507e-03   -1.94598e-07  
1.9109530e+07  2.04050e+01   2.14971e+01   2.14754e+01   4.21750e-03   4.01120e-04   4.27824e-05   2.61994e-17   3.11958e-03   3.12537e-03   -1.94598e-07  
1.9809568e+07  2.04145e+01   2.15041e+01   2.14826e+01   4.20973e-03   4.00991e-04   4.34114e-05   2.62040e-17   3.13000e-03   3.13552e-03   -1.94598e-07  
2.0535250e+07  2.04240e+01   2.15110e+01   2.14897e+01   4.20241e-03   4.00852e-04   4.40358e-05   2.62086e-17   3.14027e-03   3.14553e-03   -1.94597e-07  
2.1287517e+07  2.04334e+01   2.15179e+01   2.14968e+01   4.19558e-03   4.00702e-04   4.46547e-05   2.62131e-17   3.15037e-03   3.15538e-03   -1.94595e-07  
2.2067341e+07  2.04429e+01   2.15250e+01   2.15040e+01   4.18932e-03   4.00543e-04   4.52676e-05   2.62178e-17   3.16031e-03   3.16508e-03   -1.94594e-07  
2.2875732e+07  2.04524e+01   2.15321e+01   2.15113e+01   4.18364e-03   4.00374e-04   4.58738e-05   2.62224e-17   3.17008e-03   3.17462e-03   -1.94591e-07  
2.3713737e+07  2.04621e+01   2.15394e+01   2.15188e+01   4.17862e-03   4.00198e-04   4.64726e-05   2.62272e-17   3.17968e-03   3.18400e-03   -1.94589e-07  
2.4582441e+07  2.04718e+01   2.15468e+01   2.15264e+01   4.17418e-03   4.00014e-04   4.70633e-05   2.62319e-17   3.18909e-03   3.19320e-03   -1.94586e-07  
2.5482967e+07  2.04816e+01   2.15543e+01   2.15341e+01   4.17036e-03   3.99822e-04   4.76453e-05   2.62368e-17   3.19831e-03   3.20223e-03   -1.94583e-07  
2.6416483e+07  2.04915e+01   2.15620e+01   2.15419e+01   4.16712e-03   3.99625e-04   4.82179e-05   2.62417e-17   3.20734e-03   3.21106e-03   -1.94579e-07  
2.7384196e+07  2.05014e+01   2.15697e+01   2.15497e+01   4.16443e-03   3.99421e-04   4.87805e-05   2.62466e-17   3.21615e-03   3.21969e-03   -1.94576e-07  
2.8387360e+07  2.05115e+01   2.15777e+01   2.15578e+01   4.16239e-03   3.99213e-04   4.93326e-05   2.62516e-17   3.22476e-03   3.22813e-03   -1.94572e-07  
2.9427272e+07  2.05216e+01   2.15857e+01   2.15660e+01   4.16095e-03   3.99000e-04   4.98734e-05   2.62567e-17   3.23314e-03   3.23635e-03   -1.94568e-07  
3.0505279e+07  2.05318e+01   2.15938e+01   2.15743e+01   4.16001e-03   3.98783e-04   5.04025e-05   2.62617e-17   3.24129e-03   3.24435e-03   -1.94564e-07  
3.1622777e+07  2.05419e+01   2.16020e+01   2.15826e+01   4.15954e-03   3.98563e-04   5.09193e-05   2.62668e-17   3.24921e-03   3.25212e-03   -1.94559e-07  
3.2781212e+07  2.05519e+01   2.16101e+01   2.15908e+01   4.15952e-03   3.98340e-04   5.14234e-05   2.62718e-17   3.25688e-03   3.25965e-03   -1.94555e-07  
3.3982083e+07  2.05620e+01   2.16183e+01   2.15991e+01   4.15994e-03   3.98116e-04   5.19141e-05   2.62768e-17   3.26430e-03   3.26694e-03   -1.94550e-07  
3.5226947e+07  2.05719e+01   2.16265e+01   2.16074e+01   4.16076e-03   3.97891e-04   5.23912e-05   2.62818e-17   3.27146e-03   3.27399e-03   -1.94546e-07  
3.6517413e+07  2.05818e+01   2.16347e+01   2.16157e+01   4.16204e-03   3.97666e-04   5.28541e-05   2.62868e-17   3.27838e-03   3.28079e-03   -1.94541e-07  
3.7855152e+07  2.05916e+01   2.16428e+01   2.16240e+01   4.16366e-03   3.97441e-04   5.33026e-05   2.62917e-17   3.28503e-03   3.28734e-03   -1.94537e-07  
3.9241898e+07  2.06013e+01   2.16509e+01   2.16321e+01   4.16558e-03   3.97218e-04   5.37363e-05   2.62966e-17   3.29142e-03   3.29363e-03   -1.94533e-07  
4.0679443e+07  2.06108e+01   2.16588e+01   2.16402e+01   4.16777e-03   3.96998e-04   5.41549e-05   2.63013e-17   3.29755e-03   3.29966e-03   -1.94528e-07  
4.2169650e+07  2.06201e+01   2.16667e+01   2.16481e+01   4.17019e-03   3.96780e-04   5.45582e-05   2.63060e-17   3.30341e-03   3.30543e-03   -1.94524e-07  
4.3714448e+07  2.06292e+01   2.16744e+01   2.16559e+01   4.17283e-03   3.96567e-04   5.49460e-05   2.63105e-17   3.30900e-03   3.31095e-03   -1.94520e-07  
4.5315836e+07  2.06381e+01   2.16820e+01   2.16636e+01   4.17574e-03   3.96358e-04   5.53182e-05   2.63150e-17   3.31433e-03   3.31621e-03   -1.94516e-07  
4.6975888e+07  2.06468e+01   2.16894e+01   2.16711e+01   4.17880e-03   3.96155e-04   5.56746e-05   2.63193e-17   3.31941e-03   3.32121e-03   -1.94513e-07  
4.8696753e+07  2.06554e+01   2.16968e+01   2.16786e+01   4.18214e-03   3.95958e-04   5.60153e-05   2.63236e-17   3.32423e-03   3.32597e-03   -1.94509e-07  
5.0480657e+07  2.06638e+01   2.17040e+01   2.16858e+01   4.18559e-03   3.95767e-04   5.63402e-05   2.63277e-17   3.32879e-03   3.33048e-03   -1.94506e-07  
5.2329911e+07  2.06718e+01   2.17110e+01   2.16929e+01   4.18908e-03   3.95585e-04   5.66493e-05   2.63317e-17   3.33310e-03   3.33473e-03   -1.94503e-07  
5.4246909e+07  2.06795e+01   2.17177e+01   2.16996e+01   4.19256e-03   3.95410e-04   5.69429e-05   2.63354e-17   3.33716e-03   3.33874e-03   -1.94500e-07  
5.6234133e+07  2.06869e+01   2.17241e+01   2.17060e+01   4.19601e-03   3.95243e-04   5.72209e-05   2.63390e-17   3.34097e-03   3.34250e-03   -1.94497e-07  
5.8294153e+07  2.06939e+01   2.17302e+01   2.17122e+01   4.19940e-03   3.95085e-04   5.74838e-05   2.63424e-17   3.34454e-03   3.34602e-03   -1.94495e-07  
6.0429639e+07  2.07005e+01   2.17360e+01   2.17180e+01   4.20271e-03   3.94937e-04   5.77316e-05   2.63456e-17   3.34786e-03   3.34931e-03   -1.94492e-07  
6.2643354e+07  2.07068e+01   2.17414e+01   2.17235e+01   4.20592e-03   3.94798e-04   5.79648e-05   2.63485e-17   3.35096e-03   3.35237e-03   -1.94490e-07  
6.4938163e+07  2.07127e+01   2.17466e+01   2.17288e+01   4.20904e-03   3.94668e-04   5.81836e-05   2.63513e-17   3.35384e-03   3.35522e-03   -1.94488e-07  
6.7317038e+07  2.07182e+01   2.17515e+01   2.17337e+01   4.21205e-03   3.94548e-04   5.83885e-05   2.63539e-17   3.35650e-03   3.35785e-03   -1.94486e-07  
6.9783058e+07  2.07234e+01   2.17561e+01   2.17383e+01   4.21492e-03   3.94438e-04   5.85798e-05   2.63563e-17   3.35896e-03   3.36028e-03   -1.94484e-07  
7.2339416e+07  2.07282e+01   2.17603e+01   2.17425e+01   4.21762e-03   3.94338e-04   5.87581e-05   2.63585e-17   3.36121e-03   3.36250e-03   -1.94483e-07  
7.4989421e+07  2.07327e+01   2.17642e+01   2.17465e+01   4.22015e-03   3.94247e-04   5.89239e-05   2.63605e-17   3.36327e-03   3.36454e-03   -1.94482e-07  
7.7736503e+07  2.07367e+01   2.17678e+01   2.17501e+01   4.22252e-03   3.94166e-04   5.90777e-05   2.63623e-17   3.36514e-03   3.36640e-03   -1.94480e-07  
8.0584219e+07  2.07405e+01   2.17711e+01   2.17534e+01   4.22471e-03   3.94094e-04   5.92201e-05   2.63639e-17   3.36684e-03   3.36808e-03   -1.94479e-07  
8.3536255e+07  2.07439e+01   2.17741e+01   2.17565e+01   4.22673e-03   3.94031e-04   5.93516e-05   2.63653e-17   3.36838e-03   3.36960e-03   -1.94478e-07  
8.6596432e+07  2.07470e+01   2.17769e+01   2.17592e+01   4.22858e-03   3.93977e-04   5.94729e-05   2.63665e-17   3.36976e-03   3.37096e-03   -1.94478e-07  
8.9768713e+07  2.07497e+01   2.17793e+01   2.17617e+01   4.23027e-03   3.93931e-04   5.95845e-05   2.63676e-17   3.37099e-03   3.37219e-03   -1.94477e-07  
9.3057204e+07  2.07522e+01   2.17816e+01   2.17639e+01   4.23179e-03   3.93892e-04   5.96872e-05   2.63685e-17   3.37209e-03   3.37327e-03   -1.94476e-07  
9.6466162e+07  2.07544e+01   2.17835e+01   2.17659e+01   4.23316e-03   3.93861e-04   5.97815e-05   2.63693e-17   3.37306e-03   3.37423e-03   -1.94476e-07  
1.0000000e+08  2.07564e+01   2.17853e+01   2.17677e+01   4.23439e-03   3.93838e-04   5.98681e-05   2.63699e-17   3.37391e-03   3.37508e-03   -1.94475e-07  
