! three parameters are given: shock speed (cm/s), turbulent velocity (cm/s), number of specimen levels: 
2.0000e+06   3.0000e+04   5
!depth(cm)        gas_temp(K)  el_temp      dust_temp(K) gasvel(cm/s) concHe(cm-3) conc_pH2     conc_oH2     conc_H       conc_e       conc_H_nucl  conc_mol     1            2            3            4            5            
1.2279260878e+13  2.2992e+01   2.5306e+01   1.0033e+01   2.0000e+06   1.8000e+04   8.8625e+04   1.1248e+04   4.3051e+01   2.7968e-02   2.0000e+05   3.7986e-02   3.7986e-02   1.5373e-07   2.4935e-09   0.0000e+00   0.0000e+00   
2.5481643855e+13  2.2993e+01   2.5306e+01   1.0033e+01   2.0000e+06   1.8000e+04   8.8625e+04   1.1248e+04   4.3051e+01   2.7986e-02   2.0000e+05   3.7986e-02   3.7986e-02   1.5373e-07   2.4936e-09   0.0000e+00   0.0000e+00   
5.4223425206e+13  2.2993e+01   2.5307e+01   1.0033e+01   2.0000e+06   1.8000e+04   8.8626e+04   1.1248e+04   4.3051e+01   2.8019e-02   2.0000e+05   3.7986e-02   3.7986e-02   1.5374e-07   2.4938e-09   0.0000e+00   0.0000e+00   
1.1435702390e+14  2.2993e+01   2.5310e+01   1.0033e+01   2.0000e+06   1.8000e+04   8.8626e+04   1.1248e+04   4.3051e+01   2.8074e-02   2.0000e+05   3.7986e-02   3.7986e-02   1.5376e-07   2.4943e-09   0.0000e+00   0.0000e+00   
2.4546362329e+14  2.2994e+01   2.5329e+01   1.0033e+01   2.0000e+06   1.8000e+04   8.8627e+04   1.1247e+04   4.3051e+01   2.8153e-02   2.0000e+05   3.7985e-02   3.7985e-02   1.5283e-07   2.4955e-09   0.0000e+00   0.0000e+00   
5.2544993140e+14  2.2997e+01   2.5498e+01   1.0034e+01   2.0000e+06   1.8000e+04   8.8629e+04   1.1246e+04   4.3051e+01   2.8257e-02   2.0000e+05   3.7984e-02   3.7983e-02   1.5048e-07   2.5000e-09   0.0000e+00   0.0000e+00   
8.4933524368e+14  2.3010e+01   2.6728e+01   1.0039e+01   1.9999e+06   1.8001e+04   8.8634e+04   1.1245e+04   4.3052e+01   2.8483e-02   2.0001e+05   3.7981e-02   3.7980e-02   1.4486e-07   2.5212e-09   0.0000e+00   0.0000e+00   
1.1246667088e+15  2.3073e+01   3.2780e+01   1.0068e+01   1.9997e+06   1.8002e+04   8.8642e+04   1.1245e+04   4.3053e+01   2.9215e-02   2.0003e+05   3.7972e-02   3.7972e-02   1.4062e-07   2.6215e-09   0.0000e+00   0.0000e+00   
1.2310691302e+15  2.3148e+01   3.9570e+01   1.0106e+01   1.9996e+06   1.8003e+04   8.8648e+04   1.1245e+04   4.3053e+01   2.9875e-02   2.0004e+05   3.7965e-02   3.7965e-02   1.3826e-07   2.7444e-09   0.0000e+00   0.0000e+00   
1.2854518112e+15  2.3213e+01   4.5250e+01   1.0141e+01   1.9995e+06   1.8004e+04   8.8651e+04   1.1245e+04   4.3053e+01   3.0353e-02   2.0005e+05   3.7960e-02   3.7960e-02   1.3791e-07   2.8571e-09   0.0000e+00   0.0000e+00   