! three parameters are given: shock speed (cm/s), turbulent velocity (cm/s), number of specimen levels: 
2.0000e+06    2.0000e+04    5
!depth(cm)        gas_temp(K)   el_temp       dust_temp(K)  gas_vel(cm/s) conc_He(cm-3) conc_pH2      conc_oH2      conc_H        conc_e        conc_H_nucl   conc_mol      1           2           3           4           5           
3.8131692102e+13  1.70051e+01   1.83325e+01   9.26213e+00   2.00000e+06   1.80000e+03   4.99630e+03   4.99630e+03   4.26113e+00   1.79428e-03   2.00000e+04   5.50819e-02   5.5082e-02  1.4168e-09  3.8395e-12  0.0000e+00  0.0000e+00  
1.1508504863e+14  1.70051e+01   1.83326e+01   9.26213e+00   2.00000e+06   1.80000e+03   4.99630e+03   4.99630e+03   4.26113e+00   1.79428e-03   2.00000e+04   5.50816e-02   5.5082e-02  1.4168e-09  3.8395e-12  0.0000e+00  0.0000e+00  
2.7083117805e+14  1.70051e+01   1.83326e+01   9.26213e+00   2.00000e+06   1.80000e+03   4.99630e+03   4.99630e+03   4.26113e+00   1.79428e-03   2.00000e+04   5.50810e-02   5.5081e-02  1.4167e-09  3.8395e-12  0.0000e+00  0.0000e+00  
6.2264058725e+14  1.70051e+01   1.83326e+01   9.26213e+00   2.00000e+06   1.80000e+03   4.99630e+03   4.99630e+03   4.26113e+00   1.79430e-03   2.00000e+04   5.50796e-02   5.5080e-02  1.4167e-09  3.8394e-12  0.0000e+00  0.0000e+00  
1.4152481868e+15  1.70051e+01   1.83328e+01   9.26213e+00   2.00000e+06   1.80000e+03   4.99630e+03   4.99630e+03   4.26113e+00   1.79432e-03   2.00000e+04   5.50764e-02   5.5076e-02  1.4166e-09  3.8392e-12  0.0000e+00  0.0000e+00  
3.0231244039e+15  1.70051e+01   1.83333e+01   9.26213e+00   2.00000e+06   1.80000e+03   4.99631e+03   4.99631e+03   4.26114e+00   1.79436e-03   2.00000e+04   5.50700e-02   5.5070e-02  1.4163e-09  3.8389e-12  0.0000e+00  0.0000e+00  
6.5636301628e+15  1.70052e+01   1.83361e+01   9.26213e+00   2.00000e+06   1.80000e+03   4.99631e+03   4.99631e+03   4.26114e+00   1.79453e-03   2.00000e+04   5.50559e-02   5.5056e-02  1.4158e-09  3.8383e-12  0.0000e+00  0.0000e+00  
1.4126699280e+16  1.70060e+01   1.83915e+01   9.26216e+00   1.99998e+06   1.80002e+03   4.99636e+03   4.99636e+03   4.26117e+00   1.79644e-03   2.00002e+04   5.50259e-02   5.5026e-02  1.4154e-09  3.8397e-12  0.0000e+00  0.0000e+00  
2.2909411646e+16  1.70213e+01   1.97771e+01   9.26303e+00   1.99987e+06   1.80012e+03   4.99662e+03   4.99662e+03   4.26124e+00   1.82982e-03   2.00013e+04   5.49862e-02   5.4986e-02  1.4306e-09  3.9047e-12  0.0000e+00  0.0000e+00  